114207.6 95990.5 226.4 19.3 20.3 26.0 
102559.7 103461.6 247.6 18.6 21.8 27.2 
102991.9 105171.9 252.3 18.2 22.0 27.2 
108463.4 101562.6 229.4 19.1 20.9 26.2 
108035.5 99085.3 228.4 19.4 20.6 26.4 
103197.5 108642.9 238.1 18.0 21.3 27.6 
100852.7 110854.4 236.7 18.6 21.3 27.4 
101011.9 108231.5 247.2 17.5 21.7 27.6 
110561.2 101988.2 215.9 18.7 19.9 26.8 
108757.5 102889.9 243.6 18.2 20.5 26.5 
102587.4 102117.1 234.4 18.4 20.6 26.8 
110213.1 100004.9 223.1 19.5 20.7 26.7 
103537.4 99576.9 237.4 17.4 21.3 26.6 
110892.8 99326.3 227.0 19.1 20.8 26.0 
112541.3 98928.7 221.1 19.4 20.1 26.5 
104670.1 103001.2 229.3 19.2 20.9 26.4 

103155.1 94168.7 202.8 18.2 19.1 25.4 
97742.6 98657.4 194.6 17.8 18.1 25.9 
101864.9 93506.2 203.7 18.5 18.6 25.7 
103494.4 92784.4 197.5 17.2 17.8 25.8 
98946.0 100145.6 188.5 17.3 17.7 26.1 
106353.3 93383.9 195.3 19.0 18.8 25.4 
100926.1 97086.0 193.7 18.0 18.0 25.7 
95762.6 101716.9 189.4 17.1 17.8 26.3 
104747.3 90147.4 206.9 18.2 17.6 25.1 
101093.2 93954.9 200.4 17.4 18.0 25.7 
101697.7 96637.3 197.0 19.1 18.6 25.7 
100129.0 96700.2 198.4 17.0 18.1 25.9 
99961.8 99831.3 191.6 17.7 18.1 26.0 
106109.2 93249.5 195.5 19.8 19.0 25.4 

122165.3 104706.5 272.8 22.3 21.6 31.0 
122457.6 104802.4 271.8 22.4 20.8 31.2 
120953.5 106017.0 263.6 21.8 21.4 31.3 
119766.2 110764.8 240.7 21.5 22.7 32.9 
121300.2 110487.1 258.3 21.7 21.0 31.8 
119499.4 108166.2 263.0 21.5 21.3 31.3 
124690.0 101345.6 267.9 22.4 20.8 31.3 

102831.2 86366.3 217.2 18.6 17.7 25.0 
100851.2 89425.9 212.0 17.9 17.4 25.4 
99432.3 95358.9 208.8 17.3 17.5 25.3 
100746.8 90884.9 206.5 17.6 17.5 25.4 
100808.1 91988.3 200.9 17.9 17.4 25.8 
98004.0 90375.2 213.1 16.9 17.3 26.1 
103937.5 90830.0 197.4 18.3 16.9 25.7 
104658.3 87632.6 211.7 17.8 17.4 25.4 
100843.6 90155.7 210.5 17.8 17.1 25.8 
104216.6 85510.0 211.2 18.1 17.2 25.3 
100268.9 93408.6 213.4 17.2 17.8 25.9 
102821.0 90025.1 204.8 18.3 16.8 25.7 
103795.7 91782.2 209.7 17.2 17.9 25.0 
106638.4 84573.0 216.9 18.4 17.7 25.1 
97264.3 91596.3 212.4 17.2 16.6 25.9 
102777.9 92587.5 193.7 18.3 16.7 26.2 
100172.1 94137.8 209.5 17.1 18.2 25.5 

118829.9 117897.6 262.6 20.9 20.1 29.2 
119161.2 117097.0 246.3 21.5 20.5 29.3 
120560.9 117341.5 249.0 21.9 20.0 29.2 
120304.2 115412.9 259.6 21.7 20.6 28.9 
116588.0 116607.6 245.8 21.2 21.1 29.5 
116503.8 116338.2 248.5 21.8 19.8 29.5 
120568.8 116833.2 245.2 22.3 19.6 29.0 
119196.7 115264.3 255.9 21.4 20.3 29.2 
118557.8 117206.8 238.6 21.6 20.4 29.8 
121131.0 117696.2 239.1 21.9 19.8 29.6 
119169.1 116588.8 242.5 21.9 20.1 29.1 
122272.0 113733.7 217.2 21.0 20.4 30.3 
120872.9 116135.9 238.1 22.0 19.8 30.0 

102802.7 112379.0 236.8 17.6 21.7 27.3 
111723.9 95484.0 227.5 19.6 21.4 25.8 
108494.0 101577.2 217.4 19.8 21.2 25.7 
102123.5 115198.3 229.4 17.4 23.0 27.6 
106716.7 99673.0 228.5 18.4 20.7 25.9 
106681.1 101505.7 219.0 18.5 20.9 25.9 
102257.3 111585.4 220.1 19.0 20.3 27.8 
100120.3 114117.3 220.6 19.2 21.0 27.6 
102292.8 109752.7 229.7 18.9 20.1 27.8 
100287.5 110986.2 227.3 18.6 21.0 27.5 

93730.2 95764.8 192.2 18.9 20.0 20.5 
95594.4 101390.3 185.3 20.4 21.6 20.0 
91923.7 98789.9 189.6 19.7 21.1 20.1 
95059.3 100761.7 185.5 19.4 21.2 20.4 
91565.0 97058.3 182.3 18.9 21.2 20.4 
88643.1 97187.8 197.4 18.5 21.8 20.8 
94452.9 99067.7 181.8 19.9 21.1 20.4 
90415.4 99100.6 192.8 18.7 20.4 20.5 
94086.0 101701.0 188.5 19.4 20.9 20.4 
90782.2 96467.3 186.0 19.3 20.6 20.5 
94452.9 99067.7 181.7 19.9 21.1 20.4 

99825.0 93088.8 198.8 18.2 19.3 26.2 
99851.4 92615.1 204.4 18.0 19.0 25.7 
103155.1 94168.7 202.8 18.2 19.1 25.4 
103259.5 92709.7 208.3 18.5 19.0 25.4 
102213.5 92181.7 209.0 18.0 18.3 25.6 
97871.3 95674.7 199.2 17.3 18.7 26.0 
101490.5 96692.1 199.0 18.1 18.8 25.6 
98917.3 96202.7 198.5 17.8 19.4 25.8 
102828.9 92950.4 203.7 17.9 19.3 25.9 
102282.8 92286.9 197.7 18.0 19.1 25.7 
98924.9 95472.9 200.1 17.9 19.7 25.4 
95733.9 97774.0 199.4 17.6 19.5 26.0 
103852.6 96258.6 203.7 18.2 18.1 25.5 
96292.0 94810.8 201.3 17.6 19.3 26.2 

102109.1 93640.7 203.5 17.7 18.4 25.6 
101343.7 93000.3 204.4 17.6 17.7 26.2 
99373.9 92401.1 211.6 17.1 18.4 25.9 
102082.6 94114.4 197.9 18.0 18.7 26.1 
98934.7 93853.0 208.4 17.7 18.5 26.2 
104040.5 93447.9 203.6 17.2 17.9 26.0 
103160.1 92944.1 190.5 18.8 18.1 25.8 
99219.2 92617.8 221.5 17.4 17.9 25.2 
100353.5 95176.1 199.7 17.6 17.4 25.5 
102134.4 95466.8 200.7 17.4 17.2 26.2 
98386.0 97437.0 199.5 17.0 17.2 25.6 
104114.4 92407.2 205.9 18.1 17.5 25.8 
99959.0 91396.7 222.2 17.2 18.5 25.4 
102098.8 97299.4 191.1 17.5 17.4 26.2 
99120.7 96284.7 196.8 16.8 18.0 25.6 
97203.6 97510.0 206.8 16.8 17.8 25.7 
99113.2 97014.5 195.3 16.7 17.7 26.0 

105454.4 90159.0 220.9 19.0 18.1 25.3 
102297.6 96041.9 211.9 18.2 18.4 25.4 
104023.3 96506.6 205.0 19.4 17.9 25.8 
104971.4 90716.0 225.0 18.6 17.4 24.8 
105663.1 92126.1 211.1 18.4 18.1 25.3 
103515.8 98316.8 199.2 18.3 17.8 25.7 
103683.0 95185.7 206.0 17.7 17.8 25.7 
105698.6 90293.5 220.7 18.3 17.9 25.3 
97887.8 98555.6 216.1 17.8 18.7 25.7 
103513.0 89882.1 229.8 17.8 18.2 25.2 
105698.6 90293.5 220.7 18.3 17.9 25.2 

101320.2 101959.0 231.7 20.7 18.9 28.0 
107117.9 96007.6 236.6 20.0 18.2 28.6 
106559.8 98970.8 234.7 19.9 18.4 28.5 
108133.7 95693.3 239.7 20.3 18.5 28.6 
105517.3 96161.7 232.1 20.9 19.0 28.4 
109302.4 99893.6 244.5 20.8 19.2 27.0 

100760.7 83059.1 173.1 19.7 18.9 20.9 
95734.4 92156.9 176.6 18.9 17.9 21.5 
92172.8 82362.1 166.3 18.5 18.2 20.7 
96101.2 89523.7 169.8 19.4 18.1 21.5 
91806.0 84995.4 173.0 18.0 18.1 20.7 
93366.0 88284.1 178.0 18.9 18.1 21.8 

105693.8 105789.9 213.1 18.3 20.8 26.6 
102284.4 106973.8 218.9 17.4 21.0 26.7 
105861.0 102658.8 219.9 17.7 20.8 26.6 
111766.8 87870.2 226.6 19.5 19.2 26.9 
105113.1 106731.0 220.4 19.1 21.6 26.4 
107721.8 105387.8 230.5 19.3 20.8 26.1 
108877.2 104218.5 212.2 18.5 20.7 26.4 
111800.8 86666.7 233.7 19.3 19.2 26.1 
105511.8 108134.4 213.1 18.3 21.0 26.5 
108486.5 102307.0 215.9 19.7 20.9 26.1 
110857.3 101159.0 217.4 19.2 21.0 26.1 
103315.0 107446.1 215.3 18.3 21.1 26.8 
109827.2 101678.4 215.2 17.5 21.3 26.3 

97397.9 91951.3 200.7 17.4 18.6 25.6 
100571.1 94038.7 187.4 17.4 17.5 26.0 
102427.3 91291.9 204.6 18.3 17.4 24.7 
104030.3 94524.4 204.1 18.2 16.5 25.1 
102417.1 94950.7 192.2 18.0 16.4 25.4 
98887.7 89636.0 200.2 17.2 17.9 25.8 
102551.1 90979.2 192.6 18.1 17.8 25.7 
104432.6 90058.5 206.9 18.6 16.4 25.0 
100529.1 89477.5 203.1 17.8 17.7 25.5 
104397.1 91891.1 197.3 18.7 16.7 25.0 
100581.3 90380.0 199.8 17.6 18.5 25.4 
99367.7 92550.5 193.5 17.8 17.9 25.9 
99971.1 92440.7 201.2 17.8 18.0 25.3 
97230.7 95082.4 194.0 18.0 18.5 25.6 

110164.6 103023.6 186.4 22.6 20.0 24.6 
108028.8 105357.6 193.7 23.1 21.6 25.3 

120312.1 119322.3 247.9 21.6 23.5 29.1 
115758.8 121892.5 242.2 20.6 23.8 29.7 
121495.1 116828.6 243.0 20.3 23.6 29.7 
119439.5 122530.4 246.5 21.2 23.5 29.2 
116219.2 123937.6 248.9 21.0 23.3 29.3 
119319.6 125227.2 238.8 20.0 23.0 30.2 
118332.0 122381.9 242.8 20.9 23.2 29.5 
116498.6 120671.3 242.9 20.3 24.4 29.9 

105044.0 117056.0 208.3 22.8 23.8 22.5 
105354.9 103859.5 210.9 21.8 22.3 22.9 
103916.6 107965.4 218.5 22.1 23.4 22.6 
103933.8 117917.5 207.4 22.6 23.7 22.6 
106271.1 109039.5 206.7 22.7 23.4 22.9 
107248.6 114581.6 206.8 22.8 23.2 22.6 
106472.2 108912.4 204.8 22.8 23.2 23.0 
106397.7 111189.3 213.8 22.4 23.3 22.8 
110645.7 108693.6 235.9 20.0 21.1 28.2 
109087.7 110101.4 212.5 22.4 23.2 22.7 
103768.6 116045.3 204.8 22.2 24.1 22.7 

100673.1 108026.6 222.9 20.4 24.2 23.9 
106160.6 110813.8 208.7 21.1 24.1 23.7 
111060.1 105865.2 208.7 21.1 23.0 23.4 

102278.3 109247.9 245.1 19.9 22.7 28.5 
103409.9 109639.5 240.4 19.4 22.0 28.9 
113808.9 112632.8 239.5 21.0 23.2 28.7 
102270.3 109756.1 248.8 19.5 23.1 28.7 
104455.9 110167.5 239.7 19.9 22.7 28.7 

105408.2 87602.5 221.0 18.7 17.8 26.2 
107273.6 89660.7 208.3 18.9 17.2 26.4 
106357.3 88859.7 216.4 19.1 18.9 25.5 
104972.4 89862.1 231.9 17.8 17.6 26.1 
106358.9 88230.6 218.8 19.2 18.7 26.3 
104554.1 107600.0 214.1 18.3 19.9 26.5 
101776.3 92227.2 225.0 18.1 17.7 26.3 
104564.0 90282.7 214.8 18.7 17.3 25.9 
104095.4 89010.3 217.3 18.9 19.3 26.0 
106323.4 90063.2 209.2 19.3 18.9 26.4 
101198.6 94198.5 215.7 18.5 17.6 26.0 
102115.3 92069.9 212.2 18.2 19.0 26.4 
103359.2 90288.4 219.9 17.7 17.4 26.4 
99254.0 95425.4 220.1 17.8 17.1 26.3 
105222.9 95169.7 206.1 18.2 17.0 26.4 
100588.5 90881.5 218.5 17.2 17.7 26.8 
104467.8 90870.7 219.4 18.3 17.4 26.4 
99204.6 96933.1 209.9 18.2 17.7 26.6 
101928.1 96636.1 204.0 18.0 17.2 26.9 
99231.1 96459.4 215.4 17.9 17.4 26.1 
102568.6 87822.0 223.6 17.9 18.0 26.5 

103738.5 89091.8 234.2 17.3 18.4 25.0 
103051.1 99793.1 209.3 18.3 17.0 25.0 
104264.7 97622.5 215.6 18.1 17.6 24.5 
98991.1 98147.5 211.9 18.0 19.0 25.4 
99235.3 98281.9 211.7 17.2 18.8 25.4 
102419.6 95452.2 221.2 17.6 18.1 25.0 
101402.9 97024.9 207.7 17.1 18.3 25.3 
106830.2 93322.8 209.3 18.1 19.1 24.9 
106234.5 98221.7 208.4 18.5 16.9 24.8 
103086.6 97960.4 218.9 18.2 16.7 24.9 
102980.5 102242.5 212.2 18.2 17.1 24.6 
101240.7 97048.5 214.1 17.5 17.8 25.6 
102737.5 97661.1 214.4 18.2 18.9 24.5 
98508.1 98704.5 216.0 17.5 18.2 24.9 
101691.5 97133.1 215.1 17.7 18.2 24.8 

101119.2 94146.6 205.1 18.4 17.9 25.4 
96122.8 95646.4 207.5 16.9 17.7 25.9 
99457.9 98156.7 203.5 18.5 17.8 25.1 
99306.3 94075.1 206.6 17.1 17.6 25.7 
102000.0 86181.5 208.2 18.0 17.8 26.1 
105233.4 85930.6 226.6 17.8 17.5 25.4 
101242.4 87807.1 222.1 17.3 17.6 25.8 
98661.0 89623.7 214.6 17.6 17.8 25.7 
100560.2 92672.3 210.3 18.0 17.2 25.6 
102026.4 85707.8 213.7 17.7 17.5 25.6 
103046.0 86709.5 207.4 18.5 18.5 25.9 
95953.7 93105.8 213.7 17.2 16.9 25.6 
100391.9 94569.2 209.3 18.7 17.4 25.0 
101206.9 89639.7 212.5 17.4 17.9 25.9 
99108.3 89874.4 222.4 17.4 18.6 24.9 
99226.9 92699.3 207.4 16.7 17.6 26.2 

102994.8 113606.6 221.8 18.7 21.5 27.8 
106209.2 103845.6 228.0 18.3 21.9 26.1 
106665.7 102743.7 221.1 17.9 21.0 26.6 
102879.3 105928.7 238.4 18.0 21.9 26.1 
105177.3 105341.6 222.0 18.7 21.0 26.5 
105462.3 101255.4 227.2 18.4 21.4 26.4 
109392.7 102274.2 227.1 18.5 21.8 25.9 
109088.8 102089.3 227.2 18.8 20.8 26.6 
108478.5 102815.2 219.6 19.2 21.3 26.3 
108234.4 102680.7 219.8 20.0 21.5 26.4 
106194.1 102592.9 237.8 18.2 21.5 26.1 
103161.9 110475.5 228.5 18.1 21.5 27.7 

110372.1 101837.3 201.9 20.0 20.1 25.7 
111575.4 103325.5 195.9 19.6 19.7 25.9 
108008.1 100645.1 203.1 19.1 19.8 26.4 
107876.9 99189.9 205.2 20.5 19.7 26.0 
106736.1 101913.3 203.7 19.0 18.8 27.4 
108128.6 98594.5 206.6 19.8 19.8 25.6 
107664.8 105319.4 201.0 19.6 19.3 25.6 
111154.5 102594.8 212.3 19.8 20.3 25.4 
107346.0 104368.8 197.5 18.8 19.1 26.3 
108121.1 99324.3 205.0 19.7 19.5 26.0 
109326.1 101309.3 202.6 19.5 19.4 25.9 
108218.1 97112.2 219.0 19.4 18.8 25.8 
110568.9 100452.2 213.3 19.1 19.9 26.1 

128434.6 129044.2 251.9 22.4 24.8 31.9 
133461.2 129190.0 249.4 22.3 26.1 32.3 
133495.6 128208.1 251.3 22.5 25.4 31.6 
131160.6 133391.6 244.4 22.7 25.6 32.2 
130848.0 131207.7 244.9 22.6 25.2 32.5 
136964.7 126145.2 254.1 22.5 25.6 31.6 
132523.6 125626.3 266.7 21.8 26.4 31.0 
130855.6 130477.9 246.5 22.8 25.5 32.1 
133469.1 128681.8 245.7 22.7 25.7 32.1 
134289.6 131196.6 245.0 22.8 25.1 31.9 

102403.3 87880.3 225.4 18.0 18.2 25.3 
101921.7 90661.8 225.8 18.2 17.6 24.7 
101296.7 91734.8 231.5 17.7 17.4 25.1 
101663.6 89101.5 224.8 18.3 17.6 25.1 

130706.9 130647.5 286.6 23.9 24.1 33.8 
144151.0 125699.5 273.3 25.2 25.2 33.7 
141726.7 124062.2 274.5 25.2 24.5 33.3 
141121.5 125048.1 273.8 24.7 25.4 33.4 
140394.3 125470.6 278.1 25.0 24.8 33.0 
134903.3 125915.1 274.8 24.0 24.4 33.5 
136798.2 126544.8 270.0 25.0 24.2 33.9 
135690.7 126396.3 266.3 24.8 23.9 34.1 
137620.9 129170.0 261.8 25.0 24.7 34.1 

113712.5 108920.0 240.8 19.5 20.2 27.9 
113426.8 109411.6 237.1 19.6 20.0 27.7 
116337.8 110311.9 238.1 19.7 20.3 27.5 
111988.9 113755.7 245.3 20.3 20.3 29.5 
111918.3 116205.2 248.2 20.3 20.4 29.2 
111996.5 113025.9 246.8 20.4 20.6 29.1 

103242.0 115772.5 245.1 19.3 21.8 27.1 
105908.3 113724.9 246.1 19.3 22.3 27.0 
104800.8 113576.4 242.4 19.0 22.0 27.3 
102997.9 115638.0 245.4 20.0 22.0 27.2 
104755.4 117879.9 238.2 18.7 22.1 27.4 
107257.0 112427.6 245.7 19.5 21.4 26.7 
105698.3 114623.7 248.5 19.8 21.2 26.5 

109621.6 106375.4 206.9 19.5 18.6 26.5 
104654.3 104400.8 220.0 18.4 20.1 26.7 
103998.8 103608.1 215.5 18.6 19.2 27.3 
111229.0 105325.1 195.7 19.2 19.1 27.3 
109989.6 101084.2 211.9 19.0 19.1 26.9 
111329.5 98946.0 209.9 19.3 19.1 26.8 
106996.2 104983.6 209.6 19.3 18.5 26.9 
106624.1 105000.0 212.8 18.9 19.4 27.0 

112338.2 106399.6 236.8 18.8 21.4 26.4 
108296.2 110158.0 241.7 18.9 21.3 26.1 
110133.6 108874.0 238.3 18.8 21.9 26.4 
107777.7 105460.0 228.4 21.2 23.2 24.4 
109023.4 109735.5 237.5 18.6 21.8 26.5 
112379.7 105773.5 240.8 19.3 21.8 26.7 
112623.8 105908.0 240.6 18.6 21.6 26.6 

100470.0 106653.4 221.2 17.9 20.4 26.9 
103867.2 107725.7 224.6 18.0 21.4 26.5 
106091.4 104800.6 229.5 18.0 21.5 26.1 
99446.5 107717.6 243.1 17.0 21.0 28.0 
108708.3 102782.6 221.8 18.5 20.7 25.8 
108464.2 102648.1 222.0 19.3 20.9 25.9 
105372.1 104714.9 230.1 18.7 20.6 25.5 
105185.2 104833.4 218.3 19.1 20.6 26.3 
105770.4 108890.5 217.4 18.4 20.1 26.6 
103392.0 101561.9 233.1 17.2 21.7 26.7 
107758.4 105322.8 218.8 19.5 20.0 26.0 
103835.4 102737.6 220.4 18.1 20.1 26.9 
105855.2 104157.9 226.0 19.1 21.3 26.0 
107514.2 105188.3 219.0 20.2 20.2 26.1 
101687.2 105869.1 247.6 18.6 21.6 26.9 
101694.2 103573.2 238.6 19.1 20.5 26.0 
99166.8 109415.8 233.8 17.9 21.4 28.2 
99411.0 109550.2 233.5 17.1 21.2 28.1 

150860.0 138763.5 283.9 27.2 28.1 34.5 
157408.7 141280.7 317.6 29.1 29.0 35.1 
155333.2 144884.4 304.3 29.1 28.5 35.4 
149079.1 140537.1 285.7 27.0 27.9 34.8 
154000.7 146292.8 307.9 28.9 28.8 35.1 
155438.9 140681.6 324.8 28.7 29.7 34.8 
153665.5 141725.4 328.1 28.7 29.8 34.7 
150852.4 139493.3 282.4 27.1 27.8 34.9 
150277.8 142746.2 285.3 26.5 28.4 35.0 
154534.1 133524.2 275.0 27.8 27.5 34.8 
157366.2 142377.0 307.0 29.1 28.5 35.1 
151219.3 136860.0 275.6 27.7 27.9 34.9 
150956.8 138034.3 287.9 27.4 27.7 34.9 
154167.2 136157.4 281.7 27.3 27.3 34.8 
148872.4 142552.8 277.2 26.4 27.5 35.2 
154258.9 147853.1 308.9 28.8 28.8 34.7 

107013.4 115050.7 224.8 20.5 21.8 24.4 
107582.9 104428.6 222.3 19.8 21.5 26.6 
104891.6 105833.2 218.3 18.9 20.8 26.3 
107380.3 112417.4 218.0 21.1 21.9 24.4 
99525.7 115669.6 219.0 18.7 21.4 27.8 
99734.3 111912.3 229.6 18.6 21.8 28.0 
99281.5 115535.1 219.2 19.4 21.6 27.8 
100426.8 109236.0 236.6 17.5 21.6 28.0 
106312.4 103530.6 241.0 19.3 21.3 25.8 
107423.7 107051.5 211.9 20.8 21.1 26.4 
100732.2 109929.6 237.8 18.3 22.1 27.7 
102911.6 108892.8 213.1 18.2 20.5 26.6 
99166.8 109415.8 233.8 17.9 21.4 28.2 
103703.7 104873.9 231.0 19.0 22.1 26.1 
99978.5 112046.8 229.4 17.8 21.6 27.9 

103415.5 93986.4 191.1 17.8 16.9 25.3 
101450.3 91730.1 185.7 18.0 16.7 25.7 
96063.0 86386.2 198.4 18.7 18.0 24.9 
94747.3 90567.2 193.3 18.5 17.8 25.8 
106050.5 95489.8 214.3 18.6 18.1 24.7 
97843.4 88662.3 191.8 18.0 17.2 26.0 
95223.8 88997.5 195.6 18.6 17.2 24.9 
95986.6 86742.4 200.9 18.2 17.5 25.3 
110957.2 90612.1 230.3 19.4 18.2 24.8 
95845.7 89166.0 191.0 17.8 18.4 25.3 
97080.7 90917.5 186.5 18.4 16.9 25.6 
106781.0 90070.6 190.2 18.0 16.6 25.3 
95951.1 88575.0 191.3 18.3 17.7 25.3 
97807.9 90495.0 182.2 18.1 17.4 26.0 

106917.3 119160.5 237.8 20.7 22.0 26.3 
106339.6 112611.3 243.2 20.7 20.5 26.8 
106909.8 119890.3 236.3 20.6 21.7 26.7 
104359.6 115670.9 238.1 20.0 20.2 27.1 

96805.4 111367.7 218.4 17.5 21.1 26.8 
99514.8 95802.0 204.5 17.9 17.2 25.1 
107557.3 89003.2 197.4 18.9 17.0 25.4 
105587.5 88404.0 204.6 18.5 17.7 25.1 
100982.0 90071.7 202.2 17.6 17.3 25.8 
96909.9 109908.7 223.9 17.8 21.1 26.8 
102951.9 90670.9 195.0 18.0 16.6 26.1 
105577.2 92062.8 192.2 18.2 16.7 25.8 
103607.4 91463.6 199.4 17.8 17.4 25.5 

112732.2 110034.0 235.8 20.9 21.3 29.7 
112371.7 112475.6 232.8 20.5 21.4 29.6 
115366.2 115168.7 253.7 20.6 20.7 28.9 
114589.4 111762.7 237.5 21.0 21.8 29.3 

144555.5 118738.7 280.5 26.4 24.4 32.3 
143262.2 123994.0 282.3 26.2 23.8 32.6 
146927.6 119355.2 282.9 26.6 24.0 31.9 
147921.0 114822.9 279.6 26.6 24.1 32.2 
144354.4 118865.8 282.4 26.2 24.6 32.2 
144070.3 121456.5 287.3 26.1 22.4 32.0 

146386.9 136710.0 272.9 26.9 25.7 33.2 
147367.5 137339.6 271.9 25.9 26.2 33.6 
139944.4 132683.8 275.4 25.3 25.0 33.1 
147109.3 135779.3 270.9 26.0 26.2 34.0 
139304.3 133665.4 276.2 25.5 25.8 32.9 
145668.8 136042.6 282.1 25.6 25.4 33.3 
139110.8 142619.7 278.9 26.7 25.6 33.0 
147886.1 132990.1 283.7 27.0 25.3 33.1 
141924.4 129624.2 280.6 26.0 25.3 32.8 

133645.8 148883.8 308.6 27.0 31.8 33.2 
135042.4 143118.2 303.3 28.0 32.2 33.0 
134379.1 142622.5 306.3 27.2 31.2 32.6 
135625.8 145824.3 313.8 27.7 32.1 32.9 
134012.6 146250.5 301.9 27.5 32.0 33.2 

105723.1 105193.3 214.0 18.9 19.2 26.6 
104836.7 101230.4 217.7 18.0 20.5 27.2 
104844.7 100722.2 214.0 18.4 20.1 27.0 
107472.2 100800.1 207.7 19.1 20.2 27.3 
103656.7 105275.7 211.5 19.1 19.7 26.7 
109088.5 101277.5 213.1 19.1 18.9 26.5 
102852.0 102699.7 220.0 17.9 20.7 26.6 
104559.0 101213.9 210.2 18.6 19.9 26.8 
106397.1 102634.0 218.7 18.8 19.2 26.4 
104551.1 101722.1 214.0 18.2 20.3 27.1 
103823.9 102144.6 218.2 18.5 19.7 26.6 

99306.3 94075.1 206.6 17.1 17.6 25.7 
101269.7 88280.4 224.6 17.8 17.0 25.4 
101321.8 89182.9 221.4 17.7 17.7 25.3 
101077.7 89048.4 221.6 18.4 17.9 25.4 
99341.8 92242.5 216.2 17.0 17.4 25.6 
105697.8 87627.7 210.3 18.5 18.3 25.1 
103859.5 91504.9 212.3 18.1 17.3 25.1 
99100.7 90604.2 220.9 17.3 18.3 25.3 
100711.6 91243.6 222.8 17.8 17.2 25.2 
105671.4 88101.4 204.7 18.7 18.6 25.5 
98102.9 92586.9 212.7 17.5 18.0 25.5 
103895.0 89672.3 221.9 18.0 17.1 25.0 
101293.9 90285.7 213.3 17.9 18.2 25.0 
97120.7 93663.7 215.7 16.6 18.0 25.6 

105224.7 107550.9 231.9 18.2 20.0 25.6 
103800.8 105954.5 250.1 18.6 20.2 25.5 
103238.6 105471.7 241.7 19.0 19.7 25.5 
106429.6 103170.6 242.4 19.3 20.0 25.0 
106422.0 103900.4 240.8 19.2 19.7 25.4 
106810.0 108615.6 244.7 19.0 19.6 24.9 
104089.2 108911.9 229.9 19.1 20.7 26.7 
106055.2 106533.7 247.6 18.7 19.5 25.4 
105519.3 107065.7 256.9 19.5 20.7 24.5 
106063.1 106025.5 243.8 19.1 19.1 25.2 
109180.9 107467.6 246.2 18.5 19.6 24.9 

102087.6 110186.0 219.4 18.6 22.1 27.3 
109540.8 98307.8 224.4 18.9 21.5 25.9 
102079.7 110694.2 223.1 18.2 22.5 27.6 
106629.8 97407.6 223.4 18.9 21.1 26.1 
107560.8 101367.4 219.2 18.3 21.2 26.3 
107275.1 101859.0 215.5 18.4 21.0 26.1 
109255.2 98799.5 220.6 19.1 21.3 25.7 

120087.7 116593.8 237.2 22.3 25.5 26.1 
118732.3 112880.8 243.5 23.1 24.9 26.0 
116353.5 114537.0 245.7 23.1 25.3 26.1 
115849.7 112394.8 233.6 20.8 25.1 27.1 

252036.4 246338.5 473.3 47.5 47.3 57.1 
254772.7 252609.0 488.7 48.4 47.1 58.8 
257557.5 249743.0 472.0 48.0 47.7 57.7 
250257.7 247953.8 492.7 47.5 47.1 58.2 
257031.2 256634.2 492.7 48.1 47.1 58.5 
256551.3 250993.8 469.3 48.4 47.4 57.7 
252516.2 251978.9 496.7 47.2 47.0 57.9 

113737.3 102060.4 217.4 18.4 18.2 27.1 
105313.5 100141.3 218.3 18.2 17.5 26.4 
100242.0 94733.2 233.9 18.5 16.4 24.5 
108820.7 98439.8 227.9 18.1 18.8 26.8 
100206.5 96565.8 224.3 18.6 16.6 24.6 
100755.9 102455.8 215.6 19.4 16.7 25.5 
104953.2 97930.5 215.8 19.1 17.1 26.0 

123231.1 113947.1 258.5 23.4 21.7 28.8 
118774.8 114960.4 255.6 22.8 21.6 29.2 
122246.7 114485.7 262.5 22.6 22.9 28.4 
121519.4 114908.2 266.7 22.9 22.4 28.0 

114569.6 107753.5 264.0 20.7 22.2 27.4 
113908.9 114455.1 260.7 20.9 22.6 27.8 
114954.9 114983.1 260.0 21.4 23.3 27.5 
115796.7 113193.0 254.1 20.6 22.5 28.7 
114133.1 114343.0 260.0 20.9 23.2 28.0 

106397.8 108130.6 229.3 18.8 20.6 25.8 
106889.2 106405.7 221.2 19.2 21.1 25.7 
102187.9 104352.1 238.1 18.1 21.6 25.9 
106154.4 107558.1 223.9 19.4 20.2 25.7 
106189.9 105725.4 233.5 19.3 20.0 25.6 
109184.3 100140.6 222.8 19.0 22.2 26.2 
102515.2 109587.2 225.8 17.6 21.0 25.9 
109337.8 105986.7 223.0 19.7 20.1 25.5 
105698.7 108015.9 224.9 17.9 20.9 25.7 
108930.0 96797.3 243.3 18.0 21.2 25.4 
111115.5 97208.7 234.2 18.4 20.9 25.4 
107673.9 102730.3 218.3 19.0 21.0 26.3 

91271.4 97829.0 201.3 18.0 19.8 21.8 
87925.6 95628.7 190.5 18.4 20.3 21.8 
88249.7 97237.5 191.1 18.6 20.3 20.7 
86332.0 96711.8 202.2 18.3 20.9 21.7 
88304.1 97861.2 189.6 18.7 20.8 20.9 
85190.4 94389.2 198.6 17.8 20.3 22.1 
86064.1 96826.2 200.2 18.1 20.7 20.7 
87558.8 98262.0 197.3 17.8 20.2 21.8 
88305.7 100852.1 198.1 17.7 20.6 21.5 
86118.5 97449.8 198.7 18.3 21.1 20.8 

162823.6 150121.8 316.5 28.9 30.4 36.3 
159508.8 153457.7 317.1 28.7 30.8 36.4 
161353.4 152326.9 316.7 28.5 31.0 36.1 
162753.0 152571.3 319.4 28.9 30.5 36.0 
163538.9 152738.2 307.7 29.0 30.6 36.1 

106160.3 109350.2 237.2 20.3 20.9 27.8 
107719.8 113260.7 236.8 19.1 21.2 27.5 
109798.2 109904.3 223.6 18.9 20.7 27.6 
104180.3 112409.8 232.0 19.6 20.6 28.2 

107723.2 100554.3 226.6 18.0 20.7 26.2 
107556.0 103685.4 219.8 18.7 20.7 26.3 
109908.6 100683.7 219.5 19.3 19.6 25.6 
110194.3 100192.1 223.3 19.1 19.8 25.8 
103490.7 108633.0 212.1 18.5 20.2 25.6 
110921.5 99769.5 219.0 18.9 20.4 26.2 
103458.5 110374.1 238.3 19.5 20.8 25.9 
107121.7 103613.6 231.2 18.4 20.3 25.5 

102109.1 93640.7 203.5 17.7 18.4 25.6 
103288.9 89313.5 211.8 17.4 18.4 25.4 
104026.7 93337.4 199.6 18.3 17.0 26.0 
104062.2 91504.7 209.2 18.2 16.7 25.9 
103990.6 92720.0 217.9 18.3 17.0 24.8 
102739.3 88485.3 210.8 17.3 18.1 25.8 
102702.2 97189.6 198.9 17.4 17.5 25.7 
101812.5 91578.8 228.5 17.9 17.7 24.4 
106717.1 90746.6 199.7 18.6 16.9 25.4 
104334.9 89841.5 211.1 17.9 19.1 25.2 
98925.6 95212.0 204.4 17.5 18.5 25.8 
103613.5 99012.0 212.3 17.5 15.9 25.5 
105482.1 88995.0 204.2 18.0 18.4 25.1 
104438.1 93995.6 204.3 18.8 18.0 25.4 
105474.5 89724.8 202.7 17.9 18.1 25.5 
101453.5 92848.0 199.1 17.9 17.6 26.3 
101643.6 98412.8 219.5 17.0 16.6 25.2 

105677.4 110349.4 229.4 18.2 20.3 25.9 
107112.9 101719.1 254.4 19.3 21.4 27.2 
106665.7 102743.7 221.1 17.9 21.0 26.6 
102541.9 107850.2 233.6 18.2 20.5 28.3 
102506.4 109682.8 224.1 18.3 20.7 28.4 
107678.6 112037.8 216.2 19.1 20.6 28.2 
103161.9 110475.5 228.5 18.1 21.5 27.7 
105053.2 110645.9 219.0 18.9 20.4 28.6 

126963.5 122482.3 264.5 21.6 24.3 31.4 
127961.4 120499.6 272.7 21.3 24.6 31.1 

108653.3 98954.3 227.9 18.7 21.6 25.8 
105158.8 105307.1 212.7 19.4 20.9 26.7 
105400.0 103223.9 229.3 18.0 21.1 25.9 
105435.5 101391.3 238.9 18.0 20.9 25.8 
108211.4 102226.4 237.5 18.3 20.3 26.3 
110615.5 100283.3 219.1 19.0 20.6 26.5 
105135.8 100243.4 238.5 18.7 21.0 26.4 
105177.3 105341.6 222.0 18.7 21.0 26.5 
104450.1 105764.1 226.3 19.0 20.5 26.1 
110545.0 102732.8 222.1 19.0 20.7 26.2 
108645.7 99684.1 226.3 18.6 21.3 26.2 
105114.3 103715.6 225.5 18.2 20.9 25.7 

106231.6 101342.4 230.5 18.0 21.6 26.3 
102656.3 102490.7 230.3 18.8 20.8 26.9 
106534.7 108924.6 243.1 18.0 20.8 27.0 
105177.3 105341.6 222.0 18.7 21.0 26.5 
104933.1 105207.1 222.2 19.5 21.2 26.5 
103161.9 110475.5 228.5 18.1 21.5 27.7 
102098.3 105453.9 228.4 18.7 21.0 26.7 

131343.5 148679.2 297.2 24.9 27.5 32.8 
133597.9 149258.4 294.7 25.0 26.8 32.7 
134705.3 149406.9 298.4 25.3 27.1 32.4 
134141.0 146333.4 305.3 25.9 28.3 33.2 

124488.3 116544.4 248.2 21.2 22.6 28.7 
121974.9 124541.7 268.6 20.6 23.2 29.0 
120945.6 114475.0 250.4 20.8 22.5 27.4 
120628.7 120615.6 260.8 20.3 22.2 28.1 
118320.2 113083.1 253.2 20.6 22.4 27.8 
120914.3 120124.0 264.5 20.1 22.5 28.3 
121689.3 125033.4 264.8 20.8 23.0 28.8 
122518.4 115945.2 255.4 20.8 23.2 28.4 

111106.9 110252.1 228.2 17.9 20.6 26.6 
111273.2 106251.5 235.4 19.1 21.9 25.1 
111265.6 106981.3 233.9 18.9 21.6 25.5 
107430.7 110855.5 234.3 19.1 20.1 25.3 
111021.4 106846.8 234.1 19.7 21.8 25.5 
109277.6 110549.0 232.5 17.9 21.7 26.0 
106964.0 109922.3 237.6 18.1 22.0 26.0 
111257.7 107489.5 237.6 18.5 22.0 25.7 

99263.5 94383.0 197.5 17.5 17.1 26.0 
103677.8 91594.9 214.2 18.6 17.1 24.9 
103288.9 89313.5 211.8 17.4 18.4 25.4 
93928.2 97699.6 205.5 16.9 18.1 25.8 
104086.4 93510.0 197.9 18.3 18.0 25.5 
95908.3 94640.1 210.7 17.6 18.4 25.5 
98988.2 95276.4 215.6 17.8 16.9 24.7 
100136.6 95970.4 199.9 17.2 18.4 25.5 
102943.0 92747.2 216.9 18.8 16.3 24.9 
102740.8 93680.6 196.2 17.8 17.6 25.9 
97878.1 95239.3 203.5 18.0 17.7 25.8 
101104.6 91105.5 213.7 18.3 17.7 25.1 
103502.0 92054.6 199.1 17.3 18.1 25.5 
100494.4 93166.2 215.1 18.4 17.2 25.1 
95898.0 98298.8 198.3 17.4 17.4 26.1 
105474.5 89724.8 202.7 17.9 18.1 25.5 
103985.6 92788.8 214.5 18.3 17.3 24.7 
100960.7 92946.7 219.2 18.3 16.9 24.8 

149998.6 139551.4 291.5 26.5 28.1 35.8 
152782.7 136652.5 300.9 27.5 27.3 36.2 
150642.0 146851.3 294.0 26.0 28.0 35.7 
153890.2 136801.0 304.6 27.8 27.6 35.9 
150802.7 139712.0 295.7 26.8 27.0 36.5 
148565.2 144568.2 288.8 26.1 28.8 36.0 
151106.0 139699.9 295.2 26.8 28.4 35.5 
154532.8 140097.9 297.3 27.3 28.0 36.3 

116625.9 117821.5 261.5 19.8 22.9 29.7 
116764.2 114005.5 254.9 19.4 22.7 28.6 
119361.1 119061.0 253.4 20.3 22.9 29.3 

102109.1 93640.7 203.5 17.7 18.4 25.6 
104078.9 94239.8 196.3 18.1 17.7 25.9 
107990.4 90987.5 201.5 18.3 17.5 26.0 
101777.7 94441.3 219.9 17.1 18.0 25.5 
105429.2 94000.4 202.9 17.5 17.0 25.7 
102144.6 91808.0 213.1 17.6 18.2 25.5 
105510.0 87892.2 212.3 17.8 17.9 25.4 
98981.5 98313.0 198.1 17.2 17.5 26.0 
97372.0 96606.8 204.0 17.4 17.7 26.3 

103944.7 111066.4 224.8 17.7 22.2 27.6 
94305.5 90051.2 182.0 19.2 19.4 22.3 
97122.1 91113.1 187.9 18.9 19.2 22.2 
103109.8 109573.0 231.8 18.2 20.8 27.8 
97489.0 88479.8 181.1 19.4 19.3 22.1 
101958.6 108987.3 234.6 18.5 21.9 27.5 
95303.4 88068.5 190.2 18.9 19.7 22.1 
110763.2 99998.8 216.8 17.8 21.2 26.4 

85119.9 96265.6 196.5 17.4 20.3 21.1 
85781.8 98215.0 190.2 17.9 20.5 20.9 
88965.3 96643.6 189.3 18.1 20.4 20.7 
87855.1 97505.1 188.4 18.0 20.3 20.8 
90048.2 95186.8 196.1 18.3 20.6 21.6 
88634.2 97277.7 191.5 17.4 20.4 20.9 
87909.5 98128.8 186.9 18.1 20.7 20.9 
87313.1 93947.3 204.3 17.7 20.6 22.0 

117385.1 101031.0 238.4 19.6 20.4 27.0 
112614.4 106338.0 216.7 18.7 19.5 27.3 
110314.5 111158.5 232.8 18.2 20.8 27.1 
113627.2 105423.8 216.2 18.2 20.3 27.8 
113885.4 106984.1 217.2 18.2 20.3 27.4 
112926.4 105372.7 226.0 18.3 19.5 27.0 
113341.6 105915.5 212.5 18.4 20.1 27.7 

103648.5 102983.9 224.0 19.0 21.1 25.7 
102734.3 103524.9 216.4 19.7 20.6 26.0 
102007.1 103947.4 220.7 20.0 20.1 25.6 
100502.2 106958.1 215.2 19.4 20.9 26.7 
96972.8 104402.2 213.7 20.1 21.3 26.6 
99427.7 98851.3 222.1 19.8 21.1 25.4 
105409.9 101449.4 212.5 19.9 20.8 26.3 
100146.9 98937.0 221.6 19.1 22.0 26.0 
99910.7 98294.3 218.1 20.2 21.8 25.9 
99902.8 98802.5 221.8 19.8 22.2 26.1 
103676.3 101492.9 223.2 18.3 21.7 26.1 
100154.9 98428.8 217.9 19.5 21.6 25.8 
102728.1 98918.2 218.4 19.8 21.0 25.6 
104580.3 104436.8 221.2 20.4 19.5 25.4 
105307.5 104014.3 216.9 20.1 20.0 25.8 

127769.0 123688.0 253.1 22.9 23.7 30.2 
129623.5 126426.6 257.7 23.1 24.5 29.7 
127769.0 123688.0 253.1 22.9 23.7 30.3 
128509.7 126469.8 263.7 22.7 23.8 30.0 
125685.5 126137.6 256.2 22.9 23.8 30.6 
125693.1 125407.8 257.8 23.0 24.1 30.2 

107116.9 92129.0 212.1 19.5 18.5 25.8 
110063.1 92371.3 203.8 18.8 18.0 26.6 
108407.1 92791.5 211.2 19.2 19.0 25.5 
107933.7 94173.4 205.9 19.1 18.9 26.0 
107808.8 91792.1 206.3 18.7 18.7 26.7 
111772.6 88875.7 210.4 19.4 18.7 25.4 
107361.1 92263.5 211.9 18.7 18.3 25.7 
110098.7 90538.7 213.4 18.7 17.7 26.5 

102050.7 96525.0 178.6 20.4 19.3 23.3 
99674.8 94721.3 180.3 19.7 19.0 22.9 
95975.1 100722.3 196.4 19.3 20.5 22.9 
101849.6 96652.1 180.5 20.2 19.5 23.2 

111177.7 107245.9 235.0 18.5 21.2 27.3 
116260.3 108723.2 229.9 19.2 20.5 27.0 
115355.7 102906.8 231.7 19.4 20.8 27.0 
114361.1 105674.6 234.1 18.8 21.1 27.1 
107267.1 109367.9 235.6 19.3 20.6 27.0 
111172.8 106108.8 229.6 18.9 20.5 26.4 
109519.1 106902.8 237.9 18.9 21.2 26.8 
111963.9 107296.3 227.0 19.5 21.4 27.5 

103772.2 106379.3 221.5 18.0 20.7 26.1 
102997.0 105058.6 226.8 18.5 20.4 25.8 
105570.2 105548.0 227.3 18.8 19.8 25.6 
102989.4 105788.4 225.2 18.3 20.1 26.2 
102695.9 106788.2 225.2 18.1 20.2 26.3 
106901.0 102536.1 230.4 18.5 19.9 26.3 
103779.8 105649.5 223.0 18.1 21.0 25.7 
102263.3 107445.2 223.7 18.5 19.3 26.5 
102981.5 106296.6 228.9 17.9 20.5 26.4 
101001.4 109356.1 223.8 17.3 20.2 26.8 
102800.3 105329.2 230.7 18.4 20.2 26.3 
101792.1 109438.9 216.3 17.3 20.4 26.5 

106426.5 104492.8 226.3 17.4 20.0 26.0 
103053.1 108916.8 230.9 16.8 20.7 26.3 
102222.0 92319.9 205.4 18.3 18.0 25.2 
105609.5 97554.8 216.7 19.0 16.2 24.9 
103061.0 108408.6 227.1 17.2 20.3 26.0 
103825.0 95552.3 205.0 18.2 17.2 25.5 
108165.9 94614.0 206.4 18.9 17.7 24.9 
103629.4 100614.4 211.6 18.3 15.9 25.2 
101855.2 94953.1 212.2 17.8 17.8 25.2 

98646.7 92823.7 215.9 17.4 17.9 25.5 
99692.7 93351.7 215.2 17.9 18.6 25.3 
99757.7 88328.6 217.6 17.5 18.3 25.5 
99061.2 96161.1 220.3 16.8 18.0 27.0 
100616.5 93422.9 208.7 17.9 17.2 25.8 
94412.2 95304.0 213.3 16.7 18.3 26.0 
99061.2 96161.2 220.3 16.8 18.0 27.0 
102391.1 94078.0 209.9 17.1 17.9 27.0 
96392.3 92244.5 218.4 17.3 18.6 25.6 

101751.7 105063.7 225.0 19.0 20.2 26.2 
108578.3 99593.1 230.8 18.8 20.5 26.3 
105212.8 103508.9 231.6 18.6 20.8 26.4 
102029.4 105080.3 232.5 18.4 20.9 26.6 
108586.2 99084.9 227.0 19.2 20.1 26.1 
109894.9 98276.4 237.3 19.1 20.7 25.7 
103197.2 108401.1 216.9 18.0 20.7 26.8 
109167.7 98698.9 241.5 19.4 20.1 25.3 
102343.3 101982.6 234.6 19.2 20.8 26.8 
107786.0 103998.4 232.1 19.0 20.2 26.2 
101743.7 105571.9 228.8 18.6 20.6 26.4 
100462.1 107161.6 225.0 17.5 20.7 27.2 

133781.8 113653.6 279.8 25.3 23.5 30.8 
130507.3 118918.1 266.2 24.0 23.9 30.9 
131345.8 113535.9 267.8 24.2 23.6 30.9 

113800.7 104713.3 238.3 20.8 23.6 28.6 
107640.6 109064.2 241.7 20.9 22.3 28.7 
117343.5 107036.5 239.9 21.0 22.5 28.2 
110652.8 104452.0 248.8 20.5 23.5 28.8 
113060.9 105934.5 237.6 21.0 23.0 28.4 
109877.5 107505.8 238.5 20.8 23.1 28.6 
109150.3 107928.4 242.8 21.1 22.5 28.2 
117097.3 105544.4 229.0 20.3 22.6 29.5 
118017.0 106399.9 232.3 20.9 22.6 29.1 
115762.6 105820.7 234.8 20.8 23.3 29.2 
115699.9 107762.0 234.0 21.2 23.0 28.6 
117954.3 108341.2 231.5 21.3 22.3 28.5 
110987.7 106644.4 239.4 21.0 23.2 28.5 
114964.8 108692.7 242.0 21.1 22.9 28.4 

105128.9 101096.3 211.3 17.9 19.5 26.1 
104556.1 103670.5 210.4 17.7 19.0 25.9 
102943.3 100684.9 220.4 17.5 19.9 26.0 
104548.5 104400.3 208.8 17.6 18.7 26.3 
104393.8 106645.4 220.9 19.8 20.7 25.7 
102413.8 109704.9 215.8 19.1 20.4 26.1 
106514.3 100240.0 205.3 17.4 18.9 26.3 
103148.8 104155.9 206.2 17.3 19.2 26.4 
101249.6 101107.2 210.4 16.9 19.8 26.5 

106071.0 103682.7 219.7 18.5 21.9 26.0 
106020.3 98292.2 229.1 18.4 21.2 26.6 
113137.6 96838.2 238.8 19.2 21.2 25.7 
105121.1 106222.8 216.7 19.5 21.2 26.2 
106447.8 106454.8 214.6 18.6 20.9 26.7 
109813.3 102538.9 213.8 18.7 20.6 26.6 
112317.7 102567.9 226.8 19.8 20.7 25.4 
109017.3 102501.0 230.6 19.8 20.8 25.2 
109780.1 100245.8 235.9 19.4 21.1 25.6 
108427.9 103395.2 219.8 19.2 21.1 26.3 
107022.9 108963.3 222.3 19.0 20.9 25.8 
106027.2 106190.0 227.9 18.3 22.1 26.0 
109838.7 104278.2 219.4 19.5 20.2 26.3 
106429.8 105414.3 226.9 19.3 21.8 25.7 
104554.1 107014.8 227.3 18.9 21.4 26.1 
104449.7 108473.9 221.8 18.6 21.5 26.1 
104054.7 108519.8 224.3 17.7 22.1 26.0 

102067.9 113531.3 239.5 17.8 20.9 27.3 
105861.1 100915.1 218.6 19.4 20.8 26.4 
106665.7 102743.7 221.1 17.9 21.0 26.6 
111327.7 103323.7 218.3 18.7 21.4 26.0 
108645.7 99684.1 226.3 18.6 21.3 26.2 
110545.0 102732.8 222.1 19.0 20.7 26.2 
102434.7 110898.0 232.8 18.4 21.0 27.3 
103161.9 110475.5 228.5 18.1 21.5 27.7 
101958.6 108987.3 234.6 18.5 21.9 27.5 

102751.4 94592.4 200.8 18.4 17.0 25.3 
103110.7 95568.9 209.0 17.7 17.5 25.0 
105376.8 95984.3 198.0 18.6 17.1 24.9 
103396.7 99043.9 192.9 18.0 16.8 25.3 
104280.4 94563.4 196.1 19.4 18.4 25.6 
106422.8 96512.3 197.3 19.1 17.8 24.7 
102786.9 92759.8 210.4 18.3 16.7 25.2 
103310.4 96066.7 195.6 18.9 17.7 25.1 
107150.0 96089.8 193.1 18.9 18.3 25.1 
109723.2 96579.2 193.6 19.2 17.8 24.9 
106458.3 94679.7 206.9 19.1 17.6 24.6 
106422.8 96512.3 197.3 19.2 17.8 24.7 

108595.2 103327.2 234.7 18.7 20.4 25.4 
105020.8 107686.9 215.6 18.4 19.3 26.0 
102835.2 107275.5 224.7 17.9 19.7 25.9 
111892.7 102893.4 219.5 19.6 20.0 25.8 
108699.6 101868.2 240.2 19.0 20.3 25.4 
103431.7 107958.1 230.5 17.8 20.2 26.0 
104776.6 107552.4 215.8 19.1 19.5 26.1 
108016.7 104313.1 223.9 19.4 20.0 25.6 
111928.2 101060.8 229.1 19.5 19.8 25.7 
107456.6 101604.5 234.9 19.1 19.5 25.1 
105062.3 107060.8 219.6 18.9 19.8 26.3 

105947.6 100224.1 224.2 18.3 21.6 26.7 
108671.0 101510.2 223.5 18.3 20.1 26.8 
107853.5 104089.3 227.6 18.8 21.0 26.1 
107126.2 104511.9 231.9 19.1 20.5 25.6 
105873.4 107148.9 222.5 18.1 20.7 26.4 
103197.2 108401.1 216.9 18.0 20.7 26.8 
104553.0 104022.5 231.4 18.7 21.1 25.9 
107161.8 102679.2 241.5 19.0 20.3 25.6 
107486.6 106722.6 234.4 18.2 20.9 26.1 
107644.2 103180.7 224.9 18.6 20.9 26.5 
102573.0 107082.0 226.2 18.0 20.8 26.2 
106665.7 102743.7 221.1 17.9 21.0 26.6 
102470.0 108823.7 221.1 18.3 20.2 26.4 
108636.2 104680.3 223.9 18.4 21.7 26.0 
102546.6 107555.7 220.7 18.3 21.1 26.7 
111967.5 100297.5 218.3 19.4 21.1 26.0 

96122.8 95646.4 207.5 16.9 17.7 25.9 
99742.5 88319.0 223.4 18.0 18.2 25.4 
100290.1 92124.1 206.2 18.3 18.3 25.7 
96477.1 94764.3 220.7 17.6 17.7 25.2 
95878.7 95511.9 207.8 17.6 17.9 26.0 
100534.3 92258.6 206.0 17.6 18.1 25.6 
103107.9 84403.2 222.6 18.2 18.0 25.4 
99244.1 91596.1 206.9 17.8 17.6 25.9 
97894.2 90619.7 222.5 18.2 18.0 25.5 
105489.1 85660.6 220.1 19.1 18.3 25.1 
101092.3 89295.4 207.9 17.6 17.9 25.8 
103473.5 90552.8 205.3 18.5 18.2 25.5 
102549.9 87366.4 220.7 18.1 18.2 25.2 
105453.6 87493.2 210.5 19.2 18.5 25.1 
100676.1 93076.3 213.2 17.9 17.4 25.3 

105435.9 101729.1 221.6 18.7 21.7 26.9 
108671.0 101510.2 223.5 18.3 20.1 26.8 
110580.5 100900.1 231.6 18.9 20.5 26.1 
108361.1 99704.1 221.6 18.9 21.3 26.6 
106701.2 100911.0 230.7 17.8 20.8 26.5 
108645.7 99684.1 226.3 18.6 21.3 26.2 
99238.7 113268.0 228.7 18.1 21.0 27.7 
102442.4 104343.8 251.4 18.1 21.6 27.6 
110615.5 100283.3 219.1 19.0 20.6 26.5 
108297.3 101847.8 221.4 19.7 21.0 26.1 
108775.4 100051.2 229.0 18.5 20.0 26.8 
105462.3 101255.4 227.2 18.4 21.4 26.4 
104553.1 104022.5 231.4 18.7 21.1 25.9 
99978.5 112046.8 229.4 17.8 21.6 27.9 
105330.6 102553.9 230.0 18.9 21.2 26.4 
108750.1 98225.1 231.8 18.9 21.2 26.2 

100447.8 97650.7 201.9 17.8 18.3 25.3 
101418.5 93464.8 211.6 17.8 17.4 25.8 
100164.5 94867.6 207.9 17.0 17.9 25.9 
103991.7 93954.2 212.1 18.2 16.8 25.6 
102463.4 92758.5 216.6 18.4 18.3 24.9 
105823.8 88911.6 212.4 18.7 18.3 24.6 
102092.4 90905.6 216.4 17.8 17.4 25.6 
105510.0 87892.2 212.3 17.8 17.9 25.4 

99345.1 94120.9 213.1 17.2 18.3 25.3 
104650.9 92954.3 211.7 17.6 17.3 25.7 
100176.7 92239.4 214.3 17.2 18.7 25.7 
99318.7 94594.6 207.5 17.5 18.6 25.7 
100107.9 91865.7 218.4 16.8 18.6 25.6 
102358.1 92623.5 222.0 17.1 18.3 25.4 
100055.7 90963.3 221.6 17.0 17.9 25.7 
100072.3 93698.4 208.8 16.9 18.8 25.7 
104338.2 89564.0 227.1 17.8 18.6 25.1 
103437.8 89782.6 208.0 17.1 18.5 25.6 
100819.8 94778.7 211.0 16.7 18.0 25.5 
98065.9 97231.6 198.1 16.5 18.8 26.5 
102653.1 93458.0 210.9 17.4 18.5 25.0 
102681.0 92355.2 218.9 17.2 18.0 25.4 
102785.5 90896.1 224.4 17.4 17.9 25.4 

101844.5 112168.5 242.9 21.6 21.5 28.1 
97528.5 119919.8 245.0 22.2 21.5 28.7 
106119.5 119359.2 231.7 21.5 21.4 28.9 
105328.2 112734.1 229.1 22.3 21.2 27.7 
106553.3 107592.7 237.2 22.7 21.5 27.9 
104036.2 119752.4 228.9 22.1 21.9 29.1 
106879.0 111046.2 230.1 21.6 21.8 28.1 
102890.5 112696.5 242.2 22.1 22.2 27.9 
108112.1 105396.6 234.5 22.4 21.7 28.1 
102149.4 121848.6 238.7 22.0 20.6 28.3 

103169.9 109967.3 224.8 18.5 21.1 27.5 
103177.4 109237.5 226.3 18.6 21.4 27.1 
103002.7 113098.4 218.1 19.1 21.1 27.5 
103010.3 112368.6 219.6 19.2 21.4 27.1 
102267.6 114029.1 226.1 19.0 21.0 27.3 
100426.8 109236.0 236.6 17.5 21.6 28.0 
99699.6 109658.5 240.9 17.8 21.0 27.6 
106673.6 102235.5 217.4 18.3 20.7 26.3 

122965.9 131008.3 266.4 23.8 26.7 28.3 
126675.7 130378.8 254.7 23.5 26.5 28.9 
122861.5 132467.3 260.9 23.5 26.7 28.3 
123119.7 134027.6 261.9 23.4 26.7 27.8 
125720.3 132465.1 265.1 23.7 26.4 28.2 
125117.0 132574.8 257.4 23.8 26.3 28.7 
127120.0 136347.9 269.7 24.1 26.9 27.4 
123147.1 131975.7 264.6 23.3 27.0 28.4 
120063.3 129898.0 253.4 23.0 27.3 27.4 

115812.7 118723.4 245.3 21.0 22.1 26.5 
117162.8 120255.2 238.9 21.5 23.1 27.8 
119084.5 115444.7 242.9 20.8 24.3 27.7 
118558.4 115740.2 245.3 21.3 23.5 27.4 
116179.6 116090.2 238.6 21.6 22.2 26.5 
121184.8 118366.3 236.8 21.4 23.5 27.7 

101852.7 105036.8 228.3 18.9 21.9 26.6 
107918.5 100106.6 230.6 18.9 20.8 25.8 
99872.6 108096.3 223.1 18.3 21.6 26.9 
102882.9 108449.6 221.1 18.5 20.9 26.5 
107751.3 103237.7 223.8 19.5 20.8 25.9 
101765.0 112592.1 222.3 19.4 22.2 28.1 
106959.1 107643.0 225.2 19.7 20.5 25.7 
110009.7 103208.4 223.8 19.0 20.9 24.8 
102120.2 110704.8 215.8 18.9 20.6 26.1 
101176.0 109198.6 220.0 19.4 21.5 26.6 
107521.5 105557.9 220.9 18.6 21.3 26.0 
104282.0 107119.8 213.5 19.1 21.7 26.8 
106665.7 102743.7 221.1 17.9 21.0 26.6 
106673.4 108134.6 221.5 19.9 20.3 25.5 
99811.3 115177.9 222.7 18.5 21.6 28.0 
99978.5 112046.8 229.4 17.8 21.6 27.9 

164169.9 167731.8 333.3 30.8 32.9 41.4 
165277.4 167880.4 337.0 31.0 33.2 41.2 
164455.5 167240.2 337.0 30.6 33.1 41.6 

142870.5 125825.2 284.7 24.7 26.0 32.5 
143944.0 125639.6 274.8 24.6 25.6 32.4 
140616.1 125246.0 287.2 24.6 26.7 32.6 
142881.4 130223.2 272.0 24.4 25.7 33.5 

119342.6 109320.1 236.8 21.7 22.1 27.6 
117703.9 110982.4 240.3 21.6 21.8 28.4 
117842.0 111106.3 242.9 21.5 21.1 28.2 
118067.2 107530.8 240.4 21.9 21.5 28.6 
117962.8 108989.8 234.9 21.7 21.6 28.6 
117235.5 109412.3 239.2 22.0 21.1 28.2 
119860.9 110804.2 236.4 22.2 21.2 27.8 
114371.6 111345.8 244.1 21.0 21.9 26.7 
117235.5 109412.3 239.2 22.0 21.0 28.2 

106337.5 105434.5 234.8 18.8 20.5 26.8 
106170.3 108565.6 228.0 19.5 20.5 26.8 
102804.9 112481.5 228.9 19.3 20.8 26.9 
108568.2 110995.3 221.7 19.6 20.9 27.5 
112376.0 109300.2 231.9 19.2 20.2 27.3 
106612.6 110786.3 239.1 18.9 20.2 26.7 
114409.3 108864.2 242.6 17.9 20.9 27.6 
106345.0 104704.7 236.3 18.9 20.8 26.4 
109978.0 106870.5 238.2 19.1 19.9 26.6 
113436.7 107039.4 240.9 18.2 20.7 27.6 

103688.7 89374.8 202.5 17.1 17.5 25.0 
96927.6 94883.8 199.3 17.0 17.1 25.5 
100293.0 90967.9 198.4 17.1 16.8 25.4 
103475.6 86633.7 215.2 17.2 17.9 25.0 
102308.6 86075.7 213.2 17.7 16.9 25.0 
101495.6 89693.3 210.1 16.5 17.6 25.3 
103035.8 85653.2 208.9 17.4 17.4 25.4 
103889.4 88706.5 198.6 17.9 16.8 24.7 
105765.6 85586.1 211.6 17.9 17.4 25.0 

107694.0 88464.3 220.1 18.6 17.1 24.9 
106469.9 88987.3 213.6 18.4 16.9 25.7 
105678.4 93356.5 205.3 18.0 17.0 25.3 
105782.8 91897.5 210.8 18.2 16.9 25.3 
107634.2 86022.7 211.9 18.4 17.3 25.5 
105568.3 86239.5 226.9 17.9 17.9 25.5 
104658.0 97137.4 209.2 17.5 17.5 25.7 
107738.6 84563.7 217.4 18.6 17.2 25.5 
102032.6 95745.5 211.9 17.3 17.3 26.0 
105652.0 93830.2 199.7 18.2 17.3 25.7 
105216.0 90390.1 209.9 17.5 17.3 25.7 
102827.6 94462.3 209.3 17.4 18.2 25.8 
102575.1 89194.6 213.1 17.7 17.0 26.1 
105664.4 85423.5 219.1 18.0 18.0 25.2 
108680.2 86550.7 211.2 18.9 18.0 25.3 
105792.0 89827.5 203.4 18.5 17.3 25.7 

217840.0 204194.1 411.0 42.3 43.7 50.1 
216021.3 199945.7 405.9 41.0 43.7 49.4 
214014.5 201098.0 419.8 40.6 44.5 49.4 
212034.4 204157.6 414.7 39.9 44.2 49.7 
217730.5 195243.1 400.0 40.7 44.5 48.9 
217444.8 195734.7 396.3 40.9 44.2 48.8 
213375.3 201153.7 403.8 41.6 43.7 49.5 
215654.4 202578.9 412.7 40.5 43.5 49.4 

108701.2 100697.6 226.8 18.6 21.5 25.7 
107732.5 102981.6 219.8 19.9 21.4 25.9 
105300.0 106612.6 232.2 18.6 21.6 25.6 
108336.1 107115.9 227.0 17.9 19.7 25.6 
104385.9 107153.6 224.7 19.4 21.1 26.0 
105957.3 108772.1 229.2 17.9 20.1 25.8 
105343.7 104105.2 223.9 18.8 21.3 25.6 
107422.0 107656.9 219.4 18.6 19.3 26.0 
110136.8 103445.0 221.9 19.1 20.4 25.6 
108614.8 103276.7 231.6 18.8 21.1 25.5 
107421.9 107656.9 219.4 18.6 19.2 26.0 
107446.8 103473.3 216.1 20.1 21.2 25.8 
108243.5 101321.8 223.8 20.2 21.6 26.8 
107429.5 106927.0 221.0 18.7 19.6 25.6 

105131.8 111074.7 221.3 18.5 20.8 28.0 
105675.0 98823.1 226.0 19.4 20.6 26.4 
110830.9 101632.7 211.8 19.5 21.3 26.6 
100517.1 112503.3 225.9 18.2 22.5 27.8 
108635.5 103342.9 213.9 18.4 20.3 26.9 
108645.7 99684.1 226.3 18.6 21.3 26.2 
106062.8 104357.4 237.5 18.2 21.9 25.9 
106254.3 105740.3 214.6 19.3 21.2 26.7 
102316.3 107746.2 221.5 18.7 20.9 26.5 
106665.7 102743.7 221.1 17.9 21.0 26.6 
110615.5 100283.3 219.1 19.0 20.6 26.5 
110857.3 101159.0 217.4 19.2 21.0 26.1 
100761.3 112637.8 225.7 17.5 22.3 27.8 
106460.1 99272.7 235.4 18.1 21.7 26.2 
104970.7 98211.6 234.9 19.5 19.7 26.1 

103770.9 103905.4 224.1 18.1 21.4 26.6 
107529.1 104828.1 222.5 18.7 21.6 25.6 
105778.7 101523.0 223.0 20.2 21.6 25.5 
106022.8 101657.5 222.8 19.5 21.3 25.4 
111479.0 102367.7 220.4 19.8 21.2 25.6 
113857.7 100711.5 218.3 19.8 20.9 25.4 
111029.9 103028.4 226.9 19.8 20.7 25.8 

113925.4 98633.7 234.4 20.3 20.4 26.6 
108669.4 110540.3 210.7 18.8 18.6 27.1 
106805.7 105659.0 224.5 18.3 19.0 27.1 
105613.4 105885.0 223.8 18.2 19.4 27.1 
113700.5 99054.4 219.5 20.9 20.3 27.4 
104780.7 106271.9 212.4 20.0 20.2 26.5 
108647.3 104037.2 202.3 20.2 19.3 26.8 
103764.8 106586.2 209.3 19.6 19.8 26.6 
113726.9 98580.7 225.0 20.7 20.0 26.9 
111950.7 104704.0 202.2 21.1 18.8 26.3 
102146.1 110789.8 225.4 17.7 21.2 27.8 
107005.8 109685.3 226.4 18.4 18.8 26.6 
115154.2 100009.2 214.1 20.4 20.5 27.4 

101770.8 106353.1 235.2 17.3 21.3 26.7 
102442.1 104102.1 230.1 18.1 21.0 26.8 
101993.8 106912.9 222.9 18.5 21.1 26.7 
103197.2 108401.1 216.9 18.0 20.7 26.8 
107906.9 101844.1 235.8 18.0 20.8 26.2 
105562.0 98033.3 238.4 18.0 20.6 26.5 
105058.8 102702.1 225.0 18.3 20.8 26.2 
106318.8 107664.1 225.5 19.2 21.5 26.1 
101526.6 106218.6 235.4 18.1 21.5 26.8 
100462.1 107161.6 225.0 17.5 20.7 27.2 
103931.9 101786.8 229.6 17.9 20.4 27.1 
105344.4 102210.5 228.7 18.1 21.0 26.4 
103863.0 101413.2 233.7 17.6 20.2 27.0 
110323.5 101835.0 219.9 18.9 19.9 26.1 
105526.5 99866.0 228.8 18.0 20.8 26.5 
108335.1 100932.1 217.4 19.6 20.7 26.7 
108864.7 102876.8 230.1 18.5 21.2 25.9 
110435.8 99867.8 221.7 19.5 19.4 25.9 
105394.8 101164.4 231.7 18.6 20.6 26.5 
102724.9 103665.5 243.8 18.5 20.8 26.4 
108361.5 100458.4 223.0 19.3 20.4 26.2 
103827.5 103245.8 224.1 17.6 20.5 27.1 
106493.5 103803.2 233.8 18.7 21.9 25.7 
105317.8 97898.9 238.6 18.7 20.8 26.5 

100864.0 93884.9 217.6 17.4 18.4 25.3 
99924.0 91112.7 205.3 18.5 19.2 25.4 
98150.8 91007.3 210.3 18.2 18.0 25.2 
95575.2 98292.7 203.0 18.8 18.9 25.0 
103426.0 92113.6 203.6 18.5 18.9 25.6 
99196.8 91535.3 209.6 18.7 18.7 25.0 
102358.3 91384.2 216.9 18.9 18.9 24.6 
99354.2 92495.5 204.2 17.8 17.6 25.4 
102844.0 90825.3 222.8 18.1 18.7 24.9 

100054.9 110906.4 213.8 19.2 20.4 26.0 
98936.7 112276.1 216.7 18.6 20.6 26.3 
107822.7 103828.2 222.5 18.9 21.5 25.6 
101369.6 105593.8 232.3 18.5 21.2 26.1 
105659.2 104773.6 222.8 17.7 19.9 25.8 
100046.9 111414.6 217.6 18.8 20.8 26.2 
107529.1 104828.1 222.5 18.7 21.7 25.6 
98944.7 111767.9 212.9 19.0 20.3 26.1 
107814.7 104336.4 226.2 18.5 21.9 25.8 
99494.8 109312.9 218.5 18.6 20.4 26.5 
103482.2 104315.0 222.0 17.7 21.1 26.8 
102573.0 107082.0 226.2 18.0 20.8 26.2 
107537.0 104319.9 218.8 19.1 21.3 25.4 
99389.5 108653.3 227.1 17.8 20.9 26.4 

99270.4 107815.2 212.8 17.6 20.0 27.1 
100752.3 105346.1 225.9 18.9 20.9 26.0 
100184.5 107274.2 220.3 16.9 20.5 26.7 
103897.5 103229.8 226.9 18.9 20.3 26.6 
104825.2 101084.8 232.7 19.4 20.0 26.0 
100911.9 102944.9 231.1 18.1 20.6 26.3 
101510.4 104420.7 233.3 19.2 20.5 26.1 
100744.7 106075.9 224.3 18.8 20.6 26.4 
102620.6 103559.2 234.2 19.4 20.6 26.0 
99880.0 108775.8 219.2 18.8 20.2 26.2 
100494.6 104734.9 230.2 18.9 20.1 26.1 
101658.8 105535.0 231.9 18.0 21.0 26.0 
104588.6 102189.8 241.0 18.6 20.9 25.8 
104135.8 105812.6 230.5 19.4 20.6 25.7 
101935.2 101900.8 235.7 18.6 21.3 25.8 

102109.1 93640.7 203.5 17.7 18.4 25.6 
110572.2 100525.1 228.7 18.9 21.1 25.5 
105293.4 90810.9 213.0 18.1 17.7 25.3 
100129.0 96700.2 198.4 17.0 18.1 25.9 
105474.5 89724.8 202.7 17.9 18.1 25.5 
101941.9 96771.8 196.8 18.4 18.4 25.7 

102051.9 105837.2 212.0 19.9 21.7 26.8 
98642.8 108807.7 202.4 18.2 21.1 27.9 
108387.5 101493.2 217.4 21.2 21.4 25.9 
107371.7 101807.4 214.3 20.8 21.1 26.0 
100799.0 108474.2 202.6 18.9 22.0 27.6 
102505.3 103528.1 218.3 20.1 21.5 26.6 
103177.8 106818.0 200.4 18.9 21.6 27.4 
101053.5 107460.6 207.0 18.8 20.2 27.0 
110838.2 104641.0 203.0 21.0 21.0 26.2 
108167.8 101758.5 206.0 20.8 21.7 26.5 
104601.0 102400.5 212.9 20.3 21.3 26.4 
99620.8 109555.1 206.6 18.7 21.4 27.5 

106809.6 93975.6 218.5 19.9 18.2 27.0 
106836.0 93501.9 224.1 19.6 17.9 26.5 
104577.2 96601.6 217.1 18.4 17.8 26.7 
108929.6 94002.6 224.3 19.6 19.4 26.3 
105912.2 93430.7 230.6 19.7 19.3 26.0 
98732.3 102204.3 226.4 19.0 20.1 28.4 
106762.8 97013.0 208.0 18.8 17.5 26.8 

93855.8 84142.2 178.2 18.8 18.6 21.0 
90518.0 88182.2 172.2 18.4 18.6 21.4 
91120.6 82902.7 186.3 18.2 18.7 21.3 
90672.4 85713.6 179.0 18.6 18.7 21.2 
93701.5 86610.9 171.3 18.7 18.5 21.2 

100748.7 117694.0 209.2 23.2 22.1 25.6 
100665.9 117570.5 218.4 22.3 23.3 25.6 
104055.6 114866.4 212.3 22.9 22.0 25.8 
100740.8 118202.2 212.9 22.8 22.5 25.8 
99926.9 114472.2 213.8 22.9 22.5 25.6 
106612.8 124178.7 230.4 25.6 23.2 25.8 

106452.0 108616.4 242.8 19.8 20.8 25.1 
103331.6 110431.1 235.1 19.0 21.1 25.6 
107828.7 103905.7 225.4 18.2 21.5 25.8 
106522.9 104621.6 224.2 19.1 20.4 26.2 
100358.7 112617.9 237.4 18.4 21.4 27.2 
109025.9 100255.2 234.3 19.2 21.1 25.5 
107804.5 106663.8 238.0 19.5 21.1 25.2 
110925.2 103303.8 230.1 19.6 20.5 25.5 
110615.5 100283.3 219.1 19.0 20.6 26.5 
109026.0 100255.2 234.3 19.2 21.1 25.5 
107874.7 111519.7 228.4 19.8 19.8 25.6 
105301.5 111030.3 227.9 19.5 20.4 25.9 
102931.9 113107.3 237.9 18.8 20.8 26.9 
107437.7 109297.1 244.8 19.0 20.9 25.2 

104580.1 93278.5 200.2 18.8 17.6 25.2 
104615.6 91445.8 209.8 18.7 17.3 25.1 
97951.0 95559.0 209.0 16.7 18.7 25.5 
100457.9 93717.1 205.2 17.8 17.3 25.5 
100102.6 97173.9 192.8 17.3 18.4 26.4 
99686.9 92365.0 214.4 18.1 19.2 25.2 
100353.5 95176.1 199.7 17.6 17.4 25.5 
105307.3 92855.9 196.0 18.5 18.1 25.6 
103096.9 95544.6 201.7 18.0 17.3 25.6 
99923.5 93229.3 212.6 17.3 18.7 25.5 
106717.1 90746.6 199.7 18.6 16.9 25.4 
103468.0 93258.1 192.0 17.5 18.1 26.3 
103052.3 88449.2 213.5 18.3 18.9 25.1 
99519.7 95496.1 207.7 18.7 19.2 25.3 
105107.6 92358.1 209.4 17.4 17.9 25.5 
105482.1 88995.0 204.2 18.0 18.4 25.1 
105474.5 89724.8 202.7 17.9 18.1 25.5 
102992.5 97003.6 196.2 17.8 17.4 25.6 

89014.6 102264.6 201.2 19.2 19.9 20.6 
88446.8 105026.4 211.8 18.5 19.8 21.8 
91119.4 102787.2 203.1 18.6 20.7 21.7 
88647.7 104897.9 208.0 18.6 19.7 20.7 
88728.9 102756.2 197.5 19.4 19.7 20.5 
87904.4 103126.0 200.3 19.0 19.8 20.7 
85639.9 107267.7 202.3 18.9 20.7 21.6 

105749.5 106173.5 220.5 18.9 21.5 25.6 
109537.1 100665.7 235.7 19.2 21.4 25.6 
104465.3 110793.5 217.1 19.1 20.9 25.7 
107719.3 106772.7 213.3 19.3 20.8 25.9 
108228.4 101474.2 225.4 19.3 20.9 26.0 
101148.3 111763.3 231.3 19.3 21.9 27.6 
106035.2 105681.8 224.2 18.7 21.7 25.8 
103161.9 110475.5 228.5 18.1 21.5 27.7 
108332.8 100015.2 230.9 19.6 20.8 26.1 

116955.4 110987.7 228.1 20.9 21.9 28.8 
115555.7 110743.2 225.4 20.6 22.4 28.9 
115841.4 110251.6 229.2 20.4 22.6 29.0 
113505.1 116252.3 223.3 19.9 22.2 28.8 
114828.5 111165.8 229.7 20.9 21.9 28.4 

119592.9 116103.7 249.3 20.5 22.1 28.2 
120566.1 120923.8 245.0 19.6 21.9 27.9 
119838.9 121346.3 249.3 19.9 21.3 27.5 

135954.9 146163.6 296.7 24.8 29.2 35.3 

103520.8 96617.5 222.7 16.9 18.2 24.2 
102974.7 95954.0 216.6 17.0 18.0 24.0 
98413.1 101132.2 221.0 17.1 18.7 24.2 
109005.5 98379.8 252.9 19.1 18.1 24.8 
102190.0 99629.4 219.5 17.3 18.0 23.4 
102948.3 96427.7 211.1 17.3 18.4 24.5 
108804.4 98506.9 254.8 18.9 18.3 24.7 
99299.6 96799.8 210.2 17.1 18.0 24.5 
100349.0 98648.6 218.1 16.6 19.0 24.3 
110211.6 98021.5 259.1 19.4 18.0 24.2 

110424.6 95957.4 238.5 19.0 20.1 25.8 
110738.8 98519.5 220.4 18.7 20.8 25.8 
111164.4 94736.2 239.2 18.7 20.7 26.0 
110332.8 96617.8 238.0 18.8 20.2 25.5 
112232.0 99666.5 233.7 19.2 19.6 25.5 
109099.7 102267.5 233.6 18.0 20.4 25.6 
110047.1 97109.4 234.2 18.9 20.0 25.4 
111865.2 102299.7 240.5 18.6 19.5 25.5 
109606.6 98274.6 236.5 18.9 19.5 25.8 
108794.3 99746.5 224.8 18.0 20.2 26.1 
111207.4 96548.3 234.8 18.6 20.7 25.7 

100082.7 94327.3 213.4 18.2 18.1 25.7 
103216.8 103233.4 219.5 18.2 20.5 25.4 
103494.5 103249.9 227.0 17.6 21.1 25.8 
103335.2 105872.8 216.5 18.7 20.7 25.6 
103129.7 102401.9 230.8 18.9 21.3 25.2 
101035.7 93873.7 206.8 19.3 18.7 25.2 
100729.8 88038.0 209.5 18.8 17.6 25.7 
103502.4 102741.7 223.3 18.0 20.7 25.6 
106867.9 98825.9 222.4 18.2 20.4 25.5 
106582.2 99317.5 218.7 18.4 20.2 25.3 
101468.1 93471.0 207.4 17.7 17.5 26.0 
105474.5 100190.4 232.1 18.3 21.4 25.4 
102849.9 105866.6 226.3 17.7 20.3 25.4 
106859.9 99334.1 226.2 17.8 20.8 25.7 
106956.8 98604.9 230.1 17.9 20.4 26.1 

147703.5 138144.3 290.8 27.8 26.9 32.9 
144662.7 139257.7 280.6 27.6 27.6 33.2 
145735.1 139312.0 285.5 27.8 28.0 32.5 
133398.3 138506.1 277.4 24.2 28.4 33.6 
142682.7 142317.3 275.5 26.9 27.3 33.5 
142880.9 143908.4 282.2 27.0 26.8 33.6 
138774.5 146016.4 277.7 26.3 28.2 32.4 

105760.4 105434.7 231.8 17.2 21.5 26.3 
110475.8 101744.4 215.6 18.1 20.6 26.4 
100082.9 110587.8 234.9 18.1 21.5 27.9 
104824.7 108543.1 230.6 18.7 21.5 25.8 
103941.6 102390.0 234.1 17.3 22.0 26.2 
108506.0 101145.2 222.8 17.7 21.3 26.1 
101791.4 112118.4 227.8 19.2 21.9 27.6 
108137.5 103299.3 234.3 18.8 20.7 25.4 
107750.5 105831.0 222.5 19.1 20.4 26.2 
112049.1 100047.0 239.5 18.9 20.5 25.5 
99811.3 115177.9 222.7 18.5 21.6 28.0 
107937.4 105712.5 234.3 18.6 20.4 25.5 
106679.2 102465.4 239.2 18.1 21.6 25.8 
107023.3 106253.5 226.8 19.4 19.9 25.8 
105613.8 112453.3 225.5 18.9 20.8 25.8 

107909.4 104864.8 214.2 21.3 22.3 23.6 
104640.1 109504.7 206.6 21.1 23.6 23.5 
110907.1 114497.5 222.2 18.9 20.2 27.9 
105341.6 110790.7 215.6 21.1 23.2 23.4 
110549.6 107589.7 222.5 19.5 20.1 27.1 
105736.1 110523.2 218.3 21.7 23.3 23.3 
103857.3 108913.7 210.3 21.5 22.9 23.6 
109050.9 107187.3 217.7 21.8 22.8 23.2 
104594.6 108200.6 214.8 21.2 22.8 23.7 
103156.0 110379.3 224.7 20.6 23.6 23.3 

113175.7 113966.2 240.7 21.5 20.1 28.4 
118348.1 116608.4 230.2 21.4 20.1 28.9 
117620.9 117031.0 234.4 21.7 19.6 28.5 
115331.0 118284.4 227.4 21.7 20.5 28.7 
117434.2 119710.7 231.0 21.9 20.2 29.0 
115721.7 113982.3 238.7 21.3 20.2 28.6 
117585.4 118863.6 224.8 21.8 19.8 28.6 

104850.7 107463.0 237.2 20.2 22.1 26.9 
102383.9 112646.6 224.0 19.9 22.3 26.7 
106436.9 108201.2 232.0 20.3 21.3 26.9 
103317.9 109059.1 229.8 20.0 21.9 26.6 
105863.9 109075.1 227.8 19.9 22.0 26.7 
109393.3 111631.0 229.4 19.1 21.7 26.8 
102951.1 111692.3 236.6 19.5 21.8 26.6 

105131.8 111074.7 221.3 18.5 20.8 28.0 
106438.8 110562.3 221.0 17.8 21.3 26.8 
104184.4 109983.1 223.6 17.7 22.0 26.9 
108490.2 103670.9 231.2 18.1 21.6 26.6 
107540.3 106211.1 228.2 19.1 20.9 26.8 
108813.5 107235.2 228.9 19.0 21.7 26.4 
107707.4 103080.0 235.0 18.5 20.9 26.7 
106813.1 106633.6 232.5 19.4 20.4 26.3 
104414.8 107838.5 237.9 19.0 21.3 26.9 
101654.5 112486.4 231.9 17.9 22.7 27.5 
103161.9 110475.5 228.5 18.1 21.5 27.7 
104627.5 106222.2 241.6 18.9 20.7 26.3 
106777.5 108466.2 222.9 19.5 20.6 26.4 
104982.8 110038.8 223.2 19.8 21.4 27.2 
105560.2 109270.6 223.1 18.4 20.6 27.1 
101283.5 111673.7 232.1 17.7 21.9 27.8 

174304.5 176186.2 350.5 31.4 34.1 42.5 
178965.9 173884.0 356.2 31.7 34.7 41.8 

114627.6 110249.0 226.6 20.7 20.3 27.9 
111869.9 111849.3 216.1 20.7 20.8 28.4 
115673.6 110777.0 225.9 21.3 21.0 27.7 
116526.8 113297.7 222.4 21.1 19.8 27.8 
110260.4 110143.2 221.9 20.9 21.0 28.7 
118390.8 115427.9 217.5 21.8 21.8 28.5 
114663.1 108416.3 236.2 20.6 20.1 27.8 

113375.9 99680.4 247.2 21.0 21.7 28.9 
120509.1 114496.3 240.7 20.4 20.9 30.3 
113376.9 100548.4 242.0 21.2 21.1 28.9 
116979.7 111940.4 239.2 21.1 21.2 30.2 
116913.9 102374.5 245.1 20.6 21.1 28.5 
117018.3 100915.5 250.6 20.8 21.0 28.6 
113384.5 99818.6 243.6 21.3 21.4 28.5 

101269.7 88280.4 224.6 17.8 17.0 25.4 
98696.5 87791.0 224.1 17.5 17.5 25.7 
101042.2 90881.1 212.0 18.5 18.1 25.4 
101791.1 92495.0 218.5 18.3 18.0 24.6 
97087.1 92901.1 209.6 17.2 17.6 25.6 
101077.7 89048.4 221.6 18.4 17.9 25.4 
101390.7 89556.5 217.3 18.0 17.8 25.4 
103107.9 84403.2 222.6 18.2 18.0 25.4 
103256.2 91614.7 204.6 18.2 17.2 25.7 
99062.1 93940.6 206.9 17.8 17.8 25.8 
101070.6 91203.4 213.7 17.7 17.6 25.6 
101286.3 91015.5 211.8 17.8 17.9 25.4 
103963.9 90045.9 217.8 18.4 17.2 25.1 
103012.0 91480.2 204.8 18.9 17.4 25.7 
98429.2 91767.3 217.3 17.9 18.4 25.0 
100559.1 91438.1 216.1 18.1 17.4 24.9 

105435.2 89140.8 214.9 18.2 17.7 25.2 
104096.8 92882.5 210.2 18.4 17.3 24.9 
103455.1 92200.4 209.7 17.5 17.4 25.6 
104734.7 90946.0 202.0 18.1 17.5 25.3 
107208.5 88097.0 211.6 18.3 17.6 25.3 
101369.3 94861.8 202.8 18.0 17.8 25.4 
98340.2 93964.5 210.6 17.9 18.0 25.3 
99543.6 95452.7 204.5 17.4 17.6 25.5 
97613.0 94387.0 214.8 18.2 17.4 24.9 
105068.3 91774.1 221.7 17.7 17.5 25.3 
102116.7 95942.1 205.0 17.8 17.0 25.2 

121851.0 119637.9 249.7 21.5 23.7 29.7 
124105.4 120217.1 247.2 21.6 23.0 29.6 
123861.2 120082.6 247.4 22.4 23.2 29.7 

95459.4 90657.7 180.9 19.4 19.3 21.6 
98992.2 91408.8 172.0 20.3 18.7 21.0 
95826.2 88024.4 174.1 19.9 19.5 21.6 
93142.4 90325.0 171.8 19.6 18.9 20.7 
101676.1 89108.2 174.2 20.6 19.3 21.8 
96553.5 87601.9 169.9 19.6 20.0 22.0 
96186.6 90235.2 176.6 19.1 19.8 22.0 

101872.4 92776.4 205.3 18.6 18.9 25.3 
104086.4 93510.0 197.9 18.3 18.0 25.5 
102221.0 91451.8 210.6 18.1 18.6 25.2 
105293.4 90810.9 213.0 18.1 17.7 25.3 
99931.0 92499.5 214.1 17.4 19.0 25.1 
100136.6 95970.4 199.9 17.2 18.4 25.5 
106028.2 89658.6 210.3 18.0 18.5 25.3 
104015.9 95959.5 200.8 18.2 18.1 25.1 
103402.8 88266.7 213.0 17.7 18.4 25.6 
105653.8 93021.6 215.5 17.3 18.1 25.7 
99923.5 93229.3 212.6 17.3 18.7 25.5 
105107.6 92358.1 209.4 17.4 17.9 25.5 
101381.8 94063.2 207.8 18.0 17.9 25.2 
101982.5 96882.3 204.7 17.8 17.3 24.9 
107451.9 89594.2 197.0 18.4 17.7 25.4 
105237.9 88860.5 204.5 18.8 18.6 25.2 
106020.6 90388.4 208.7 17.8 18.2 25.7 
103257.8 91920.1 199.3 18.1 18.3 25.5 

121935.3 122026.6 256.2 22.8 22.6 32.0 
129888.8 113195.4 266.3 23.0 22.7 31.6 
123997.1 119507.3 255.9 22.2 22.6 31.8 
126732.3 120746.8 247.8 22.8 22.6 31.5 
124591.0 115146.7 261.5 22.0 22.4 31.9 
127902.4 122172.7 257.7 23.0 21.5 31.9 
121822.3 123347.3 254.3 22.2 23.0 32.4 
122330.3 120485.3 260.6 22.6 22.1 32.0 
131267.8 118256.9 256.9 23.2 21.2 31.9 
128635.9 115832.5 256.8 22.0 23.0 32.3 

98646.7 92823.7 215.9 17.4 17.9 25.5 
106687.6 92896.6 206.4 18.4 16.9 25.6 
98950.9 97038.1 201.6 17.1 17.3 26.4 
102144.6 91808.0 213.1 17.6 18.2 25.5 
101381.8 94063.2 207.8 18.0 17.9 25.2 
97728.3 98653.2 206.2 17.6 18.1 27.2 
99959.0 91396.7 222.2 17.2 18.5 25.4 
98961.2 93379.4 214.0 17.4 18.2 25.7 
98233.9 93801.9 218.2 17.7 17.7 25.3 
96945.6 98271.6 199.2 16.8 18.2 26.1 

176742.2 154196.8 344.6 34.4 33.6 41.3 
173049.1 154660.6 339.4 32.7 33.4 41.7 
173214.5 158760.1 346.3 32.7 34.2 41.0 
174492.8 152508.1 349.5 33.4 34.6 41.2 
174275.5 158417.7 345.1 32.8 34.2 41.2 
174388.3 153967.2 344.0 33.1 34.7 41.2 

143737.5 151880.8 306.8 27.6 28.6 36.1 
144441.4 154249.7 306.2 26.6 29.3 36.5 
145548.8 154398.2 310.0 26.9 29.6 36.2 

104356.3 105029.2 227.0 18.3 20.2 25.6 
102690.4 100375.4 239.5 18.1 21.3 26.6 
101218.4 104264.9 222.6 19.1 21.3 26.5 
102759.3 100749.0 235.4 18.5 21.4 26.7 
102477.9 108315.5 217.4 18.7 19.8 26.2 
108645.7 99684.1 226.3 18.6 21.3 26.2 
104583.8 100349.1 221.8 19.3 21.0 26.4 
111612.1 98512.0 220.7 19.8 20.5 26.1 
100208.6 109345.8 225.8 17.8 20.3 26.0 
110857.3 101159.0 217.4 19.2 21.0 26.1 
99294.5 109886.8 218.3 18.5 19.9 26.4 
107206.2 105566.4 214.5 19.2 21.0 26.0 
106553.7 100948.3 214.6 19.7 20.3 26.7 
105878.9 102567.0 226.1 18.8 19.3 26.0 
103392.1 107774.5 224.9 18.0 20.3 25.8 
103524.0 108843.5 216.7 19.3 20.5 26.0 
102654.9 102208.0 229.9 18.2 21.5 26.7 
102376.2 108088.8 221.8 17.6 19.9 25.9 

104654.5 108708.0 231.0 18.3 21.2 25.4 
107049.2 101412.9 239.1 18.6 21.2 25.7 
109021.7 99083.2 242.7 19.1 21.2 25.7 
107144.7 105742.0 233.2 18.1 20.8 25.6 
112342.0 99413.9 234.3 19.3 21.7 25.3 
100054.8 107243.8 225.5 19.5 20.0 25.6 
103211.8 106146.2 219.0 20.0 20.2 25.9 
101004.7 104703.7 228.5 18.5 20.6 25.4 
107041.6 102142.7 237.5 18.5 20.9 26.0 
109029.2 98353.3 244.3 19.2 21.5 25.3 
100028.3 107717.5 219.9 19.8 20.3 26.1 

104106.2 103688.2 232.8 18.4 19.8 25.3 
108083.9 102495.2 224.0 19.7 19.7 25.8 
104179.9 105017.7 220.4 19.7 20.2 25.3 
103156.5 106061.8 215.7 19.2 19.5 25.7 
104172.4 105747.5 218.8 19.6 19.9 25.7 
103883.8 105639.3 211.5 18.9 20.0 26.2 
108119.4 100662.6 233.6 19.6 19.5 25.7 
109033.5 100121.6 241.1 18.9 19.9 25.3 
106263.1 102931.9 229.3 18.0 19.8 26.2 
104465.6 104526.1 224.1 19.5 20.4 25.4 

101424.9 91500.7 218.9 18.0 17.9 24.7 
100176.6 92568.7 216.2 17.0 17.6 26.3 
103494.4 92784.4 197.5 17.2 17.8 25.8 
98221.4 94600.5 213.3 17.6 17.6 25.5 
101551.3 92517.3 202.9 17.9 17.6 25.5 
105510.0 87892.2 212.3 17.8 17.9 25.4 
102774.9 86652.7 220.4 17.2 17.9 25.8 
97978.9 94456.2 217.0 16.5 18.2 25.8 
106565.8 90000.7 214.7 18.4 17.1 25.4 
100110.1 96444.1 194.3 17.4 18.7 26.0 
100164.5 94867.6 207.9 17.0 17.9 25.9 
99948.8 95055.4 209.8 16.9 17.5 26.1 
102090.2 93384.5 199.5 18.1 19.0 25.7 
98934.7 93853.1 208.4 17.7 18.5 26.2 
101947.6 96553.6 206.1 17.2 17.6 26.3 
103387.2 92829.7 210.1 18.3 16.9 25.4 
100129.0 96700.2 198.4 17.0 18.1 25.9 
103899.7 94596.8 203.2 18.1 18.4 25.6 
102116.6 92910.8 205.1 17.8 18.7 25.2 

128229.1 128490.7 275.4 23.1 22.3 30.3 
124830.2 128530.0 277.3 23.7 23.4 30.1 
130127.3 130305.2 276.9 23.7 21.9 29.5 
121727.9 130143.9 285.5 23.6 22.6 30.2 
126812.5 133641.0 277.5 23.5 22.3 29.6 
123784.2 128002.0 278.0 23.2 22.7 30.3 
122552.8 125745.1 280.7 22.5 21.7 29.4 

107815.5 101848.3 225.4 19.2 20.2 26.0 
106701.2 100911.0 230.7 17.8 20.8 26.5 
105470.2 100747.2 223.5 18.8 21.0 26.2 
108777.1 97919.6 226.6 18.5 20.9 26.4 
105226.1 108626.0 209.3 18.5 20.7 26.3 
106498.5 105874.8 214.4 18.6 21.0 26.6 
102477.6 108093.9 222.7 18.4 20.5 26.0 
108155.8 103192.8 231.6 18.4 21.3 25.6 
104617.2 102633.0 233.0 18.4 20.5 26.0 
106665.7 102743.7 221.1 17.9 21.0 26.6 
104457.6 105034.3 227.8 19.1 20.8 25.7 
103441.8 105348.6 224.7 18.8 20.4 25.7 
105497.8 99422.8 236.8 18.3 21.2 26.3 
105462.3 101255.4 227.2 18.4 21.4 26.4 
103489.8 103585.2 223.6 17.8 21.4 26.4 

103144.3 94528.1 187.9 17.7 16.9 25.8 
103248.7 93069.1 193.4 18.0 16.8 25.8 
103866.9 105022.0 230.2 18.9 19.9 25.6 
102417.1 94950.7 192.2 18.0 16.4 25.4 
101681.4 104610.6 239.3 18.5 20.3 25.5 
100138.2 106927.5 235.8 18.0 20.2 26.0 
99765.3 105515.4 228.4 18.8 19.7 25.8 
101174.5 93928.9 195.1 17.3 17.6 25.5 

100581.6 92795.6 210.9 17.0 17.6 25.4 
102072.4 97773.1 185.6 17.7 17.7 26.7 
102109.1 93640.7 203.5 17.7 18.4 25.6 
99029.1 96782.9 210.1 18.2 18.2 25.2 
102098.8 97299.4 191.1 17.5 17.4 26.2 
102561.7 89736.0 216.0 17.7 17.9 25.0 
100063.4 89937.6 227.7 17.4 18.4 25.5 
97216.2 96711.4 211.7 16.9 17.9 25.4 
99762.2 96727.4 209.7 16.7 18.0 25.6 
102215.0 96769.6 198.4 17.6 18.0 26.4 
99959.0 91396.7 222.2 17.2 18.5 25.5 
105474.5 89724.8 202.7 17.9 18.1 25.5 

110046.7 99040.9 226.5 18.3 21.1 26.2 
102001.8 106404.7 219.2 18.9 20.7 26.5 
109492.6 98885.6 224.2 17.9 21.4 26.2 
101993.8 106912.9 222.9 18.5 21.1 26.7 
108277.8 100339.9 225.7 20.3 20.9 26.1 
105185.2 104833.4 218.3 19.1 20.6 26.3 
100536.6 109083.6 231.3 17.9 21.4 28.0 
111218.3 99350.3 217.2 19.1 20.9 26.6 
102999.6 104422.0 227.4 18.7 21.0 26.2 
106336.4 100063.0 234.5 19.1 21.1 25.9 
103926.2 111031.9 215.5 18.4 22.1 27.8 
108486.5 102307.0 215.9 19.7 20.9 26.1 
109492.7 98885.6 224.2 17.9 21.4 26.2 
108542.7 101425.8 221.2 18.9 20.7 26.4 
108522.0 100474.4 225.4 19.6 20.7 26.0 
110932.7 99841.9 213.5 19.3 20.7 26.4 

108505.7 101311.7 236.9 17.8 20.9 25.9 
103345.9 105235.5 214.3 18.1 20.6 27.0 
111807.2 98618.8 220.4 18.2 21.6 25.9 
105407.6 102882.3 239.7 18.6 20.3 25.4 
108645.7 99684.1 226.3 18.6 21.3 26.2 
108699.7 101953.4 215.5 18.0 19.7 27.0 
108470.1 103144.4 227.4 17.9 21.1 25.9 
103372.3 104761.8 219.8 17.8 20.3 26.5 
105352.4 101702.3 225.0 18.5 20.6 26.2 
108514.1 100982.6 229.2 19.2 21.1 26.2 
104111.3 107860.2 224.4 17.3 21.2 26.5 
106081.2 108459.4 217.2 17.7 20.5 26.8 
108478.6 102815.2 219.6 19.2 21.3 26.3 
105945.5 105251.3 220.4 18.2 19.7 26.3 

126922.2 133310.1 259.1 21.7 23.8 30.4 
123422.6 128566.2 257.6 21.6 25.8 31.3 
123318.2 130025.2 252.1 21.4 25.9 31.3 
125328.5 130469.9 249.8 22.2 25.4 31.3 
123074.1 129890.7 252.4 22.1 26.1 31.4 

100523.5 113686.9 227.1 18.4 21.6 27.5 
99084.1 109498.0 233.4 19.0 21.4 27.4 
103980.2 109233.8 234.4 17.6 22.0 27.5 
111704.5 100602.2 236.5 18.5 21.6 26.9 
106486.0 104533.0 232.3 18.6 21.6 26.0 
110571.6 101650.6 213.7 19.4 20.7 25.9 
102709.1 114098.2 218.1 18.9 21.3 27.6 

123297.2 127985.3 233.3 24.5 26.3 30.6 
123040.4 121733.1 249.3 24.6 25.0 29.6 
124875.5 120787.6 226.7 24.7 25.7 30.2 
122746.7 122005.5 238.7 24.7 25.3 30.1 

100608.7 101091.6 182.9 20.4 19.5 22.5 
102457.7 109864.0 237.4 18.2 20.7 27.4 
106665.7 102743.7 221.1 17.9 21.0 26.6 
108619.3 100157.8 220.7 18.9 21.6 26.7 
99734.3 111912.3 229.6 18.6 21.8 28.0 
102422.2 111696.7 227.8 18.3 20.9 27.5 
107448.4 103334.6 217.4 17.6 21.7 26.5 
99769.6 109838.0 218.0 18.6 21.0 27.1 
108645.7 99684.1 226.3 18.6 21.3 26.2 
103300.2 106659.5 222.0 17.8 21.3 26.6 

157677.8 141937.1 291.8 32.4 30.3 36.6 
156187.2 139162.8 300.6 30.3 29.3 37.0 
157670.3 142666.9 290.3 32.3 30.0 37.0 
154356.2 137718.9 295.8 30.5 28.2 36.6 
154348.6 138448.7 294.3 30.4 27.9 37.0 
159057.4 142224.7 290.6 31.9 30.8 36.4 

128132.8 119638.0 235.1 24.2 25.7 30.6 
128004.4 125420.9 235.2 24.6 25.5 31.2 
129082.7 126845.8 237.4 24.7 25.3 30.2 
127945.9 129113.4 230.1 24.5 25.1 30.1 

98205.9 107221.2 233.4 17.0 22.3 26.7 
103712.5 106939.1 239.9 17.4 20.8 25.9 
107159.1 100881.6 228.6 18.3 20.4 25.6 
104396.3 103350.2 227.2 17.9 19.5 26.1 
104347.8 107176.9 235.1 16.9 21.5 26.1 
102329.0 109689.7 226.9 16.8 20.4 26.2 
100185.9 104161.6 238.6 17.6 22.6 26.4 
105179.1 103941.2 223.5 17.6 20.2 26.0 
102073.5 107374.1 242.8 17.2 21.8 26.3 
106376.4 100290.7 232.3 18.6 19.8 25.7 
102460.3 103964.4 230.9 17.3 22.4 26.2 

114329.1 116800.5 250.2 19.8 21.5 27.7 
116298.9 117399.7 243.0 20.3 20.8 28.0 
115188.8 118261.2 242.1 20.1 20.7 28.1 

109702.7 99391.3 213.1 18.7 20.0 26.1 
109528.8 104288.6 223.5 19.0 19.4 25.4 
110485.2 100148.7 223.4 18.5 20.2 25.7 
109254.9 98966.0 234.7 19.2 20.9 25.5 
105057.8 104763.4 234.3 19.1 20.7 25.1 
110449.7 101981.4 213.9 18.6 20.4 25.8 
108403.5 97834.9 228.4 19.1 20.5 25.7 
106642.7 105828.1 222.7 18.5 20.4 25.7 
102580.9 106573.8 222.5 18.5 20.4 26.0 
106461.3 106626.4 224.0 19.1 18.6 27.1 
109261.2 99322.2 221.0 18.8 19.7 25.9 
109988.4 98899.6 216.8 18.5 20.2 26.3 
110770.9 99657.1 227.2 18.3 20.4 25.9 
109150.5 100425.0 229.2 19.0 20.9 25.5 
110735.3 101489.8 217.6 18.4 20.6 26.0 

106098.6 102358.2 233.0 18.0 22.1 26.1 
114353.4 104969.3 227.4 19.6 20.5 27.1 
112321.8 101195.7 223.6 20.1 20.7 26.1 
104291.1 108628.7 237.1 20.0 20.7 26.7 
108681.2 97851.5 235.9 18.5 21.1 26.2 
105177.3 105341.6 222.0 18.7 21.0 26.5 
105315.8 101767.3 236.7 18.3 21.4 26.2 
107491.9 105074.8 218.2 19.0 21.3 26.2 
106195.8 103341.6 235.0 18.2 21.4 26.1 
102516.6 106024.1 236.4 18.5 21.7 27.7 
104429.4 104812.7 230.5 19.7 20.5 25.7 

103916.1 101522.8 234.0 18.0 21.9 26.3 
101569.2 107215.7 235.6 16.8 21.5 26.7 
104698.9 102113.8 230.3 17.6 22.6 26.2 
101533.7 109048.3 226.1 16.8 21.7 26.8 
105257.8 100790.3 232.6 17.5 22.4 26.4 
100418.2 102538.5 236.8 17.8 21.7 26.3 
102933.4 109292.8 228.7 17.2 21.2 26.7 
104509.2 105071.8 229.4 17.6 21.1 26.4 
104899.1 105132.5 225.2 17.0 21.4 26.7 
104510.9 98200.1 231.7 17.7 21.9 26.7 
105266.0 102499.2 218.5 17.6 21.6 26.7 
103783.6 98622.7 236.0 18.0 21.4 26.2 

106214.6 106002.8 220.4 17.6 21.3 25.9 
108644.4 101312.7 227.6 18.1 19.9 26.2 
104282.0 104480.4 221.3 17.7 19.7 27.0 
103232.8 106568.5 226.4 18.0 20.5 26.8 
102068.0 103746.7 228.8 18.1 20.6 26.8 
103301.6 106942.1 222.4 18.3 20.6 26.8 
103197.2 108401.1 216.9 18.0 20.7 26.8 
106562.7 104485.3 216.0 18.2 20.4 26.7 
103205.2 107892.9 213.1 18.5 20.3 26.6 

105565.6 94276.1 220.7 18.8 17.9 25.8 
111817.6 90664.2 211.4 20.0 17.7 26.3 
109840.2 90794.8 217.1 19.5 18.1 26.4 
111810.0 91394.0 209.9 19.9 17.4 26.7 
107867.7 93124.6 213.5 19.0 18.1 26.3 
112544.8 90241.7 207.2 19.8 18.2 26.7 
110564.7 93301.3 202.0 19.1 17.9 27.1 
106472.1 97639.6 207.1 19.2 17.7 26.7 
109837.5 93723.8 206.3 19.4 17.4 26.7 
102643.6 96151.6 200.7 18.9 17.8 26.8 
105604.0 95068.0 213.5 19.7 17.7 25.7 
105349.9 94463.9 222.6 18.7 17.6 26.0 

109152.5 103127.4 220.1 17.9 18.2 27.5 
110652.3 103046.4 226.2 19.1 20.5 26.4 
108305.8 102664.7 207.1 18.6 17.7 27.9 
106335.9 102065.5 214.3 18.2 18.4 27.6 
106633.0 100101.7 227.6 18.0 18.7 28.2 
106912.0 102490.1 216.1 18.1 19.3 28.4 
106784.2 99254.6 221.5 17.8 18.3 27.8 
106184.8 102912.6 220.4 18.3 18.7 28.0 

103857.1 104540.7 234.8 18.4 22.3 25.3 
105194.3 103474.4 222.3 19.3 20.7 26.7 
106635.8 108501.0 221.1 18.5 21.1 25.5 
111976.0 95110.3 223.5 19.3 20.8 25.5 
107974.2 104759.3 225.8 18.3 21.5 25.8 
105225.9 99119.5 243.2 18.2 19.8 26.2 
105199.5 99593.2 237.6 18.5 20.2 26.7 
104062.7 108011.6 220.6 18.2 21.7 25.7 
104375.0 100783.8 235.1 18.9 19.7 25.5 
108696.6 100988.0 218.2 18.9 21.0 25.7 
112011.4 97652.2 217.5 19.1 20.5 25.6 
104362.5 101582.4 230.2 18.8 19.6 25.7 
107961.1 100359.0 235.1 18.8 19.8 25.9 
104054.7 108519.8 224.3 17.7 22.1 26.0 

102109.1 93640.7 203.5 17.7 18.4 25.6 
104078.9 94239.8 196.3 18.1 17.7 25.9 
101879.0 96272.5 212.9 18.4 17.6 24.8 
96253.9 96861.4 213.1 17.0 17.4 25.6 
98198.4 95634.5 208.7 17.8 17.9 25.4 
98172.0 96108.2 203.1 18.1 18.2 25.8 
100164.5 94867.6 207.9 17.0 17.9 25.9 
103387.2 92829.7 210.1 18.3 16.9 25.4 
99437.3 95290.1 212.2 17.2 17.3 25.4 
105510.0 87892.2 212.3 17.8 17.9 25.4 
101417.4 92230.6 217.4 17.9 17.6 25.1 
98233.9 93801.9 218.2 17.7 17.7 25.3 

100639.2 92848.0 228.0 18.0 16.7 26.3 
100526.1 88140.7 220.0 17.4 17.6 27.2 
99185.1 94997.3 227.5 17.8 16.5 26.3 
97961.6 93817.6 222.0 17.4 17.4 26.5 
102675.9 92790.3 222.8 18.8 16.2 26.2 
107396.1 88925.9 218.6 19.1 17.7 27.0 
101165.2 91937.7 232.6 18.5 16.8 26.0 
98066.0 92358.6 227.5 17.7 17.3 26.5 
103612.8 88647.3 226.2 18.5 17.0 24.8 

112148.9 114227.4 235.8 19.7 21.4 28.8 
110527.4 111195.3 247.5 18.8 22.6 29.3 
118782.3 117773.8 246.9 20.5 22.0 28.6 
109721.0 115675.7 237.1 20.0 22.7 28.4 

107144.9 110145.1 260.5 18.0 22.4 27.3 
103511.2 115674.3 242.3 17.5 22.5 28.2 
108166.6 114795.7 237.4 18.9 20.7 28.1 
106196.8 114196.5 244.6 18.5 21.4 27.8 
110993.5 112988.4 252.0 19.3 21.7 26.0 
108807.9 112577.0 261.1 18.8 22.1 25.9 
109436.0 115694.3 232.5 19.4 21.6 27.7 
108567.6 113048.5 246.2 18.0 21.5 27.8 
110626.6 115621.6 258.8 18.7 21.6 26.0 
106700.9 114454.8 240.6 18.8 21.6 28.1 

102109.1 93640.7 203.5 17.7 18.4 25.6 
104580.1 93278.5 200.2 18.8 17.6 25.2 
102113.6 91983.5 190.9 18.3 17.5 26.2 
100999.9 94352.2 202.7 18.2 17.7 26.1 
102739.3 88485.3 210.8 17.3 18.1 25.8 
103160.1 92944.1 190.5 18.8 18.1 25.8 
100311.0 94355.7 198.4 17.0 17.9 26.0 
104737.0 93806.1 194.6 17.9 16.6 25.7 
103569.2 90485.3 210.2 18.3 16.7 25.5 
104078.9 94239.8 196.3 18.1 17.7 25.9 
100143.8 97486.8 191.7 17.6 17.9 26.1 
98198.4 95634.5 208.7 17.8 17.9 25.4 
98925.6 95212.0 204.4 17.5 18.5 25.8 
101563.8 91718.7 207.8 18.0 17.6 25.3 

99646.1 90638.8 163.5 20.0 18.1 21.6 
104101.8 96138.3 163.0 19.6 18.3 22.1 
95203.1 88384.3 181.1 20.3 19.7 22.4 
101274.2 93692.8 180.1 19.4 19.1 21.8 
96910.9 89399.3 171.7 19.4 18.1 22.0 
103459.8 94104.1 171.0 19.8 18.8 21.9 
101366.6 94898.8 171.2 19.0 18.4 22.4 

129182.7 104680.7 259.0 21.5 24.2 31.4 
141671.1 113880.0 256.6 25.1 22.8 30.9 
137898.4 117576.2 251.0 24.8 23.3 30.8 
133845.0 114985.4 257.2 24.7 25.2 30.3 
136010.0 111350.7 264.8 24.3 24.0 30.9 
135974.5 113183.3 255.2 24.4 24.2 31.0 
137933.9 115743.5 260.6 24.7 23.0 30.8 
135263.7 111214.6 257.0 23.8 24.4 31.4 

106591.9 99458.7 232.1 19.8 20.1 25.9 
101699.3 102372.7 231.2 19.3 21.7 26.5 
109301.6 98836.7 225.6 20.0 20.1 26.4 
106592.0 99458.7 232.1 19.8 20.1 25.9 
109679.5 96547.6 241.1 20.8 20.7 25.3 
104406.4 99047.3 241.2 19.4 20.5 25.9 
114065.3 111103.0 224.5 21.9 20.6 28.8 
107663.9 101439.8 226.3 20.2 20.7 25.7 
107331.7 98237.5 232.8 19.6 20.8 26.1 
107866.9 101435.4 236.2 19.0 20.5 26.1 
105681.4 101024.0 245.3 18.5 20.8 26.0 
98515.9 103944.1 232.1 19.0 21.7 26.7 

99306.3 94075.1 206.6 17.1 17.6 25.7 
99632.6 94295.8 211.7 18.0 18.1 24.7 
102198.2 95515.0 210.7 18.2 17.2 24.8 
101321.8 89182.9 221.4 17.7 17.7 25.3 
100548.9 95096.8 203.7 17.8 16.4 25.6 
96158.3 93813.8 217.1 16.8 17.5 25.8 
99341.8 92242.5 216.2 17.0 17.4 25.6 
105117.0 93871.5 207.6 17.6 16.9 25.7 
101915.0 92731.9 216.7 17.4 16.8 25.4 
103175.4 89365.0 227.7 18.4 16.9 24.2 
99097.6 92108.0 216.4 17.7 17.6 25.7 
103895.0 89672.3 221.9 18.0 17.1 25.0 
102671.7 90159.3 205.8 17.3 17.3 25.6 
98614.6 92665.0 220.5 17.3 16.9 25.2 
100566.7 90708.3 217.6 18.2 17.7 24.5 
100559.1 91438.1 216.1 18.1 17.4 24.9 

109533.7 103228.3 238.0 20.2 22.4 27.0 
106996.4 104575.1 237.1 20.1 22.3 27.7 
108426.3 103079.8 234.2 19.9 22.1 27.3 
109240.5 104449.8 232.7 20.3 21.9 27.2 
110273.5 102007.2 238.6 20.0 23.0 27.2 
107155.0 104884.6 240.1 20.3 22.7 27.2 
112151.5 105350.0 233.6 20.4 22.2 27.1 
109248.1 103720.0 234.2 20.4 22.2 26.8 

101013.1 96260.3 199.0 18.6 18.1 25.2 
99304.6 94729.7 206.1 17.6 17.7 25.5 
101274.4 95328.9 198.9 18.0 17.0 25.8 
101284.6 91670.2 211.2 18.2 18.0 25.1 
101170.0 96787.9 193.4 17.7 17.1 25.8 
101180.2 93129.2 205.7 18.0 18.1 25.1 
103150.1 93728.4 198.5 18.4 17.4 25.4 
98554.9 91737.3 208.5 17.8 17.9 25.5 

110631.5 98338.2 220.3 19.8 18.8 27.7 
105478.2 99310.3 228.4 19.2 19.5 27.6 
106437.4 100664.0 222.6 19.5 19.4 27.8 
110560.9 100787.7 223.3 19.8 18.9 27.3 
108661.6 97739.0 227.5 19.4 19.5 27.4 
105665.7 101112.8 219.3 18.4 18.8 27.8 
112131.5 92364.1 232.2 19.8 19.1 27.3 
110047.0 96882.7 221.6 18.9 18.9 27.6 
110813.5 95993.7 220.4 19.8 18.6 27.8 
103946.4 99559.0 230.5 18.2 19.2 28.0 
112027.1 93823.1 226.7 19.6 19.2 27.3 
105421.6 100978.3 219.5 19.1 19.0 27.8 
106437.4 100664.1 222.6 19.5 19.4 27.8 
112016.8 97481.9 214.3 19.3 18.2 27.9 
108843.6 95394.5 227.6 19.4 19.3 27.5 
107934.4 98161.5 231.8 19.7 18.9 27.0 
108580.8 103847.2 218.1 19.1 18.6 27.6 
105954.3 101221.1 226.6 19.0 18.7 27.3 
112000.7 94296.8 221.1 19.9 19.5 27.8 

96420.2 91755.1 180.4 19.5 19.2 22.0 
96335.4 96861.0 197.0 18.9 21.0 22.1 
96410.1 92045.7 171.7 19.5 19.9 22.4 
97352.3 90364.9 192.8 18.8 20.6 23.3 
99668.9 93593.3 189.3 20.0 19.2 22.5 
96903.2 91198.1 176.4 19.9 20.0 22.5 
97147.4 91332.6 176.2 19.2 19.8 22.4 
96165.9 91911.2 171.9 20.2 20.1 22.4 

103977.8 87490.5 206.8 18.2 17.5 25.5 
98660.8 91976.2 226.2 18.3 18.7 26.6 
97283.0 92102.7 233.8 18.9 19.6 25.9 
97967.1 94242.6 218.4 18.6 20.0 26.8 
101972.5 88724.0 204.4 17.8 18.4 25.3 
95819.9 100433.3 206.5 18.6 19.7 27.2 

110139.0 111087.9 234.3 18.9 19.6 26.8 
109821.2 102030.7 210.1 19.1 20.2 26.3 
111049.0 101368.4 217.5 19.2 20.8 26.2 
111306.8 98090.4 221.9 19.3 20.8 26.6 
110134.9 101909.3 210.0 20.0 20.3 26.5 
111314.8 97582.2 218.2 19.7 20.4 26.4 
111624.7 99594.1 209.5 19.7 19.7 26.8 
111801.3 98971.2 215.2 19.8 20.5 26.0 
113500.3 97993.5 209.1 20.1 20.0 26.4 

92716.1 98124.8 187.7 18.8 20.5 21.5 
91294.7 95314.3 178.5 18.9 21.6 21.9 
93083.0 95491.5 181.0 19.3 20.6 21.5 
85514.6 95935.0 184.0 19.0 20.1 21.1 
85800.3 95443.4 187.7 18.8 20.3 21.2 
94609.5 91978.4 177.9 19.1 21.1 21.9 
90226.3 95215.0 178.5 19.5 20.7 21.8 
93137.3 96115.2 179.5 19.5 21.1 21.7 
90512.0 94723.3 182.3 19.3 20.9 22.0 
90973.3 97805.1 179.3 19.3 21.2 21.6 

103648.5 102983.9 224.0 19.0 21.1 25.7 
98735.9 103042.0 227.1 17.9 20.7 26.3 
101462.9 102572.5 233.0 18.5 21.4 25.6 
99908.6 104367.5 218.5 18.9 19.6 25.7 
101337.4 106677.5 221.0 17.5 20.8 26.2 
100554.6 106086.6 224.8 17.9 20.2 26.3 
98467.0 105946.3 224.8 17.5 20.8 26.0 
104990.8 88104.4 209.5 17.9 17.5 25.4 
100635.8 103945.0 214.3 18.6 20.1 26.1 
106776.6 87411.2 209.4 18.1 18.9 25.4 
100921.4 103453.3 218.0 18.4 20.3 26.3 
106221.6 103473.3 224.5 19.3 20.5 25.4 
104036.1 103061.9 233.6 18.9 20.8 25.4 
100590.1 104254.0 234.3 17.8 20.0 26.3 

161788.7 151006.5 318.7 30.9 29.9 36.5 
162515.9 150584.0 314.4 30.6 30.5 36.9 
160681.3 150858.0 314.9 30.6 29.6 36.7 

116166.1 101377.1 227.0 19.9 20.2 27.2 
112326.1 102884.5 225.1 19.6 20.3 26.8 
111315.6 100523.9 235.4 19.0 19.4 26.9 
115227.2 97271.6 240.6 19.1 19.2 27.0 
117696.9 97735.2 226.7 20.1 19.1 26.9 
114331.5 101651.1 227.5 19.9 19.4 27.0 
113088.8 100629.3 230.4 19.2 20.6 27.1 
112361.6 101051.9 234.7 19.5 20.1 26.7 
112954.8 104600.8 230.0 19.2 19.2 26.8 
113266.2 99759.2 228.7 18.3 19.1 27.6 
114934.8 101541.3 235.2 19.8 19.5 26.5 

104826.5 88202.3 199.8 18.2 17.6 25.8 
104305.9 92126.9 200.8 18.0 18.6 25.7 
98514.5 91096.2 197.2 17.1 18.7 25.9 
102538.5 100419.1 192.6 18.2 18.8 25.1 
104270.3 93959.6 191.2 18.1 18.8 25.7 
101492.5 99891.1 193.3 17.7 18.1 25.3 
99027.3 93766.8 204.7 18.1 18.9 24.9 
104652.4 96585.6 190.7 17.4 17.8 26.0 
100997.2 94366.0 197.5 18.5 18.2 25.2 
100484.4 91695.4 190.0 17.5 18.0 26.2 
100989.6 95095.9 195.9 18.4 17.9 25.6 
102464.4 88635.8 195.2 18.2 18.3 25.9 
99027.3 93766.9 204.7 18.1 18.9 24.9 
102098.8 97299.4 191.1 17.5 17.4 26.2 
102858.0 96622.8 200.5 18.0 17.8 25.2 
97943.4 96288.9 207.4 16.6 18.4 25.9 
102382.5 93509.8 191.5 18.0 17.6 25.4 
103109.8 93087.3 187.2 17.7 18.1 25.9 
99757.2 92117.9 194.3 17.8 17.5 25.8 
101724.4 93943.5 193.2 18.2 18.7 25.6 

102814.6 93453.5 239.7 18.5 18.1 27.3 
105326.0 101973.1 191.5 20.6 20.3 23.7 
102009.4 94861.4 244.0 18.3 17.4 26.4 
103979.2 95460.6 236.8 18.7 16.7 26.8 
108061.2 103212.6 183.4 21.2 20.2 23.3 
104075.2 99139.4 193.1 20.2 20.5 23.6 
106810.3 100378.9 185.0 20.8 20.5 23.3 
109603.9 99730.5 190.5 21.4 20.0 22.8 
103699.9 93906.2 207.1 18.9 17.6 24.8 

150723.0 132291.0 271.9 26.6 27.8 34.8 
152622.2 135339.6 267.6 27.0 27.2 34.7 
151545.7 134916.1 263.6 26.6 28.3 35.0 
148344.2 133947.2 274.0 26.7 28.1 35.0 

99543.3 91752.3 213.0 17.7 17.0 25.0 
105320.7 93919.7 204.6 17.7 17.2 25.7 
99043.8 95249.4 218.9 16.8 17.4 25.7 
103717.7 90687.3 205.1 17.8 18.0 25.4 
98566.5 95296.3 206.0 17.3 17.0 25.5 
98500.5 94068.9 208.6 17.8 16.7 25.9 
100919.5 93648.8 218.6 17.2 17.8 25.4 
100594.6 89605.4 225.6 18.0 17.2 24.9 
98588.2 93138.7 214.9 17.6 17.2 25.7 
96380.9 94884.9 215.0 16.9 17.3 25.4 
99550.8 91022.5 214.5 17.8 17.3 24.6 
103132.3 91927.5 216.6 18.4 16.8 24.7 
99516.9 92226.0 207.4 18.0 17.3 25.5 
98939.4 96708.4 213.4 16.6 17.5 25.7 
96333.4 93797.4 208.3 17.7 17.4 25.7 
98913.0 97182.1 207.8 16.8 17.8 26.2 

109209.5 99108.5 240.7 18.3 21.1 25.9 
108224.1 103481.3 228.1 19.4 20.7 26.1 
109813.3 102538.9 213.8 18.7 20.6 26.6 
106665.6 102743.7 221.1 17.9 21.0 26.6 
108464.6 100770.2 236.6 18.8 20.9 26.0 
106701.2 100911.0 230.7 17.8 20.8 26.5 
106212.8 106366.4 210.7 18.7 20.8 26.5 
108645.7 99684.1 226.3 18.6 21.3 26.2 
109540.8 98307.8 224.4 18.9 21.5 25.9 
109174.0 100941.1 231.1 18.4 21.3 25.9 
106665.7 102743.7 221.1 17.9 21.0 26.6 
108681.2 97851.5 235.9 18.5 21.1 26.2 
108669.3 104333.3 222.4 18.6 20.4 26.5 

109436.2 87006.1 227.7 19.1 18.8 24.1 
106770.5 90424.4 204.0 18.4 17.9 25.0 
109400.7 88838.7 218.1 19.2 19.0 24.2 
104905.1 88366.2 216.7 18.3 18.5 24.7 
104940.6 86533.6 226.3 18.2 18.2 24.6 
111370.5 89437.9 210.9 19.6 18.3 24.5 
109393.1 89568.5 216.5 19.1 18.7 24.6 
111216.2 91906.6 204.0 19.5 18.2 24.7 

98110.2 93075.2 185.0 20.6 20.1 23.2 
95484.8 91683.3 187.8 20.4 20.0 23.5 
95008.5 94148.3 217.3 16.8 18.1 25.5 
99658.8 93883.9 180.6 20.0 19.9 22.9 
97383.0 93497.8 189.3 20.9 19.6 22.8 
97016.1 96131.0 196.1 20.3 19.4 22.8 
102140.9 104328.6 215.7 19.4 19.2 27.6 
94199.6 95069.1 190.2 20.6 19.6 23.0 

104738.0 105617.1 229.3 19.3 20.8 25.4 
112568.5 98932.2 229.5 17.9 21.3 26.1 
104971.8 103485.2 229.4 18.2 20.8 26.5 
104354.4 103755.3 228.3 18.8 20.1 26.1 
104999.7 108206.8 220.4 18.4 19.9 26.1 
106979.8 105147.2 225.6 19.1 20.2 25.8 
111086.5 102234.6 221.7 19.6 20.7 25.8 
108537.0 102278.6 224.2 19.0 21.2 25.8 
107009.8 101715.4 229.5 17.5 21.2 26.2 
106676.9 105244.1 219.1 17.1 21.1 26.4 
112604.0 97099.6 239.1 17.8 21.0 26.1 
107929.7 102607.0 228.6 18.1 20.9 25.6 
111265.7 100841.3 234.4 18.1 20.6 25.7 
102655.2 110660.0 240.3 18.9 20.5 26.7 
107893.9 104606.2 233.1 18.3 20.7 25.4 

105748.4 108473.3 212.1 18.8 20.6 26.7 
105627.4 106595.2 235.3 18.5 20.2 25.7 
107418.4 107274.1 223.5 18.4 19.8 25.8 
107746.9 105448.2 226.6 18.8 20.9 26.1 
103562.8 108061.9 221.2 18.3 20.9 26.6 
103562.8 108061.9 221.2 18.4 20.9 26.6 
105766.9 108507.8 221.4 18.1 20.6 26.4 
106354.6 106172.7 231.0 18.2 20.7 26.1 
105522.7 108373.3 221.7 18.9 20.9 26.5 
107051.6 109907.4 230.3 17.8 19.6 25.8 

112944.6 108649.5 240.9 23.2 20.5 30.0 
120014.3 112949.1 231.5 23.2 20.8 29.6 
122416.4 116438.1 221.2 22.8 20.7 29.7 
127412.6 109729.8 237.6 21.4 19.8 29.6 
121629.1 111980.3 239.0 22.8 20.0 29.4 
121593.6 113813.0 229.4 22.9 20.2 29.5 
120741.5 112526.6 227.2 22.9 21.3 30.0 

114160.8 109055.3 243.8 20.4 21.8 27.8 
110068.1 113393.7 248.9 20.5 21.6 27.5 
111178.3 112532.2 249.8 20.7 21.7 27.4 

107410.3 99836.8 224.4 20.0 21.6 27.1 
108719.0 99028.2 234.6 19.9 22.2 26.7 
107064.2 109114.8 203.0 22.1 22.4 23.5 
108324.4 99295.8 231.9 19.3 22.1 26.7 
102819.7 108342.4 199.8 21.5 22.5 23.0 
108587.7 102020.3 207.5 20.1 20.8 27.9 
107297.5 104287.3 225.5 19.7 21.1 27.1 
108587.7 102020.3 207.5 20.1 20.9 27.9 

107031.5 99144.1 240.4 18.2 19.9 25.7 
106426.6 111206.9 230.6 17.9 20.3 26.0 
106864.3 102275.2 233.7 18.9 19.9 25.8 
102719.1 100818.6 231.5 17.9 20.9 26.8 
105220.4 102779.1 233.1 18.7 21.1 26.0 
104397.9 104861.6 229.5 19.1 19.7 26.2 
103860.6 103141.2 235.0 18.4 21.4 26.4 
105177.3 105341.6 222.0 18.7 21.0 26.5 
104450.1 105764.1 226.3 19.0 20.5 26.1 
102551.9 103949.7 224.8 18.5 20.9 26.8 

