19429.8 13828.6 29.5 4.4 2.4 3.7 
19429.8 13828.6 29.5 4.5 2.4 3.7 

12755.6 11669.3 24.0 2.6 1.4 3.0 
16459.9 12768.3 19.5 2.3 3.4 3.4 
13346.3 7445.9 14.5 2.7 1.4 3.1 
15195.6 10931.0 16.1 2.5 3.1 3.1 
11404.8 3185.6 16.0 3.0 2.0 3.3 

10814.1 7408.9 25.5 2.9 1.9 3.2 
13346.3 7445.9 14.5 2.7 1.4 3.1 
11404.8 3185.6 16.0 3.0 2.0 3.3 
15195.6 10931.0 16.1 2.5 3.1 3.1 

10814.1 7408.9 25.5 2.9 1.9 3.2 
13346.3 7445.9 14.5 2.7 1.4 3.1 
11404.8 3185.6 16.0 3.0 2.0 3.3 
15195.6 10931.0 16.1 2.5 3.1 3.1 

10814.1 7408.9 25.5 2.9 1.9 3.2 
13346.3 7445.9 14.5 2.7 1.4 3.1 
11404.8 3185.6 16.0 3.0 2.0 3.3 
15195.6 10931.0 16.1 2.5 3.1 3.1 

12755.6 11669.3 24.0 2.6 1.4 3.0 
10814.1 7408.9 25.5 2.9 1.9 3.2 
13346.3 7445.9 14.5 2.7 1.4 3.1 
11404.8 3185.6 16.0 3.0 2.0 3.3 

10814.1 7408.9 25.5 2.9 1.9 3.2 
13346.3 7445.9 14.5 2.7 1.4 3.1 
11404.8 3185.6 16.0 3.0 2.0 3.3 

10814.1 7408.9 25.5 2.9 1.9 3.2 
13346.3 7445.9 14.5 2.7 1.4 3.1 
11404.8 3185.6 16.0 3.0 2.0 3.3 

12755.6 11669.3 24.0 2.6 1.4 3.0 
10814.1 7408.9 25.5 2.9 1.9 3.2 
11404.8 3185.6 16.0 3.0 2.0 3.3 

10814.1 7408.9 25.5 2.9 1.9 3.2 
13346.3 7445.9 14.5 2.7 1.4 3.1 
11404.8 3185.6 16.0 3.0 2.0 3.3 
15195.6 10931.0 16.1 2.5 3.1 3.1 

26891.5 16750.4 24.5 5.1 3.4 4.0 
18079.0 5344.9 21.4 4.9 3.0 4.1 
23429.1 19090.5 26.3 4.9 4.1 3.9 
13346.3 7445.9 14.5 2.7 1.4 3.1 
19429.8 13828.6 29.5 4.5 2.4 3.7 

16459.9 12768.3 19.5 2.3 3.4 3.4 
10814.1 7408.9 25.5 2.9 1.9 3.2 
13346.3 7445.9 14.5 2.7 1.4 3.1 
11404.8 3185.6 16.0 3.0 2.0 3.3 
15195.6 10931.0 16.1 2.5 3.1 3.1 

16459.9 12768.3 19.5 2.3 3.4 3.4 
10814.1 7408.9 25.5 2.9 1.9 3.2 
13346.3 7445.9 14.5 2.7 1.4 3.1 
11404.8 3185.6 16.0 3.0 2.0 3.3 

16459.9 12768.3 19.5 2.3 3.4 3.4 
10814.1 7408.9 25.5 2.9 1.9 3.2 
13346.3 7445.9 14.5 2.7 1.4 3.1 
11404.8 3185.6 16.0 3.0 2.0 3.3 

16494.6 11888.4 16.2 2.9 3.2 3.6 
14815.7 11688.3 27.2 3.4 1.7 3.4 
22080.6 9624.3 23.1 5.4 2.7 4.3 
16052.8 10601.4 33.6 4.3 2.9 4.4 

12755.6 11669.3 24.0 2.6 1.4 3.0 
10814.1 7408.9 25.5 2.9 1.9 3.2 
13346.3 7445.9 14.5 2.7 1.4 3.1 
11404.8 3185.6 16.0 3.0 2.0 3.3 
15195.6 10931.0 16.1 2.5 3.1 3.1 

10814.1 7408.9 25.5 2.9 1.9 3.2 
13346.3 7445.9 14.5 2.7 1.4 3.1 
11404.8 3185.6 16.0 3.0 2.0 3.3 

10814.1 7408.9 25.5 2.9 1.9 3.2 
13346.3 7445.9 14.5 2.7 1.4 3.1 
18034.1 3185.8 21.2 4.0 2.2 4.3 
15195.6 10931.0 16.1 2.5 3.1 3.1 
11404.8 3185.6 16.0 3.0 2.0 3.3 

12755.6 11669.3 24.0 2.6 1.4 3.0 
16459.9 12768.3 19.5 2.3 3.4 3.4 
10814.1 7408.9 25.5 2.9 1.9 3.2 
13346.3 7445.9 14.5 2.7 1.4 3.1 
11404.8 3185.6 16.0 3.0 2.0 3.3 
15195.6 10931.0 16.1 2.5 3.1 3.1 

12802.1 12186.6 14.4 2.3 2.6 2.8 
14053.9 9185.3 18.8 2.3 3.3 2.8 
18780.6 8682.5 20.3 2.3 2.8 3.3 
15318.1 11022.6 22.2 2.1 3.6 3.2 
13346.3 7445.9 14.5 2.7 1.4 3.1 
11404.8 3185.6 16.0 3.0 2.0 3.3 

12755.6 11669.3 24.0 2.6 1.4 3.0 
16459.9 12768.3 19.5 2.3 3.4 3.4 
10814.1 7408.9 25.5 2.9 1.9 3.2 
13346.3 7445.9 14.5 2.7 1.4 3.1 
11404.8 3185.6 16.0 3.0 2.0 3.3 
15195.6 10931.0 16.1 2.5 3.1 3.1 

16459.9 12768.3 19.5 2.3 3.4 3.4 
13346.3 7445.9 14.5 2.7 1.4 3.1 
15195.6 10931.0 16.1 2.5 3.1 3.1 
11404.8 3185.6 16.0 3.0 2.0 3.3 

16459.9 12768.3 19.5 2.3 3.4 3.4 
13346.3 7445.9 14.5 2.7 1.4 3.1 
11404.8 3185.6 16.0 3.0 2.0 3.3 

12755.6 11669.3 24.0 2.6 1.4 3.0 
10814.1 7408.9 25.5 2.9 1.9 3.2 
13346.3 7445.9 14.5 2.7 1.4 3.1 
11404.8 3185.6 16.0 3.0 2.0 3.3 
15195.6 10931.0 16.1 2.5 3.1 3.1 

12755.6 11669.3 24.0 2.6 1.4 3.0 
10814.1 7408.9 25.5 2.9 1.9 3.2 
11404.8 3185.6 16.0 3.0 2.0 3.3 
15195.6 10931.0 16.1 2.5 3.1 3.1 

10814.1 7408.9 25.5 2.9 1.9 3.2 
13346.3 7445.9 14.5 2.7 1.4 3.1 
11404.8 3185.6 16.0 3.0 2.0 3.3 

18658.1 8590.9 14.2 2.8 2.3 3.2 
17747.2 10338.8 14.2 2.4 2.2 3.4 

13346.3 7445.9 14.5 2.7 1.4 3.1 
11404.8 3185.6 16.0 3.0 2.0 3.3 
15195.6 10931.0 16.1 2.5 3.1 3.1 

15506.4 16625.2 32.4 3.7 2.5 4.1 
16097.1 12401.9 22.9 3.8 2.6 4.2 
20020.5 9605.3 19.9 4.5 2.4 3.8 
19429.8 13828.6 29.5 4.4 2.4 3.7 
19429.8 13828.6 29.5 4.5 2.4 3.7 

16459.9 12768.3 19.5 2.3 3.4 3.4 
13346.3 7445.9 14.5 2.7 1.4 3.1 
15195.6 10931.0 16.1 2.5 3.1 3.1 
11404.8 3185.6 16.0 3.0 2.0 3.3 

19922.3 10428.2 17.6 2.6 2.6 3.6 
10814.1 7408.9 25.5 2.9 1.9 3.2 
15195.6 10931.0 16.1 2.5 3.1 3.1 
11404.8 3185.6 16.0 3.0 2.0 3.3 

12755.6 11669.3 24.0 2.6 1.4 3.0 
10814.1 7408.9 25.5 2.9 1.9 3.2 
13346.3 7445.9 14.5 2.7 1.4 3.1 
11404.8 3185.6 16.0 3.0 2.0 3.3 
15195.6 10931.0 16.1 2.5 3.1 3.1 

25259.2 12797.8 28.1 5.9 3.4 5.0 
24668.5 17021.1 37.6 5.9 3.3 4.8 

10814.1 7408.9 25.5 2.9 1.9 3.2 
13346.3 7445.9 14.5 2.7 1.4 3.1 
11404.8 3185.6 16.0 3.0 2.0 3.3 

12755.6 11669.3 24.0 2.6 1.4 3.0 
10814.1 7408.9 25.5 2.9 1.9 3.2 
11404.8 3185.6 16.0 3.0 2.0 3.3 

19975.6 7446.2 19.7 3.7 1.6 4.0 
12755.6 11669.3 24.0 2.6 1.4 3.0 
10814.1 7408.9 25.5 2.9 1.9 3.2 
18034.1 3185.8 21.2 4.0 2.2 4.3 
13346.3 7445.9 14.5 2.7 1.4 3.1 
11404.8 3185.6 16.0 3.0 2.0 3.3 

12755.6 11669.3 24.0 2.6 1.4 3.0 
10814.1 7408.9 25.5 2.9 1.9 3.2 
13346.3 7445.9 14.5 2.7 1.4 3.1 
11404.8 3185.6 16.0 3.0 2.0 3.3 

16459.9 12768.3 19.5 2.3 3.4 3.4 
10814.1 7408.9 25.5 2.9 1.9 3.2 
13346.3 7445.9 14.5 2.7 1.4 3.1 
15195.6 10931.0 16.1 2.5 3.1 3.1 
11404.8 3185.6 16.0 3.0 2.0 3.3 

25359.2 21958.0 42.8 6.1 4.2 5.5 

16459.9 12768.3 19.5 2.3 3.4 3.4 
10814.1 7408.9 25.5 2.9 1.9 3.2 
11404.8 3185.6 16.0 3.0 2.0 3.3 
15195.6 10931.0 16.1 2.5 3.1 3.1 

14284.8 12678.9 16.1 2.1 2.9 3.3 
15549.0 14516.2 19.5 1.9 3.3 3.6 
10814.1 7408.9 25.5 2.9 1.9 3.2 
13346.3 7445.9 14.5 2.7 1.4 3.1 
11404.8 3185.6 16.0 3.0 2.0 3.3 

12755.6 11669.3 24.0 2.6 1.4 3.0 
16670.7 9302.3 21.1 3.3 2.0 3.9 

12755.6 11669.3 24.0 2.6 1.4 3.0 
10814.1 7408.9 25.5 2.9 1.9 3.2 
13346.3 7445.9 14.5 2.7 1.4 3.1 
11404.8 3185.6 16.0 3.0 2.0 3.3 

10814.1 7408.9 25.5 2.9 1.9 3.2 
13346.3 7445.9 14.5 2.7 1.4 3.1 
11404.8 3185.6 16.0 3.0 2.0 3.3 

12755.6 11669.3 24.0 2.6 1.4 3.0 
10814.1 7408.9 25.5 2.9 1.9 3.2 
13346.3 7445.9 14.5 2.7 1.4 3.1 
11404.8 3185.6 16.0 3.0 2.0 3.3 
15195.6 10931.0 16.1 2.5 3.1 3.1 

10814.1 7408.9 25.5 2.9 1.9 3.2 
11404.8 3185.6 16.0 3.0 2.0 3.3 

25505.0 20640.8 44.5 6.2 4.2 5.6 
22736.9 18855.3 43.7 6.2 4.3 5.6 
25936.6 15445.3 48.1 6.1 3.7 5.3 
24154.2 12157.1 36.5 6.6 4.8 6.0 
26095.7 16417.5 35.0 6.2 4.2 5.7 

12755.6 11669.3 24.0 2.6 1.4 3.0 
10814.1 7408.9 25.5 2.9 1.9 3.2 

10814.1 7408.9 25.5 2.9 1.9 3.2 
13346.3 7445.9 14.5 2.7 1.4 3.1 
11404.8 3185.6 16.0 3.0 2.0 3.3 

16459.9 12768.3 19.5 2.3 3.4 3.4 
10814.1 7408.9 25.5 2.9 1.9 3.2 
13346.3 7445.9 14.5 2.7 1.4 3.1 
11404.8 3185.6 16.0 3.0 2.0 3.3 
15195.6 10931.0 16.1 2.5 3.1 3.1 

16459.9 12768.3 19.5 2.3 3.4 3.4 
10814.1 7408.9 25.5 2.9 1.9 3.2 
13346.3 7445.9 14.5 2.7 1.4 3.1 
11404.8 3185.6 16.0 3.0 2.0 3.3 
15195.6 10931.0 16.1 2.5 3.1 3.1 

12755.6 11669.3 24.0 2.6 1.4 3.0 
10814.1 7408.9 25.5 2.9 1.9 3.2 
20020.5 9605.3 19.9 4.5 2.4 3.8 
11404.8 3185.6 16.0 3.0 2.0 3.3 

16459.9 12768.3 19.5 2.3 3.4 3.4 
10814.1 7408.9 25.5 2.9 1.9 3.2 
13346.3 7445.9 14.5 2.7 1.4 3.1 
15195.6 10931.0 16.1 2.5 3.1 3.1 
11404.8 3185.6 16.0 3.0 2.0 3.3 

16459.9 12768.3 19.5 2.3 3.4 3.4 
10814.1 7408.9 25.5 2.9 1.9 3.2 
13346.3 7445.9 14.5 2.7 1.4 3.1 
11404.8 3185.6 16.0 3.0 2.0 3.3 
15195.6 10931.0 16.1 2.5 3.1 3.1 

10814.1 7408.9 25.5 2.9 1.9 3.2 
13346.3 7445.9 14.5 2.7 1.4 3.1 
11404.8 3185.6 16.0 3.0 2.0 3.3 
15195.6 10931.0 16.1 2.5 3.1 3.1 

20829.8 10300.8 29.8 6.0 4.2 5.2 
20239.2 14524.1 39.4 5.9 4.1 5.1 
22771.3 14561.2 28.3 5.6 3.6 4.9 

12755.6 11669.3 24.0 2.6 1.4 3.0 
10814.1 7408.9 25.5 2.9 1.9 3.2 
13346.3 7445.9 14.5 2.7 1.4 3.1 
15195.6 10931.0 16.1 2.5 3.1 3.1 
11404.8 3185.6 16.0 3.0 2.0 3.3 

10814.1 7408.9 25.5 2.9 1.9 3.2 
13346.3 7445.9 14.5 2.7 1.4 3.1 
11404.8 3185.6 16.0 3.0 2.0 3.3 
15195.6 10931.0 16.1 2.5 3.1 3.1 

12755.6 11669.3 24.0 2.6 1.4 3.0 
10814.1 7408.9 25.5 2.9 1.9 3.2 
13346.3 7445.9 14.5 2.7 1.4 3.1 
11404.8 3185.6 16.0 3.0 2.0 3.3 
15195.6 10931.0 16.1 2.5 3.1 3.1 

13346.3 7445.9 14.5 2.7 1.4 3.1 
11404.8 3185.6 16.0 3.0 2.0 3.3 
15195.6 10931.0 16.1 2.5 3.1 3.1 

19429.8 13828.6 29.5 4.4 2.4 3.7 
19429.8 13828.6 29.5 4.5 2.4 3.7 

12755.6 11669.3 24.0 2.6 1.4 3.0 
10814.1 7408.9 25.5 2.9 1.9 3.2 
13346.3 7445.9 14.5 2.7 1.4 3.1 
11404.8 3185.6 16.0 3.0 2.0 3.3 

10814.1 7408.9 25.5 2.9 1.9 3.2 
13346.3 7445.9 14.5 2.7 1.4 3.1 
11404.8 3185.6 16.0 3.0 2.0 3.3 
15195.6 10931.0 16.1 2.5 3.1 3.1 

19922.3 10428.2 17.6 2.6 2.6 3.6 
16459.9 12768.3 19.5 2.3 3.4 3.4 
10814.1 7408.9 25.5 2.9 1.9 3.2 
13346.3 7445.9 14.5 2.7 1.4 3.1 
15195.6 10931.0 16.1 2.5 3.1 3.1 
11404.8 3185.6 16.0 3.0 2.0 3.3 
18658.1 8590.9 14.2 2.8 2.3 3.2 

16459.9 12768.3 19.5 2.3 3.4 3.4 
10814.1 7408.9 25.5 2.9 1.9 3.2 
13346.3 7445.9 14.5 2.7 1.4 3.1 
15195.6 10931.0 16.1 2.5 3.1 3.1 
11404.8 3185.6 16.0 3.0 2.0 3.3 
18658.1 8590.9 14.2 2.8 2.3 3.2 

16459.9 12768.3 19.5 2.3 3.4 3.4 
12213.0 14522.5 20.3 2.2 3.0 3.5 
11404.8 3185.6 16.0 3.0 2.0 3.3 
15195.6 10931.0 16.1 2.5 3.1 3.1 

19975.6 7446.2 19.7 3.7 1.6 4.0 
18034.1 3185.8 21.2 4.0 2.2 4.3 
11404.8 3185.6 16.0 3.0 2.0 3.3 

12755.6 11669.3 24.0 2.6 1.4 3.0 
13346.3 7445.9 14.5 2.7 1.4 3.1 
11404.8 3185.6 16.0 3.0 2.0 3.3 

16459.9 12768.3 19.5 2.3 3.4 3.4 
13346.3 7445.9 14.5 2.7 1.4 3.1 
11404.8 3185.6 16.0 3.0 2.0 3.3 
15195.6 10931.0 16.1 2.5 3.1 3.1 

16459.9 12768.3 19.5 2.3 3.4 3.4 
10814.1 7408.9 25.5 2.9 1.9 3.2 
13346.3 7445.9 14.5 2.7 1.4 3.1 
11404.8 3185.6 16.0 3.0 2.0 3.3 
15195.6 10931.0 16.1 2.5 3.1 3.1 

21403.4 7201.2 28.0 5.4 3.6 4.9 
22180.7 18784.5 37.9 5.6 3.5 4.8 
21869.8 13090.3 21.5 4.4 4.1 3.8 
23134.1 14927.6 24.9 4.1 4.4 4.2 
23344.9 11461.6 26.6 5.1 3.0 4.6 

16459.9 12768.3 19.5 2.3 3.4 3.4 
10814.1 7408.9 25.5 2.9 1.9 3.2 
13346.3 7445.9 14.5 2.7 1.4 3.1 
11404.8 3185.6 16.0 3.0 2.0 3.3 
15195.6 10931.0 16.1 2.5 3.1 3.1 

12755.6 11669.3 24.0 2.6 1.4 3.0 
16459.9 12768.3 19.5 2.3 3.4 3.4 
13346.3 7445.9 14.5 2.7 1.4 3.1 
15195.6 10931.0 16.1 2.5 3.1 3.1 
11404.8 3185.6 16.0 3.0 2.0 3.3 

10814.1 7408.9 25.5 2.9 1.9 3.2 
13346.3 7445.9 14.5 2.7 1.4 3.1 
11404.8 3185.6 16.0 3.0 2.0 3.3 
15195.6 10931.0 16.1 2.5 3.1 3.1 

16514.3 11529.7 14.1 2.4 2.8 2.9 
17778.5 13367.0 17.6 2.2 3.2 3.2 
10814.1 7408.9 25.5 2.9 1.9 3.2 
13346.3 7445.9 14.5 2.7 1.4 3.1 
11404.8 3185.6 16.0 3.0 2.0 3.3 
15195.6 10931.0 16.1 2.5 3.1 3.1 

13346.3 7445.9 14.5 2.7 1.4 3.1 
11404.8 3185.6 16.0 3.0 2.0 3.3 

12755.6 11669.3 24.0 2.6 1.4 3.0 
10814.1 7408.9 25.5 2.9 1.9 3.2 
13346.3 7445.9 14.5 2.7 1.4 3.1 
11404.8 3185.6 16.0 3.0 2.0 3.3 

21489.9 13847.6 32.7 5.3 2.7 4.2 
19548.4 9587.2 34.1 5.6 3.3 4.4 
20139.1 5363.9 24.6 5.7 3.3 4.5 

12755.6 11669.3 24.0 2.6 1.4 3.0 
10814.1 7408.9 25.5 2.9 1.9 3.2 
13346.3 7445.9 14.5 2.7 1.4 3.1 
11404.8 3185.6 16.0 3.0 2.0 3.3 
15195.6 10931.0 16.1 2.5 3.1 3.1 

16459.9 12768.3 19.5 2.3 3.4 3.4 
10814.1 7408.9 25.5 2.9 1.9 3.2 
13346.3 7445.9 14.5 2.7 1.4 3.1 
15195.6 10931.0 16.1 2.5 3.1 3.1 
11404.8 3185.6 16.0 3.0 2.0 3.3 

10814.1 7408.9 25.5 2.9 1.9 3.2 
13346.3 7445.9 14.5 2.7 1.4 3.1 
11404.8 3185.6 16.0 3.0 2.0 3.3 

10814.1 7408.9 25.5 2.9 1.9 3.2 
13346.3 7445.9 14.5 2.7 1.4 3.1 
11404.8 3185.6 16.0 3.0 2.0 3.3 

19975.6 7446.2 19.7 3.7 1.6 4.0 
13346.3 7445.9 14.5 2.7 1.4 3.1 
11404.8 3185.6 16.0 3.0 2.0 3.3 
15195.6 10931.0 16.1 2.5 3.1 3.1 

26679.8 17505.3 45.6 6.9 4.5 5.4 
27270.4 13282.0 36.0 6.9 4.5 5.6 

16459.9 12768.3 19.5 2.3 3.4 3.4 
10814.1 7408.9 25.5 2.9 1.9 3.2 
13346.3 7445.9 14.5 2.7 1.4 3.1 
15195.6 10931.0 16.1 2.5 3.1 3.1 
11404.8 3185.6 16.0 3.0 2.0 3.3 

12755.6 11669.3 24.0 2.6 1.4 3.0 
10814.1 7408.9 25.5 2.9 1.9 3.2 
13346.3 7445.9 14.5 2.7 1.4 3.1 
11404.8 3185.6 16.0 3.0 2.0 3.3 
15195.6 10931.0 16.1 2.5 3.1 3.1 
18658.1 8590.9 14.2 2.8 2.3 3.2 

16459.9 12768.3 19.5 2.3 3.4 3.4 
10814.1 7408.9 25.5 2.9 1.9 3.2 
11404.8 3185.6 16.0 3.0 2.0 3.3 
15195.6 10931.0 16.1 2.5 3.1 3.1 

10814.1 7408.9 25.5 2.9 1.9 3.2 
13346.3 7445.9 14.5 2.7 1.4 3.1 
11404.8 3185.6 16.0 3.0 2.0 3.3 

12755.6 11669.3 24.0 2.6 1.4 3.0 
13664.7 2676.9 15.5 2.5 1.8 3.0 
13346.3 7445.9 14.5 2.7 1.4 3.1 
15015.5 11160.6 23.5 2.1 1.2 2.7 
15606.2 6937.3 14.0 2.2 1.2 2.8 

26244.7 18958.8 47.2 5.7 3.9 5.2 
28186.2 23219.2 45.7 5.4 3.3 4.9 
26244.7 18958.8 47.1 5.7 3.9 5.2 

13346.3 7445.9 14.5 2.7 1.4 3.1 
11404.8 3185.6 16.0 3.0 2.0 3.3 
15195.6 10931.0 16.1 2.5 3.1 3.1 

10814.1 7408.9 25.5 2.9 1.9 3.2 
13346.3 7445.9 14.5 2.7 1.4 3.1 
11404.8 3185.6 16.0 3.0 2.0 3.3 

13346.3 7445.9 14.5 2.7 1.4 3.1 
11404.8 3185.6 16.0 3.0 2.0 3.3 
15195.6 10931.0 16.1 2.5 3.1 3.1 

16459.9 12768.3 19.5 2.3 3.4 3.4 
13346.3 7445.9 14.5 2.7 1.4 3.1 
15195.6 10931.0 16.1 2.5 3.1 3.1 
11404.8 3185.6 16.0 3.0 2.0 3.3 

12802.1 12186.6 14.4 2.3 2.6 2.8 
9819.5 15778.1 18.6 2.0 2.5 3.1 
11404.8 3185.6 16.0 3.0 2.0 3.3 
16264.5 9846.5 12.5 2.6 1.8 2.9 
13281.9 13438.0 16.8 2.3 1.8 3.3 

13074.0 6900.2 25.0 2.4 1.8 2.9 
13664.7 2676.9 15.5 2.5 1.8 3.0 
13346.3 7445.9 14.5 2.7 1.4 3.1 
11404.8 3185.6 16.0 3.0 2.0 3.3 
15606.2 6937.3 14.0 2.2 1.2 2.8 

10814.1 7408.9 25.5 2.9 1.9 3.2 
13346.3 7445.9 14.5 2.7 1.4 3.1 
15195.6 10931.0 16.1 2.5 3.1 3.1 
11404.8 3185.6 16.0 3.0 2.0 3.3 

20817.6 16524.6 33.3 4.2 2.3 3.7 
16033.3 9154.8 28.8 4.4 2.6 4.1 
17974.8 13415.2 27.3 4.1 2.0 3.9 
21408.2 12301.3 23.8 4.2 2.4 3.9 
19466.7 8040.9 25.3 4.6 2.9 4.1 

16459.9 12768.3 19.5 2.3 3.4 3.4 
10814.1 7408.9 25.5 2.9 1.9 3.2 
13346.3 7445.9 14.5 2.7 1.4 3.1 
15195.6 10931.0 16.1 2.5 3.1 3.1 
11404.8 3185.6 16.0 3.0 2.0 3.3 

16459.9 12768.3 19.5 2.3 3.4 3.4 
10814.1 7408.9 25.5 2.9 1.9 3.2 
13346.3 7445.9 14.5 2.7 1.4 3.1 
11404.8 3185.6 16.0 3.0 2.0 3.3 
15195.6 10931.0 16.1 2.5 3.1 3.1 

16459.9 12768.3 19.5 2.3 3.4 3.4 
13346.3 7445.9 14.5 2.7 1.4 3.1 
15195.6 10931.0 16.1 2.5 3.1 3.1 
11404.8 3185.6 16.0 3.0 2.0 3.3 

44287.4 36513.2 84.5 8.9 7.2 9.1 

10814.1 7408.9 25.5 2.9 1.9 3.2 
13346.3 7445.9 14.5 2.7 1.4 3.1 
11404.8 3185.6 16.0 3.0 2.0 3.3 
15195.6 10931.0 16.1 2.5 3.1 3.1 

10814.1 7408.9 25.5 2.9 1.9 3.2 
13346.3 7445.9 14.5 2.7 1.4 3.1 
11404.8 3185.6 16.0 3.0 2.0 3.3 

23317.7 8537.4 29.6 6.3 4.0 5.2 
19548.4 9587.2 34.1 5.6 3.3 4.4 

10814.1 7408.9 25.5 2.9 1.9 3.2 
13346.3 7445.9 14.5 2.7 1.4 3.1 
11404.8 3185.6 16.0 3.0 2.0 3.3 

10814.1 7408.9 25.5 2.9 1.9 3.2 
13346.3 7445.9 14.5 2.7 1.4 3.1 
11404.8 3185.6 16.0 3.0 2.0 3.3 

13346.3 7445.9 14.5 2.7 1.4 3.1 
11404.8 3185.6 16.0 3.0 2.0 3.3 

12755.6 11669.3 24.0 2.6 1.4 3.0 
10814.1 7408.9 25.5 2.9 1.9 3.2 
13346.3 7445.9 14.5 2.7 1.4 3.1 
11404.8 3185.6 16.0 3.0 2.0 3.3 
15195.6 10931.0 16.1 2.5 3.1 3.1 

33202.5 28229.5 58.9 7.0 5.0 6.2 

12755.6 11669.3 24.0 2.6 1.4 3.0 
10814.1 7408.9 25.5 2.9 1.9 3.2 
13346.3 7445.9 14.5 2.7 1.4 3.1 

10814.1 7408.9 25.5 2.9 1.9 3.2 
13346.3 7445.9 14.5 2.7 1.4 3.1 
11404.8 3185.6 16.0 3.0 2.0 3.3 

10814.1 7408.9 25.5 2.9 1.9 3.2 
13664.7 2676.9 15.5 2.5 1.8 3.0 
13346.3 7445.9 14.5 2.7 1.4 3.1 
11404.8 3185.6 16.0 3.0 2.0 3.3 
15606.2 6937.3 14.0 2.2 1.2 2.8 

34115.5 31348.6 59.0 7.1 5.2 6.7 

16459.9 12768.3 19.5 2.3 3.4 3.4 
13346.3 7445.9 14.5 2.7 1.4 3.1 
11404.8 3185.6 16.0 3.0 2.0 3.3 
15195.6 10931.0 16.1 2.5 3.1 3.1 

42440.4 36367.0 75.7 8.4 6.3 8.4 

13346.3 7445.9 14.5 2.7 1.4 3.1 
15195.6 10931.0 16.1 2.5 3.1 3.1 
11404.8 3185.6 16.0 3.0 2.0 3.3 

10814.1 7408.9 25.5 2.9 1.9 3.2 
13346.3 7445.9 14.5 2.7 1.4 3.1 
11404.8 3185.6 16.0 3.0 2.0 3.3 
15195.6 10931.0 16.1 2.5 3.1 3.1 

30444.9 23843.9 54.0 7.3 4.6 6.4 
29180.6 22006.6 50.6 7.5 4.2 6.1 

16459.9 12768.3 19.5 2.3 3.4 3.4 
10814.1 7408.9 25.5 2.9 1.9 3.2 
13346.3 7445.9 14.5 2.7 1.4 3.1 
15195.6 10931.0 16.1 2.5 3.1 3.1 
11404.8 3185.6 16.0 3.0 2.0 3.3 

14053.9 9185.3 18.8 2.3 3.3 2.8 
12755.6 11669.3 24.0 2.6 1.4 3.0 
14284.8 12678.9 16.1 2.1 2.9 3.3 
15549.0 14516.2 19.5 1.9 3.3 3.6 
15318.1 11022.6 22.2 2.1 3.6 3.2 
10814.1 7408.9 25.5 2.9 1.9 3.2 
13346.3 7445.9 14.5 2.7 1.4 3.1 
11404.8 3185.6 16.0 3.0 2.0 3.3 

10814.1 7408.9 25.5 2.9 1.9 3.2 
13346.3 7445.9 14.5 2.7 1.4 3.1 
11404.8 3185.6 16.0 3.0 2.0 3.3 

19429.8 13828.6 29.5 4.4 2.4 3.7 
19429.8 13828.6 29.5 4.5 2.4 3.7 
23344.9 11461.6 26.6 5.1 3.0 4.6 

15482.7 7760.6 34.9 4.8 2.7 4.5 
16073.4 3537.3 25.3 4.8 2.7 4.6 
17424.2 12021.0 33.4 4.4 2.1 4.2 

14066.3 14023.9 17.8 2.1 2.9 3.1 
12802.1 12186.6 14.4 2.3 2.6 2.8 
12755.6 11669.3 24.0 2.6 1.4 3.0 
10814.1 7408.9 25.5 2.9 1.9 3.2 
13346.3 7445.9 14.5 2.7 1.4 3.1 
11404.8 3185.6 16.0 3.0 2.0 3.3 

16459.9 12768.3 19.5 2.3 3.4 3.4 
13346.3 7445.9 14.5 2.7 1.4 3.1 
18658.1 8590.9 14.2 2.8 2.3 3.2 
15195.6 10931.0 16.1 2.5 3.1 3.1 

13346.3 7445.9 14.5 2.7 1.4 3.1 
11404.8 3185.6 16.0 3.0 2.0 3.3 

22259.0 12202.7 27.1 3.8 2.2 4.4 
21668.4 16426.1 36.6 3.7 2.2 4.2 
21869.8 13090.3 21.5 4.4 4.1 3.8 
19462.1 10253.4 21.8 3.6 3.8 3.7 
20961.7 13226.8 37.8 4.6 2.9 4.2 
19020.2 8966.5 39.2 5.0 3.5 4.4 

14053.9 9185.3 18.8 2.3 3.3 2.8 
15318.1 11022.6 22.2 2.1 3.6 3.2 
10814.1 7408.9 25.5 2.9 1.9 3.2 
13346.3 7445.9 14.5 2.7 1.4 3.1 
11404.8 3185.6 16.0 3.0 2.0 3.3 
15195.6 10931.0 16.1 2.5 3.1 3.1 

16459.9 12768.3 19.5 2.3 3.4 3.4 
13346.3 7445.9 14.5 2.7 1.4 3.1 
11404.8 3185.6 16.0 3.0 2.0 3.3 
15195.6 10931.0 16.1 2.5 3.1 3.1 

10814.1 7408.9 25.5 2.9 1.9 3.2 
17974.8 13415.2 27.3 4.1 2.0 3.9 
11404.8 3185.6 16.0 3.0 2.0 3.3 

13346.3 7445.9 14.5 2.7 1.4 3.1 
11404.8 3185.6 16.0 3.0 2.0 3.3 
15195.6 10931.0 16.1 2.5 3.1 3.1 

13346.3 7445.9 14.5 2.7 1.4 3.1 
11404.8 3185.6 16.0 3.0 2.0 3.3 

13346.3 7445.9 14.5 2.7 1.4 3.1 
11404.8 3185.6 16.0 3.0 2.0 3.3 
15606.2 6937.3 14.0 2.2 1.2 2.8 

27785.1 16025.6 29.0 4.7 4.1 4.6 
29049.3 17862.9 32.4 4.4 4.5 4.9 

13346.3 7445.9 14.5 2.7 1.4 3.1 
11404.8 3185.6 16.0 3.0 2.0 3.3 
15195.6 10931.0 16.1 2.5 3.1 3.1 

16080.0 13525.6 30.6 3.2 2.0 3.8 

14284.8 12678.9 16.1 2.1 2.9 3.3 
15549.0 14516.2 19.5 1.9 3.3 3.6 
10814.1 7408.9 25.5 2.9 1.9 3.2 
13346.3 7445.9 14.5 2.7 1.4 3.1 
11404.8 3185.6 16.0 3.0 2.0 3.3 
15195.6 10931.0 16.1 2.5 3.1 3.1 

12755.6 11669.3 24.0 2.6 1.4 3.0 
16459.9 12768.3 19.5 2.3 3.4 3.4 
10814.1 7408.9 25.5 2.9 1.9 3.2 
13346.3 7445.9 14.5 2.7 1.4 3.1 
11404.8 3185.6 16.0 3.0 2.0 3.3 
15195.6 10931.0 16.1 2.5 3.1 3.1 

20817.6 16524.6 33.3 4.2 2.3 3.7 
24521.8 17623.6 28.8 3.9 4.4 4.2 
18876.1 12264.2 34.8 4.5 2.9 4.0 
23257.5 15786.3 25.4 4.1 4.0 3.9 
21408.2 12301.3 23.8 4.2 2.4 3.9 

13074.0 6900.2 25.0 2.4 1.8 2.9 
10814.1 7408.9 25.5 2.9 1.9 3.2 
13664.7 2676.9 15.5 2.5 1.8 3.0 
11404.8 3185.6 16.0 3.0 2.0 3.3 
15606.2 6937.3 14.0 2.2 1.2 2.8 

16514.3 11529.7 14.1 2.4 2.8 2.9 
17778.5 13367.0 17.6 2.2 3.2 3.2 
10814.1 7408.9 25.5 2.9 1.9 3.2 
11404.8 3185.6 16.0 3.0 2.0 3.3 

16459.9 12768.3 19.5 2.3 3.4 3.4 
10814.1 7408.9 25.5 2.9 1.9 3.2 
15195.6 10931.0 16.1 2.5 3.1 3.1 
11404.8 3185.6 16.0 3.0 2.0 3.3 

12755.6 11669.3 24.0 2.6 1.4 3.0 
16459.9 12768.3 19.5 2.3 3.4 3.4 
13346.3 7445.9 14.5 2.7 1.4 3.1 
15195.6 10931.0 16.1 2.5 3.1 3.1 
11404.8 3185.6 16.0 3.0 2.0 3.3 

20817.6 16524.6 33.3 4.2 2.3 3.7 
23108.7 12254.1 26.7 4.5 2.2 4.3 

16459.9 12768.3 19.5 2.3 3.4 3.4 
10814.1 7408.9 25.5 2.9 1.9 3.2 
13346.3 7445.9 14.5 2.7 1.4 3.1 
11404.8 3185.6 16.0 3.0 2.0 3.3 
15195.6 10931.0 16.1 2.5 3.1 3.1 

19429.8 13828.6 29.5 4.5 2.4 3.7 

10814.1 7408.9 25.5 2.9 1.9 3.2 
13346.3 7445.9 14.5 2.7 1.4 3.1 
11404.8 3185.6 16.0 3.0 2.0 3.3 
15195.6 10931.0 16.1 2.5 3.1 3.1 

10814.1 7408.9 25.5 2.9 1.9 3.2 
13346.3 7445.9 14.5 2.7 1.4 3.1 
11404.8 3185.6 16.0 3.0 2.0 3.3 

18079.0 5344.9 21.4 4.9 3.0 4.1 
12755.6 11669.3 24.0 2.6 1.4 3.0 
13346.3 7445.9 14.5 2.7 1.4 3.1 

16459.9 12768.3 19.5 2.3 3.4 3.4 
13346.3 7445.9 14.5 2.7 1.4 3.1 
11404.8 3185.6 16.0 3.0 2.0 3.3 
15195.6 10931.0 16.1 2.5 3.1 3.1 

10814.1 7408.9 25.5 2.9 1.9 3.2 
13346.3 7445.9 14.5 2.7 1.4 3.1 
11404.8 3185.6 16.0 3.0 2.0 3.3 
15195.6 10931.0 16.1 2.5 3.1 3.1 

19429.8 13828.6 29.5 4.5 2.4 3.7 

12755.6 11669.3 24.0 2.6 1.4 3.0 
10814.1 7408.9 25.5 2.9 1.9 3.2 
13346.3 7445.9 14.5 2.7 1.4 3.1 
11404.8 3185.6 16.0 3.0 2.0 3.3 
15195.6 10931.0 16.1 2.5 3.1 3.1 

16514.3 11529.7 14.1 2.4 2.8 2.9 
17778.5 13367.0 17.6 2.2 3.2 3.2 
16459.9 12768.3 19.5 2.3 3.4 3.4 
10814.1 7408.9 25.5 2.9 1.9 3.2 
11404.8 3185.6 16.0 3.0 2.0 3.3 
15195.6 10931.0 16.1 2.5 3.1 3.1 

20817.6 16524.6 33.3 4.2 2.3 3.7 
22031.8 10089.5 27.9 5.5 3.5 4.4 

14284.8 12678.9 16.1 2.1 2.9 3.3 
18658.1 8590.9 14.2 2.8 2.3 3.2 
15195.6 10931.0 16.1 2.5 3.1 3.1 
17747.2 10338.8 14.2 2.4 2.2 3.4 

12755.6 11669.3 24.0 2.6 1.4 3.0 
10814.1 7408.9 25.5 2.9 1.9 3.2 
13346.3 7445.9 14.5 2.7 1.4 3.1 
11404.8 3185.6 16.0 3.0 2.0 3.3 

12755.6 11669.3 24.0 2.6 1.4 3.0 
10814.1 7408.9 25.5 2.9 1.9 3.2 
13346.3 7445.9 14.5 2.7 1.4 3.1 
11404.8 3185.6 16.0 3.0 2.0 3.3 
15195.6 10931.0 16.1 2.5 3.1 3.1 

10814.1 7408.9 25.5 2.9 1.9 3.2 
13346.3 7445.9 14.5 2.7 1.4 3.1 
11404.8 3185.6 16.0 3.0 2.0 3.3 
15195.6 10931.0 16.1 2.5 3.1 3.1 

12755.6 11669.3 24.0 2.6 1.4 3.0 
13346.3 7445.9 14.5 2.7 1.4 3.1 
11404.8 3185.6 16.0 3.0 2.0 3.3 

16459.9 12768.3 19.5 2.3 3.4 3.4 
10814.1 7408.9 25.5 2.9 1.9 3.2 
11404.8 3185.6 16.0 3.0 2.0 3.3 
15195.6 10931.0 16.1 2.5 3.1 3.1 

16459.9 12768.3 19.5 2.3 3.4 3.4 
13346.3 7445.9 14.5 2.7 1.4 3.1 
15195.6 10931.0 16.1 2.5 3.1 3.1 
11404.8 3185.6 16.0 3.0 2.0 3.3 

12755.6 11669.3 24.0 2.6 1.4 3.0 
13346.3 7445.9 14.5 2.7 1.4 3.1 
11404.8 3185.6 16.0 3.0 2.0 3.3 
15195.6 10931.0 16.1 2.5 3.1 3.1 

10814.1 7408.9 25.5 2.9 1.9 3.2 
13346.3 7445.9 14.5 2.7 1.4 3.1 
11404.8 3185.6 16.0 3.0 2.0 3.3 

13346.3 7445.9 14.5 2.7 1.4 3.1 
15015.5 11160.6 23.5 2.1 1.2 2.7 
15606.2 6937.3 14.0 2.2 1.2 2.8 

16459.9 12768.3 19.5 2.3 3.4 3.4 
10814.1 7408.9 25.5 2.9 1.9 3.2 
13346.3 7445.9 14.5 2.7 1.4 3.1 
18034.1 3185.8 21.2 4.0 2.2 4.3 
11404.8 3185.6 16.0 3.0 2.0 3.3 
15195.6 10931.0 16.1 2.5 3.1 3.1 

12755.6 11669.3 24.0 2.6 1.4 3.0 
13346.3 7445.9 14.5 2.7 1.4 3.1 
11404.8 3185.6 16.0 3.0 2.0 3.3 

16459.9 12768.3 19.5 2.3 3.4 3.4 
15195.6 10931.0 16.1 2.5 3.1 3.1 

31820.4 24210.1 66.9 8.3 5.9 7.3 

10814.1 7408.9 25.5 2.9 1.9 3.2 
11404.8 3185.6 16.0 3.0 2.0 3.3 

10814.1 7408.9 25.5 2.9 1.9 3.2 
13346.3 7445.9 14.5 2.7 1.4 3.1 
11404.8 3185.6 16.0 3.0 2.0 3.3 
15195.6 10931.0 16.1 2.5 3.1 3.1 

20020.5 9605.3 19.9 4.5 2.4 3.8 
19429.8 13828.6 29.5 4.4 2.4 3.7 
19429.8 13828.6 29.5 4.5 2.4 3.7 

28526.2 13599.9 38.2 7.6 4.8 6.2 
30298.5 22692.0 46.4 7.8 4.4 6.8 
29180.6 22006.6 50.6 7.5 4.2 6.1 
28526.2 13599.9 38.2 7.6 4.7 6.2 

16459.9 12768.3 19.5 2.3 3.4 3.4 
13346.3 7445.9 14.5 2.7 1.4 3.1 
15195.6 10931.0 16.1 2.5 3.1 3.1 

12755.6 11669.3 24.0 2.6 1.4 3.0 
10814.1 7408.9 25.5 2.9 1.9 3.2 
13346.3 7445.9 14.5 2.7 1.4 3.1 
11404.8 3185.6 16.0 3.0 2.0 3.3 

12755.6 11669.3 24.0 2.6 1.4 3.0 
10814.1 7408.9 25.5 2.9 1.9 3.2 
13346.3 7445.9 14.5 2.7 1.4 3.1 
11404.8 3185.6 16.0 3.0 2.0 3.3 
15195.6 10931.0 16.1 2.5 3.1 3.1 

12755.6 11669.3 24.0 2.6 1.4 3.0 
16459.9 12768.3 19.5 2.3 3.4 3.4 
10814.1 7408.9 25.5 2.9 1.9 3.2 
13346.3 7445.9 14.5 2.7 1.4 3.1 
11404.8 3185.6 16.0 3.0 2.0 3.3 
15195.6 10931.0 16.1 2.5 3.1 3.1 

14284.8 12678.9 16.1 2.1 2.9 3.3 
15549.0 14516.2 19.5 1.9 3.3 3.6 
10814.1 7408.9 25.5 2.9 1.9 3.2 
13346.3 7445.9 14.5 2.7 1.4 3.1 
11404.8 3185.6 16.0 3.0 2.0 3.3 

10814.1 7408.9 25.5 2.9 1.9 3.2 
13346.3 7445.9 14.5 2.7 1.4 3.1 
11404.8 3185.6 16.0 3.0 2.0 3.3 
15195.6 10931.0 16.1 2.5 3.1 3.1 

10814.1 7408.9 25.5 2.9 1.9 3.2 
11404.8 3185.6 16.0 3.0 2.0 3.3 

17528.8 11683.8 16.0 2.3 2.1 3.3 
16459.9 12768.3 19.5 2.3 3.4 3.4 
10814.1 7408.9 25.5 2.9 1.9 3.2 
13346.3 7445.9 14.5 2.7 1.4 3.1 
15195.6 10931.0 16.1 2.5 3.1 3.1 
11404.8 3185.6 16.0 3.0 2.0 3.3 
16264.5 9846.5 12.5 2.6 1.8 2.9 

13346.3 7445.9 14.5 2.7 1.4 3.1 
15195.6 10931.0 16.1 2.5 3.1 3.1 
11404.8 3185.6 16.0 3.0 2.0 3.3 

27358.8 13847.1 36.6 5.2 2.9 4.7 
23965.4 9343.5 36.7 5.5 2.7 5.2 
24516.1 10737.7 30.6 5.1 2.6 4.9 
22574.6 6477.4 32.1 5.5 3.2 5.1 
21983.9 10700.7 41.6 5.4 3.2 5.0 

12755.6 11669.3 24.0 2.6 1.4 3.0 
10814.1 7408.9 25.5 2.9 1.9 3.2 
13346.3 7445.9 14.5 2.7 1.4 3.1 

25259.7 19066.3 35.8 5.0 3.1 5.3 
29536.1 18803.6 40.2 5.1 3.4 5.5 
25820.8 18581.0 29.0 4.3 4.5 4.7 
22791.1 9897.2 31.9 5.2 3.6 4.9 
22200.4 14120.6 41.5 5.1 3.5 4.8 

16459.9 12768.3 19.5 2.3 3.4 3.4 
10814.1 7408.9 25.5 2.9 1.9 3.2 
13346.3 7445.9 14.5 2.7 1.4 3.1 
11404.8 3185.6 16.0 3.0 2.0 3.3 
15195.6 10931.0 16.1 2.5 3.1 3.1 

10814.1 7408.9 25.5 2.9 1.9 3.2 
13346.3 7445.9 14.5 2.7 1.4 3.1 
11404.8 3185.6 16.0 3.0 2.0 3.3 
15195.6 10931.0 16.1 2.5 3.1 3.1 

10814.1 7408.9 25.5 2.9 1.9 3.2 
13346.3 7445.9 14.5 2.7 1.4 3.1 
11404.8 3185.6 16.0 3.0 2.0 3.3 
15195.6 10931.0 16.1 2.5 3.1 3.1 

10814.1 7408.9 25.5 2.9 1.9 3.2 
13346.3 7445.9 14.5 2.7 1.4 3.1 
11404.8 3185.6 16.0 3.0 2.0 3.3 
15195.6 10931.0 16.1 2.5 3.1 3.1 

31180.2 20265.3 57.5 6.5 4.4 5.6 

16459.9 12768.3 19.5 2.3 3.4 3.4 
10814.1 7408.9 25.5 2.9 1.9 3.2 
13346.3 7445.9 14.5 2.7 1.4 3.1 
11404.8 3185.6 16.0 3.0 2.0 3.3 

10814.1 7408.9 25.5 2.9 1.9 3.2 
13346.3 7445.9 14.5 2.7 1.4 3.1 
11404.8 3185.6 16.0 3.0 2.0 3.3 
15195.6 10931.0 16.1 2.5 3.1 3.1 

31166.9 24316.6 43.2 6.7 5.1 6.3 
30576.3 28539.9 52.7 6.6 5.1 6.2 

10814.1 7408.9 25.5 2.9 1.9 3.2 
13346.3 7445.9 14.5 2.7 1.4 3.1 
11404.8 3185.6 16.0 3.0 2.0 3.3 
15195.6 10931.0 16.1 2.5 3.1 3.1 

12755.6 11669.3 24.0 2.6 1.4 3.0 
16459.9 12768.3 19.5 2.3 3.4 3.4 
10814.1 7408.9 25.5 2.9 1.9 3.2 
13346.3 7445.9 14.5 2.7 1.4 3.1 
11404.8 3185.6 16.0 3.0 2.0 3.3 

12755.6 11669.3 24.0 2.6 1.4 3.0 
13346.3 7445.9 14.5 2.7 1.4 3.1 
11404.8 3185.6 16.0 3.0 2.0 3.3 
15195.6 10931.0 16.1 2.5 3.1 3.1 

12755.6 11669.3 24.0 2.6 1.4 3.0 
10814.1 7408.9 25.5 2.9 1.9 3.2 
13346.3 7445.9 14.5 2.7 1.4 3.1 
15195.6 10931.0 16.1 2.5 3.1 3.1 
11404.8 3185.6 16.0 3.0 2.0 3.3 

10814.1 7408.9 25.5 2.9 1.9 3.2 
13346.3 7445.9 14.5 2.7 1.4 3.1 
11404.8 3185.6 16.0 3.0 2.0 3.3 

10814.1 7408.9 25.5 2.9 1.9 3.2 
13346.3 7445.9 14.5 2.7 1.4 3.1 
11404.8 3185.6 16.0 3.0 2.0 3.3 
15195.6 10931.0 16.1 2.5 3.1 3.1 

12755.6 11669.3 24.0 2.6 1.4 3.0 
13346.3 7445.9 14.5 2.7 1.4 3.1 

