73930.1 63674.6 134.9 14.6 16.1 17.6 
79062.2 64349.0 155.7 15.2 15.9 19.3 

60829.1 44674.2 98.7 10.7 11.6 13.9 
64524.5 43708.0 98.0 11.1 11.5 13.7 
65240.2 46069.7 93.2 10.3 11.6 14.0 
63480.9 46232.2 94.9 10.5 12.0 13.7 

54398.2 46579.7 83.7 10.3 11.1 12.2 
57168.6 49110.0 90.0 9.7 10.6 12.1 
53765.6 46826.3 86.2 10.4 10.9 11.8 

94219.4 82368.3 167.0 17.5 19.6 21.0 

55982.8 49539.8 92.4 9.9 10.6 11.9 
54289.9 48524.2 89.0 10.2 11.5 12.3 
57060.2 51054.5 95.3 9.6 10.9 12.2 
58337.0 54442.7 92.9 9.9 10.5 12.0 
54156.6 51475.3 85.7 9.9 11.5 12.1 

73140.7 61454.8 130.5 15.8 15.2 17.2 
73951.4 67141.4 135.5 14.4 14.8 15.7 
69414.5 62910.7 127.7 14.6 16.0 16.3 

54785.2 45444.7 90.9 11.0 11.3 12.7 
57555.5 47975.0 97.2 10.4 10.7 12.6 
53235.8 53425.5 83.0 10.5 10.4 11.7 
58205.1 51866.0 99.1 10.9 10.5 13.1 
61474.7 57100.8 99.5 9.9 10.1 13.2 
61608.0 54149.7 102.8 10.2 10.1 13.4 
59136.4 47620.4 103.2 10.5 9.8 13.4 
56638.8 55709.2 86.8 9.9 10.0 12.0 
56772.0 52758.1 90.2 10.2 10.0 12.2 
54152.6 45691.3 93.4 11.1 11.1 12.4 
57422.2 50926.1 93.8 10.2 10.7 12.4 
58837.7 51619.5 96.6 10.8 10.7 13.5 

52427.9 45564.8 92.2 10.4 11.6 12.0 
67751.9 61744.0 102.6 10.3 11.0 13.5 
55830.9 47848.5 96.0 9.8 11.3 12.3 
65264.5 59792.2 98.8 10.0 11.1 13.2 
65397.8 56841.1 102.2 10.3 11.1 13.4 
64320.4 55326.4 99.3 10.6 10.8 13.1 
65397.8 56841.1 102.1 10.3 11.1 13.4 

94658.4 82581.3 168.3 18.1 19.9 21.6 

57815.8 47721.8 88.4 10.7 9.7 12.2 
61247.3 54139.4 91.6 10.3 9.9 12.6 
56421.6 42707.1 91.6 10.6 9.7 12.5 
58759.9 52187.6 87.9 10.1 10.0 12.3 
56122.9 46706.2 84.9 10.9 10.6 12.5 
58893.2 49236.5 91.2 10.3 10.0 12.5 
57844.4 51855.7 87.9 11.0 10.2 12.3 
55490.3 46952.8 87.4 11.0 10.4 12.2 

101100.4 85190.2 181.2 20.8 20.3 22.8 
97036.7 83457.5 176.8 19.6 20.7 22.1 

64835.5 53453.4 97.6 10.8 10.6 13.6 
65251.7 51080.8 103.4 10.3 10.1 13.4 
64320.4 55326.4 99.3 10.6 10.8 13.1 
60917.4 53042.7 95.5 11.3 11.1 12.8 
61848.8 48797.1 99.7 10.9 10.5 13.1 

55978.7 48386.0 93.1 9.2 9.9 12.0 
51644.4 50347.9 85.2 10.2 10.9 11.5 
56762.2 43602.8 100.1 9.4 10.6 12.5 
53359.3 41319.1 96.3 10.1 11.0 12.2 
54753.5 46333.8 93.1 10.1 10.9 12.0 
55697.6 50799.6 92.6 9.5 11.3 12.1 
55047.4 52631.6 88.9 9.5 10.5 11.8 
54901.3 46871.3 90.2 9.5 9.6 11.7 

72835.4 66902.2 123.0 13.4 13.8 15.2 
70614.5 59048.2 125.9 13.7 13.9 15.3 
70820.4 64153.4 124.2 12.1 13.5 14.6 
76238.3 69185.9 126.8 12.8 13.4 15.5 

61994.8 54557.4 98.4 11.0 11.5 13.1 
65397.8 56841.1 102.2 10.3 11.1 13.4 
62627.4 54310.8 95.9 10.9 11.7 13.5 
64320.4 55326.4 99.3 10.6 10.8 13.1 
65397.8 56841.1 102.1 10.3 11.1 13.4 

94793.6 84654.4 177.5 18.7 20.5 22.3 

64753.5 62937.5 102.6 11.9 13.1 14.0 
64886.7 59986.4 105.9 12.1 13.1 14.2 

57416.0 51426.7 90.9 9.4 10.6 12.1 
53359.3 41319.1 96.3 10.1 11.0 12.2 
47632.9 47198.1 96.0 11.8 9.4 12.1 
57416.0 51426.7 91.0 9.4 10.6 12.1 

51644.4 50347.9 85.2 10.2 10.9 11.5 
52427.9 45564.8 92.2 10.4 11.6 12.0 
55830.9 47848.5 96.0 9.8 11.3 12.3 
52277.0 50101.4 82.7 10.1 11.1 11.8 
53060.5 45318.2 89.7 10.4 11.8 12.3 
55047.4 52631.6 89.0 9.5 10.5 11.8 

69250.6 56164.5 123.3 12.9 14.4 14.9 
72250.5 59611.9 117.3 13.0 13.5 14.9 

52427.9 45564.8 92.2 10.4 11.6 12.0 
51644.4 50347.9 85.2 10.2 10.9 11.5 
53970.0 51116.9 86.1 9.9 10.2 11.5 
55830.9 47848.5 96.0 9.8 11.3 12.3 
52277.0 50101.4 82.7 10.1 11.1 11.8 
53060.5 45318.2 89.7 10.4 11.8 12.3 
55047.4 52631.6 89.0 9.5 10.5 11.8 

62903.4 56140.4 101.9 11.6 12.4 13.0 
60642.2 49319.6 95.9 11.3 12.1 13.7 
63952.2 53521.2 105.2 11.0 12.2 13.2 
61068.9 56017.5 102.9 10.9 12.0 13.0 
66306.4 58424.1 105.6 11.0 12.0 13.3 
60549.3 51237.5 101.4 11.6 12.5 12.9 

61268.1 44887.2 100.0 11.3 12.0 14.4 
64963.5 43921.0 99.3 11.7 11.9 14.2 
65679.2 46282.7 94.5 11.0 11.9 14.5 
63919.9 46445.2 96.2 11.1 12.4 14.3 

55209.7 50272.0 106.2 9.5 10.2 12.1 
55675.1 47969.1 104.6 10.0 11.0 11.9 
52439.4 47741.8 99.9 10.0 10.7 12.2 
51827.4 43924.2 95.4 10.9 11.3 11.7 
52904.8 45438.9 98.3 10.6 11.6 12.0 
55742.4 50437.4 102.7 11.3 12.1 11.8 

54944.5 44897.4 91.3 9.7 10.3 12.0 
57298.6 49800.3 91.7 9.7 10.2 12.2 
54811.2 47848.5 88.0 9.4 10.3 11.8 
58347.4 47181.1 95.1 9.0 10.0 12.3 
53879.8 52094.1 83.8 9.8 11.0 11.6 
58214.1 50132.2 91.7 8.7 10.0 12.1 
53867.1 43382.7 88.5 10.0 10.0 11.7 

64162.9 44555.0 90.4 10.7 11.3 13.7 
62034.5 42671.4 95.3 11.0 11.5 13.7 
68683.3 57498.4 106.7 10.0 10.3 13.8 
63447.1 42193.3 95.1 11.4 11.2 13.4 
62363.7 54469.1 98.8 11.4 11.8 13.4 
59751.7 43159.5 95.8 11.0 11.3 13.6 
65280.3 55214.7 102.9 10.6 10.7 13.5 
60549.3 51237.5 101.4 11.6 12.5 12.9 
57877.2 45191.0 100.4 10.4 11.2 12.8 

55986.5 54680.3 83.3 10.1 10.8 11.7 
54264.9 49530.8 80.4 10.0 11.1 12.0 
56119.7 51729.2 86.7 10.4 10.8 11.9 
57035.3 52061.1 86.6 9.4 10.6 11.9 
53632.3 49777.4 82.9 10.1 10.9 11.6 
57966.6 47815.4 90.8 9.1 9.9 12.2 
57168.6 49110.0 90.0 9.7 10.6 12.1 
53765.6 46826.3 86.2 10.4 10.9 11.8 
58099.9 44864.3 94.2 9.3 9.9 12.4 

54914.1 55582.7 85.6 9.3 10.5 11.6 
55978.7 48386.0 93.1 9.2 9.9 12.0 
56762.2 43602.8 100.1 9.4 10.6 12.5 
53970.0 51116.9 86.1 9.9 10.2 11.5 
55830.9 47848.5 96.0 9.8 11.3 12.3 
55047.4 52631.6 89.0 9.5 10.5 11.8 
54753.5 46333.8 93.1 10.1 10.9 12.0 

95447.8 79108.3 157.7 18.6 18.8 20.4 
93093.6 74205.4 157.3 18.6 19.0 20.3 

57416.0 51426.7 90.9 9.4 10.6 12.1 
55830.9 47848.5 96.0 9.8 11.3 12.3 
54013.1 49143.0 87.2 10.0 11.0 11.8 
57416.0 51426.7 91.0 9.4 10.6 12.1 
61522.5 47374.3 99.9 10.5 10.9 12.9 

60202.7 45960.0 101.3 10.0 10.6 12.8 
56799.8 43676.3 97.5 10.7 10.9 12.5 
55830.9 47848.5 96.0 9.8 11.3 12.3 
61280.1 47474.7 104.1 9.7 10.9 13.1 
58509.8 44944.4 97.9 10.3 11.4 13.1 
57877.2 45191.0 100.4 10.4 11.2 12.8 
65755.4 48855.9 105.6 9.9 10.7 13.5 

72049.5 49404.2 116.0 11.2 10.2 14.9 
74403.6 54307.1 116.4 11.2 10.1 15.0 
63858.1 46864.4 108.8 10.6 11.1 13.4 
67261.0 49148.1 112.6 10.0 10.7 13.7 
61280.1 47474.7 104.1 9.7 10.9 13.1 
58393.4 42463.6 90.1 10.5 10.5 13.2 

52427.9 45564.8 92.2 10.4 11.6 12.0 
55830.9 47848.5 96.0 9.8 11.3 12.3 
53060.5 45318.2 89.7 10.4 11.8 12.3 
55047.4 52631.6 89.0 9.5 10.5 11.8 
55697.6 50799.6 92.6 9.5 11.3 12.1 

49735.2 46761.0 102.9 11.8 9.9 12.2 
53060.5 45318.2 89.7 10.4 11.8 12.3 
47632.9 47198.1 96.0 11.8 9.4 12.1 
51885.4 47017.5 108.3 11.1 9.7 12.3 
49783.1 47454.6 101.5 11.2 9.2 12.2 

48674.7 49217.0 91.8 12.1 9.0 12.3 
50776.9 48779.9 98.6 12.1 9.5 12.4 
58177.0 51260.3 87.8 11.2 11.6 12.8 
50622.5 48782.1 95.8 12.7 8.8 12.6 
60397.9 59114.3 84.8 10.9 11.5 12.7 
59898.6 56409.8 90.7 11.3 11.3 12.6 
58043.8 54211.4 84.4 10.9 11.6 12.6 
47929.0 50863.3 99.2 11.8 10.1 12.1 

62498.2 49778.9 103.4 11.3 12.0 13.4 
58944.4 52031.8 90.1 11.6 11.8 13.0 
61714.7 54562.0 96.4 11.0 11.3 13.0 

57595.4 42873.4 99.1 10.9 11.8 13.0 
60202.7 45960.0 101.3 10.0 10.6 12.8 
59434.4 49649.3 101.2 10.7 11.9 12.6 
58748.6 42217.7 99.4 10.4 10.3 13.0 
56962.8 43120.0 101.6 11.0 11.6 12.6 
59288.3 43889.0 102.5 10.6 11.0 12.6 
60365.7 45403.7 105.3 10.3 11.3 12.9 
55896.9 47518.7 93.1 11.0 11.9 12.5 

60777.0 50497.8 104.1 10.5 11.2 12.7 
61918.9 52707.8 93.4 11.6 11.7 13.5 
60348.7 51720.3 100.0 10.1 11.5 12.8 
57445.1 52141.1 90.3 10.4 12.1 12.7 
64343.4 56627.0 101.8 9.8 11.9 13.2 
57578.4 49190.0 93.7 10.7 12.1 12.9 
62971.0 53383.7 98.2 10.0 11.9 13.2 

51983.3 56835.6 103.6 12.4 10.9 13.1 
52728.9 55189.3 96.1 12.7 9.8 13.3 
55975.5 51569.3 95.5 13.1 9.9 13.2 
56130.0 51567.1 98.2 12.5 10.7 13.0 
55830.9 47848.5 96.0 9.8 11.3 12.3 
53060.5 45318.2 89.7 10.4 11.8 12.3 
55047.4 52631.6 89.0 9.5 10.5 11.8 
54676.8 54754.4 100.2 13.3 9.6 13.6 
53127.7 53652.6 96.1 12.9 10.5 12.9 

46732.8 48846.5 100.7 12.2 9.7 12.1 
49580.7 46763.2 100.1 12.5 9.2 12.4 

51644.4 50347.9 85.2 10.2 10.9 11.5 
55830.9 47848.5 96.0 9.8 11.3 12.3 
53060.5 45318.2 89.7 10.4 11.8 12.3 
55047.4 52631.6 89.0 9.5 10.5 11.8 
51983.1 43803.5 86.8 10.7 11.5 12.0 

103053.6 76557.2 167.4 18.4 17.5 21.5 

72665.8 55645.2 134.3 14.6 14.6 16.9 

52427.9 45564.8 92.2 10.4 11.6 12.0 
55830.9 47848.5 96.0 9.8 11.3 12.3 
52277.0 50101.4 82.7 10.1 11.1 11.8 
55047.4 52631.6 89.0 9.5 10.5 11.8 
55697.6 50799.5 92.6 9.5 11.3 12.1 

89736.5 76785.7 163.7 16.9 17.9 20.1 

123705.5 88924.3 167.6 21.0 23.5 25.5 
129778.0 93212.7 177.6 21.0 23.7 26.6 
127423.9 88309.8 177.2 21.0 23.9 26.4 

55978.7 48386.0 93.1 9.2 9.9 12.0 
52277.0 50101.4 82.7 10.1 11.1 11.8 
53060.5 45318.2 89.7 10.4 11.8 12.3 
55047.4 52631.6 89.0 9.5 10.5 11.8 

72545.2 64460.9 117.3 13.7 14.4 16.4 
70191.1 59557.9 116.9 13.7 14.6 16.3 

64358.6 55404.5 103.1 9.8 10.5 13.5 
59883.3 54023.2 101.6 9.6 10.6 13.0 
55403.0 50224.8 95.0 10.5 10.7 12.4 
62237.5 58926.1 102.0 9.6 10.5 13.1 
66712.8 60307.4 103.5 9.8 10.4 13.6 
66579.5 63258.5 100.2 9.5 10.4 13.4 
64225.4 58355.6 99.7 9.5 10.5 13.3 
62237.5 58926.1 102.1 9.6 10.5 13.1 
54398.2 46579.7 83.7 10.3 11.1 12.2 
57168.6 49110.0 90.0 9.7 10.6 12.1 

59522.7 54012.9 90.4 9.7 10.4 12.2 
54398.2 46579.7 83.7 10.3 11.1 12.2 
57168.6 49110.0 90.0 9.7 10.6 12.1 
58099.9 44864.3 94.2 9.3 9.9 12.4 
53765.6 46826.3 86.2 10.4 10.9 11.8 

49735.2 46761.0 102.9 11.8 9.9 12.2 
55830.9 47848.5 96.0 9.8 11.3 12.3 
46887.3 48844.3 103.5 11.5 10.5 11.9 
65397.8 56841.1 102.2 10.3 11.1 13.4 
46732.8 48846.5 100.7 12.2 9.7 12.1 
49580.7 46763.2 100.1 12.5 9.2 12.4 
65397.8 56841.1 102.1 10.3 11.1 13.4 

59522.7 54012.9 90.4 9.7 10.4 12.2 
56119.7 51729.2 86.7 10.4 10.8 11.9 
57035.3 52061.1 86.7 9.4 10.6 11.9 
54398.2 46579.7 83.7 10.3 11.1 12.2 
57168.6 49110.0 90.0 9.7 10.6 12.1 
53765.6 46826.3 86.2 10.4 10.9 11.8 

51644.4 50347.9 85.2 10.2 10.9 11.5 
54914.1 55582.7 85.6 9.3 10.5 11.6 
53970.0 51116.9 86.1 9.9 10.2 11.5 
55830.9 47848.5 96.0 9.8 11.3 12.3 
52277.0 50101.4 82.7 10.1 11.1 11.8 
53060.5 45318.2 89.7 10.4 11.8 12.3 
55047.4 52631.6 89.0 9.5 10.5 11.8 
55697.6 50799.6 92.6 9.5 11.3 12.1 

63634.2 52377.6 104.6 9.7 10.7 13.2 
62556.8 50862.9 101.7 10.1 10.4 12.9 
60098.0 53045.0 97.4 10.1 11.1 12.7 

53184.2 48564.0 105.4 13.3 9.9 12.8 
68525.5 55595.0 118.1 12.2 12.7 13.6 
50963.8 51442.0 100.9 12.5 9.9 13.0 

51644.4 50347.9 85.2 10.2 10.9 11.5 
55830.9 47848.5 96.0 9.8 11.3 12.3 
52927.2 48269.3 86.3 10.1 11.8 12.1 
53060.5 45318.2 89.7 10.4 11.8 12.3 
55047.4 52631.6 89.0 9.5 10.5 11.8 

51644.4 50347.9 85.2 10.2 10.9 11.5 
52427.9 45564.8 92.2 10.4 11.6 12.0 
53226.0 44270.2 93.0 9.8 11.0 12.0 
52927.2 48269.3 86.3 10.1 11.8 12.1 
55830.9 47848.5 96.0 9.8 11.3 12.3 
53060.5 45318.2 89.7 10.4 11.8 12.3 
51983.1 43803.5 86.8 10.7 11.5 12.0 
55697.6 50799.6 92.6 9.5 11.3 12.1 

59522.7 54012.9 90.4 9.7 10.4 12.2 
52688.2 45311.6 83.4 10.7 10.6 11.5 
57035.3 52061.1 86.7 9.4 10.6 11.9 
53632.3 49777.4 82.9 10.1 10.9 11.6 
54398.2 46579.7 83.7 10.3 11.1 12.2 
57168.6 49110.0 90.0 9.7 10.6 12.1 

55830.9 47848.5 96.0 9.8 11.3 12.3 
53060.5 45318.2 89.7 10.4 11.8 12.3 
55047.4 52631.6 89.0 9.5 10.5 11.8 

60642.2 49319.6 95.9 11.3 12.1 13.7 
60508.9 52270.7 92.5 11.0 12.1 13.5 

90615.6 71671.6 120.1 15.4 13.6 18.2 
86927.8 71463.2 129.0 14.5 14.0 18.1 

55214.9 49195.9 97.6 10.8 12.6 12.6 
57495.3 54108.6 92.8 11.1 11.9 12.9 
58894.7 47978.0 98.1 10.4 11.3 13.0 
58111.2 52761.2 91.1 10.1 10.6 12.6 

88455.4 59686.2 119.1 15.8 14.7 18.6 
78428.4 54043.5 120.4 14.5 13.9 17.5 
89772.2 59430.4 116.6 15.9 14.5 18.4 
78716.5 55270.3 117.8 14.5 14.8 17.6 
77064.6 65179.8 121.6 16.9 14.4 18.8 
79340.1 64569.1 115.2 17.3 14.7 18.4 
88105.3 61818.5 115.0 16.5 14.4 18.4 
86694.2 58710.4 111.7 16.2 15.0 18.1 
78000.8 52908.5 122.5 15.3 14.7 17.3 

50948.7 43969.5 95.0 12.6 8.3 11.6 
51478.0 47196.0 92.2 12.7 8.7 12.6 
50179.3 50381.2 96.9 12.8 8.4 13.0 
46808.5 47056.1 105.7 12.6 8.8 11.8 
55104.0 48355.4 90.2 12.5 9.4 12.9 
48107.3 43870.9 101.0 12.5 9.1 11.4 
54574.8 45128.8 93.0 12.5 9.0 11.9 
55353.2 50694.0 93.8 13.2 10.3 12.0 

52281.9 39804.4 93.5 10.4 10.7 11.9 
55978.7 48386.0 93.1 9.2 9.9 12.0 
54914.1 55582.7 85.6 9.3 10.5 11.6 
55801.9 50709.0 87.1 9.0 11.4 12.1 
54753.5 46333.8 93.1 10.1 10.9 12.0 
55047.4 52631.6 89.0 9.5 10.5 11.8 
51983.1 43803.5 86.8 10.7 11.5 12.0 
55684.8 42088.1 97.2 9.7 10.3 12.2 

66406.2 56482.9 105.4 12.9 12.8 14.4 
67455.1 53863.7 108.7 12.2 12.6 14.5 
64983.5 47334.4 109.1 12.5 12.3 14.5 
64684.7 51333.4 102.4 12.8 13.2 14.6 

53627.8 54194.0 89.3 10.7 11.6 12.7 
58406.4 45294.7 102.6 11.2 11.7 14.2 
57622.9 50077.9 95.6 10.9 11.0 13.8 
54411.2 49410.8 96.3 10.9 12.3 13.2 

76799.2 65058.0 134.9 14.6 14.3 16.0 

59312.7 42946.5 94.5 10.4 11.0 13.0 
63723.9 44342.0 89.0 10.0 10.9 13.1 
60645.8 43622.0 84.1 10.3 11.4 12.8 

52427.9 45564.8 92.2 10.4 11.6 12.0 
53226.0 44270.2 93.0 9.8 11.0 12.0 
56762.2 43602.8 100.1 9.4 10.6 12.5 
55830.9 47848.5 96.0 9.8 11.3 12.3 
56628.9 46553.9 96.7 9.2 10.6 12.3 
53060.5 45318.2 89.7 10.4 11.8 12.3 
54753.5 46333.8 93.1 10.1 10.9 12.0 
51983.1 43803.5 86.8 10.7 11.5 12.0 
53858.6 44023.7 90.5 9.7 11.2 12.4 

52927.2 48269.3 86.3 10.1 11.8 12.1 
54264.9 49530.8 80.4 10.0 11.1 12.0 
54398.2 46579.7 83.7 10.3 11.1 12.2 

64162.9 44555.0 90.4 10.7 11.3 13.7 
63998.8 47073.1 84.0 10.8 11.3 13.6 
65042.4 44548.9 87.1 11.4 10.8 13.6 
65758.1 46910.7 82.4 10.7 10.9 13.9 

51644.4 50347.9 85.2 10.2 10.9 11.5 
55830.9 47848.5 96.0 9.8 11.3 12.3 
52294.6 48515.9 88.8 10.2 11.6 11.8 
53060.5 45318.2 89.7 10.4 11.8 12.3 
55047.4 52631.6 89.0 9.5 10.5 11.8 
55697.6 50799.6 92.6 9.5 11.3 12.1 

66461.8 61494.4 113.1 11.3 13.1 15.0 
68815.9 66397.4 113.6 11.3 13.0 15.2 

56762.2 43602.8 100.1 9.4 10.6 12.5 
55830.9 47848.5 96.0 9.8 11.3 12.3 
52277.0 50101.4 82.7 10.1 11.1 11.8 
54753.5 46333.8 93.1 10.1 10.9 12.0 
55697.6 50799.5 92.6 9.5 11.3 12.1 
55047.4 52631.6 88.9 9.5 10.5 11.8 

54972.0 50319.2 84.4 10.3 10.8 12.3 
64963.5 43921.0 99.3 11.7 11.9 14.2 
65679.2 46282.7 94.5 11.0 11.9 14.5 
63919.9 46445.2 96.2 11.1 12.4 14.3 
57326.1 55222.2 84.8 10.3 10.7 12.4 

52427.9 45564.8 92.2 10.4 11.6 12.0 
56423.1 41448.7 98.5 10.7 11.0 13.0 
58125.3 50613.6 82.7 10.8 10.8 12.3 
56432.4 49598.0 79.3 11.1 11.7 12.6 
55355.0 48083.3 76.4 11.4 11.4 12.3 
53060.5 45318.2 89.7 10.4 11.8 12.3 
61878.7 49545.0 98.2 10.3 10.4 13.0 
60814.1 56741.7 90.7 10.4 11.1 12.5 
51983.1 43803.5 86.8 10.7 11.5 12.0 

53991.9 41072.6 93.8 10.0 11.2 12.6 
55978.7 48386.0 93.1 9.2 9.9 12.0 
56762.2 43602.8 100.1 9.4 10.6 12.5 
55830.9 47848.5 96.0 9.8 11.3 12.3 
53060.5 45318.2 89.7 10.4 11.8 12.3 
51983.1 43803.5 86.8 10.7 11.5 12.0 

59392.3 62070.3 107.3 12.1 10.2 13.3 
61379.6 54543.2 117.5 13.0 10.9 13.1 
60958.1 59124.9 103.4 11.7 9.1 13.9 
62388.2 62166.7 104.0 11.5 10.1 13.3 
62233.7 62168.9 101.3 12.2 9.3 13.5 

65096.3 52041.7 108.9 9.9 12.2 13.6 
65999.4 55308.9 115.7 11.0 12.4 13.6 
68683.8 58296.7 108.8 10.3 11.2 13.6 
60820.3 49219.3 95.6 10.4 12.8 13.5 
62326.0 49511.4 102.6 10.5 12.7 13.7 

66346.8 45022.3 117.0 12.5 10.4 12.7 
62383.4 43484.4 101.7 10.8 10.7 12.5 
61552.2 43895.1 96.9 10.7 10.9 12.8 

53991.9 41072.6 93.8 10.0 11.2 12.6 
51644.4 50347.9 85.2 10.2 10.9 11.5 
55830.9 47848.5 96.0 9.8 11.3 12.3 
53060.5 45318.2 89.7 10.4 11.8 12.3 
55047.4 52631.6 89.0 9.5 10.5 11.8 
55697.6 50799.6 92.6 9.5 11.3 12.1 

61268.1 44887.2 100.0 11.3 12.0 14.4 
64963.5 43921.0 99.3 11.7 11.9 14.2 
65679.2 46282.7 94.5 11.0 11.9 14.5 

96871.8 85678.0 170.3 18.2 19.6 21.9 

70925.2 58650.9 111.2 13.1 13.8 15.0 
67310.2 50936.6 111.6 12.5 12.5 14.4 

67955.4 49268.0 89.4 11.7 12.5 15.5 
60389.9 55351.7 87.0 10.9 10.7 13.2 
63160.2 57882.0 93.3 10.4 10.2 13.2 

57782.3 49750.5 109.4 11.1 12.8 13.0 
57149.7 49997.1 111.9 11.2 12.6 12.7 
57938.1 49629.9 100.8 10.9 13.0 13.3 

98994.3 89574.4 194.1 19.7 21.0 23.8 

90310.1 77320.1 167.1 17.2 19.2 20.3 

54062.8 51983.6 93.2 10.4 10.8 12.3 
51708.6 47080.7 92.8 10.3 11.0 12.2 
52787.6 46004.6 99.3 10.7 12.6 12.4 
55111.6 49364.4 96.6 9.7 10.6 12.5 
57465.7 54267.3 97.0 9.7 10.5 12.6 
51708.6 47080.7 92.8 10.4 11.0 12.2 
54695.4 51737.1 90.7 10.3 11.1 12.7 

59515.9 56552.4 99.4 11.1 12.3 13.2 
58111.2 52761.2 91.1 10.1 10.6 12.6 

56762.2 43602.8 100.1 9.4 10.6 12.5 
53970.0 51116.9 86.1 9.9 10.2 11.5 
55830.9 47848.5 96.0 9.8 11.3 12.3 
53060.5 45318.2 89.7 10.4 11.8 12.3 
54753.5 46333.8 93.1 10.1 10.9 12.0 
55047.4 52631.6 89.0 9.5 10.5 11.8 
51350.5 44050.1 89.3 10.8 11.3 11.7 
51983.1 43803.5 86.8 10.7 11.5 12.0 

64139.8 49323.1 115.1 12.1 13.1 14.1 
63208.4 53568.7 111.0 12.5 13.8 13.9 

53991.9 41072.6 93.8 10.0 11.2 12.6 
52427.9 45564.8 92.2 10.4 11.6 12.0 
51231.2 50927.0 105.4 12.2 11.1 12.6 
56762.2 43602.8 100.1 9.4 10.6 12.5 
53226.0 44270.2 93.0 9.8 11.0 12.0 
53359.3 41319.1 96.3 10.1 11.0 12.2 
55830.9 47848.5 96.0 9.8 11.3 12.3 
50513.5 52326.1 103.7 12.5 11.2 12.3 
48116.0 53525.3 101.6 12.3 10.4 12.8 
49580.7 46763.2 100.1 12.5 9.2 12.4 

65515.2 48800.8 88.2 11.1 12.0 14.5 
67274.5 48638.3 86.5 11.0 11.6 14.7 
67751.9 61744.0 102.6 10.3 11.0 13.5 
55830.9 47848.5 96.0 9.8 11.3 12.3 
66558.8 46276.6 91.3 11.7 11.5 14.4 
65146.2 46754.7 91.4 11.3 11.8 14.7 
63634.2 52377.6 104.6 9.7 10.7 13.2 
62863.4 47242.8 92.0 11.3 11.6 14.6 

47337.8 50282.6 102.9 12.7 9.2 12.8 
53207.0 50245.0 100.3 13.4 10.0 12.8 
50963.8 51442.0 100.9 12.5 9.9 13.0 
46109.1 45601.6 104.9 11.9 9.3 12.0 

70737.6 63747.1 113.6 13.1 14.1 15.7 

96499.9 78895.2 144.1 16.2 15.7 20.4 
100140.7 80463.7 148.8 16.7 14.7 21.1 
100939.8 80962.4 151.8 17.1 14.9 21.2 
100555.5 81619.7 154.4 17.1 15.2 20.2 

67346.2 43894.6 96.2 10.4 12.0 14.5 
53060.5 45318.2 89.7 10.4 11.8 12.3 
65586.8 44057.0 97.8 10.5 12.4 14.3 
62935.0 42499.1 101.6 10.8 12.1 14.4 

59522.7 54012.9 90.4 9.7 10.4 12.2 
54252.2 40819.4 85.0 10.2 10.2 12.1 
53320.8 45065.0 80.9 10.6 10.8 11.9 
57022.5 43349.6 91.3 9.7 9.6 12.1 
54398.2 46579.7 83.7 10.3 11.1 12.2 
57168.6 49110.0 90.0 9.7 10.6 12.1 

67101.0 58321.4 99.3 11.5 11.6 14.0 
68011.3 57275.1 100.8 11.7 12.5 13.8 
67640.7 59992.7 102.4 11.8 12.3 13.6 
65657.2 52372.2 100.4 11.7 12.6 13.7 
66933.9 55760.4 98.0 12.1 12.2 13.5 
66563.3 58478.0 99.5 12.1 11.9 13.3 

53970.0 51116.9 86.1 9.9 10.2 11.5 
55830.9 47848.5 96.0 9.8 11.3 12.3 
53060.5 45318.2 89.7 10.4 11.8 12.3 
54753.5 46333.8 93.1 10.1 10.9 12.0 
51350.5 44050.1 89.3 10.8 11.3 11.7 
51983.1 43803.5 86.8 10.7 11.5 12.0 

52427.9 45564.8 92.2 10.4 11.6 12.0 
51644.4 50347.9 85.2 10.2 10.9 11.5 
54914.1 55582.7 85.6 9.3 10.5 11.6 
56762.2 43602.8 100.1 9.4 10.6 12.5 
55830.9 47848.5 96.0 9.8 11.3 12.3 
53060.5 45318.2 89.7 10.4 11.8 12.3 
55047.4 52631.6 89.0 9.5 10.5 11.8 

55491.7 45694.3 94.4 11.1 11.7 12.8 
55358.5 48645.4 91.0 10.8 11.7 12.6 
53630.9 48962.8 84.5 11.1 10.6 12.0 
58876.7 47858.8 108.7 10.7 11.8 12.8 

53359.3 41319.1 96.3 10.1 11.0 12.2 
52277.0 50101.4 82.7 10.1 11.1 11.8 
53060.5 45318.2 89.7 10.4 11.8 12.3 
51350.5 44050.1 89.3 10.8 11.3 11.7 

65240.2 46069.7 93.2 10.3 11.6 14.0 

52427.9 45564.8 92.2 10.4 11.6 12.0 
55830.9 47848.5 96.0 9.8 11.3 12.3 
52277.0 50101.4 82.7 10.1 11.1 11.8 
53060.5 45318.2 89.7 10.4 11.8 12.3 
55047.4 52631.6 89.0 9.5 10.5 11.8 

84837.5 69983.7 142.8 16.5 15.3 18.7 
83242.7 65368.6 147.9 15.9 14.9 18.9 
85768.9 65738.0 147.0 16.1 14.6 19.0 
82311.4 69614.3 143.7 16.3 15.6 18.6 

53480.8 48901.6 99.0 8.8 10.9 12.0 
49000.5 45103.2 92.3 9.8 11.0 11.4 
56766.3 49558.9 103.6 8.5 10.1 12.3 
50710.5 46371.3 92.7 9.4 11.5 12.0 
49633.1 44856.6 89.8 9.7 11.2 11.7 
52403.4 47386.9 96.1 9.2 10.6 11.7 
53995.9 47028.6 97.3 9.1 10.7 12.4 
51983.1 43803.5 86.8 10.7 11.5 12.0 
53064.6 51274.2 93.1 9.4 11.4 12.1 
55834.9 53804.5 99.4 8.9 10.8 12.1 

56762.2 43602.8 100.1 9.4 10.6 12.5 
55830.9 47848.5 96.0 9.8 11.3 12.3 
52927.2 48269.3 86.3 10.1 11.8 12.1 
53060.5 45318.2 89.7 10.4 11.8 12.3 
55047.4 52631.6 89.0 9.5 10.5 11.8 
55047.4 52631.6 88.9 9.5 10.5 11.8 

51644.4 50347.9 85.2 10.2 10.9 11.5 
52427.9 45564.8 92.2 10.4 11.6 12.0 
55830.9 47848.5 96.0 9.8 11.3 12.3 
53060.5 45318.2 89.7 10.4 11.8 12.3 
55047.4 52631.6 89.0 9.5 10.5 11.8 

70362.0 59640.0 122.0 12.9 16.0 16.6 
71036.3 57954.5 120.2 13.4 16.9 16.5 
77570.6 59103.8 128.5 12.8 15.2 17.6 
71405.6 57115.8 125.1 13.6 15.5 16.5 
72121.4 59477.6 120.3 12.8 15.6 16.8 

127700.1 102181.6 202.3 23.5 22.7 27.6 
129952.9 99889.8 201.0 23.8 22.9 27.1 

98994.3 89574.4 194.1 19.7 21.0 23.8 

51033.9 43575.8 98.1 11.6 10.3 11.8 
46887.3 48844.3 103.5 11.5 10.5 11.9 
54954.0 45850.9 94.5 11.7 12.0 12.1 
55247.9 52148.8 90.4 11.1 11.6 11.9 
48186.0 45659.1 98.8 11.4 10.8 11.5 
54170.5 50634.1 87.5 11.4 11.3 11.6 
49414.7 50340.1 96.8 12.1 10.7 12.3 

53991.9 41072.6 93.8 10.0 11.2 12.6 
52277.0 50101.4 82.7 10.1 11.1 11.8 
53060.5 45318.2 89.7 10.4 11.8 12.3 

48997.3 52660.5 99.9 11.9 9.8 11.8 
51845.2 50577.2 99.2 12.1 9.3 12.1 
49735.2 46761.0 102.9 11.8 9.9 12.2 
62908.3 53815.7 100.4 11.3 12.4 14.1 
50434.5 48215.4 103.8 12.5 9.5 12.1 
47586.7 50298.7 104.4 12.3 10.0 11.8 
65262.4 58718.6 100.8 11.3 12.2 14.3 

55830.9 47848.5 96.0 9.8 11.3 12.3 
52277.0 50101.4 82.7 10.1 11.1 11.8 
53060.5 45318.2 89.7 10.4 11.8 12.3 
55047.4 52631.6 89.0 9.5 10.5 11.8 
54753.5 46333.8 93.1 10.1 10.9 12.0 

64162.9 44555.0 90.4 10.7 11.3 13.7 
60339.2 47662.0 90.7 10.9 10.9 13.7 
62098.5 47499.5 89.0 10.8 10.5 13.9 

74020.5 67622.9 126.2 12.1 13.5 14.9 
74951.9 63377.3 130.4 11.8 12.9 15.2 
73446.3 63085.1 123.4 11.7 12.9 15.0 

58289.3 52660.9 90.9 9.3 11.2 12.4 
54886.4 50377.2 87.1 9.9 11.6 12.1 
53463.6 41228.6 90.8 9.6 11.1 12.2 
59220.7 48415.2 95.0 8.9 10.6 12.6 
55817.7 46131.5 91.3 9.6 10.9 12.4 
55935.2 47757.9 90.5 9.3 11.4 12.3 
56450.3 45885.0 88.8 9.5 11.1 12.7 
56866.6 43512.3 94.6 8.9 10.7 12.5 
54096.2 40982.0 88.3 9.5 11.3 12.6 
52532.3 45474.2 86.7 9.9 11.7 12.0 

53359.3 41319.1 96.3 10.1 11.0 12.2 
60605.8 49160.2 105.9 9.2 10.0 13.1 
57835.5 46630.0 99.6 9.8 10.6 13.2 
56758.1 45115.3 96.8 10.1 10.2 12.9 
57202.9 46876.5 102.1 9.9 10.3 12.8 

67849.6 53164.0 109.9 12.4 13.7 14.6 

94646.0 84313.2 192.9 18.8 20.3 22.5 
95279.7 87231.9 186.3 18.0 20.8 22.5 

55205.5 49028.1 100.2 9.5 10.4 12.3 
55072.2 51979.2 96.8 9.2 10.4 12.1 
51802.5 46744.4 96.4 10.1 10.8 12.1 

85468.4 75213.4 151.1 16.9 17.6 19.4 

96422.7 82922.5 184.5 18.1 19.9 21.9 

51644.4 50347.9 85.2 10.2 10.9 11.5 
52427.9 45564.8 92.2 10.4 11.6 12.0 
53359.3 41319.1 96.3 10.1 11.0 12.2 
55830.9 47848.5 96.0 9.8 11.3 12.3 
53060.5 45318.2 89.7 10.4 11.8 12.3 

52427.9 45564.8 92.2 10.4 11.6 12.0 
62028.6 58308.8 102.2 9.6 10.5 12.9 
59674.5 53405.9 101.7 9.6 10.6 12.8 
55830.9 47848.5 96.0 9.8 11.3 12.3 

73145.4 55705.5 125.8 13.7 14.1 16.4 
68599.4 61057.0 115.9 13.4 14.8 16.0 
70840.6 61930.5 116.9 12.9 14.9 15.7 

52688.2 45311.6 83.4 10.7 10.6 11.5 
54264.9 49530.8 80.4 10.0 11.1 12.0 
56119.7 51729.2 86.7 10.4 10.8 11.9 
54398.2 46579.7 83.7 10.3 11.1 12.2 
57168.6 49110.0 90.0 9.7 10.6 12.1 
53765.6 46826.3 86.2 10.4 10.9 11.8 

51644.4 50347.9 85.2 10.2 10.9 11.5 
55830.9 47848.5 96.0 9.8 11.3 12.3 
53060.5 45318.2 89.7 10.4 11.8 12.3 
54753.5 46333.8 93.1 10.1 10.9 12.0 
51350.5 44050.1 89.3 10.8 11.3 11.7 

71280.7 60429.9 115.4 13.2 14.0 14.7 
66078.7 57610.3 115.6 12.9 14.7 14.3 
67156.1 59125.0 118.5 12.6 15.0 14.6 
67022.8 62076.1 115.1 12.3 15.0 14.4 
69504.1 61903.8 120.5 12.8 13.8 15.3 
66384.5 60857.7 110.3 12.3 14.4 14.6 

81353.4 70725.3 155.1 15.4 17.6 18.6 

51644.4 50347.9 85.2 10.2 10.9 11.5 
55830.9 47848.5 96.0 9.8 11.3 12.3 
52277.0 50101.4 82.7 10.1 11.1 11.8 
52294.6 48515.9 88.8 10.2 11.6 11.8 
55047.4 52631.6 89.0 9.5 10.5 11.8 
55697.6 50799.6 92.6 9.5 11.3 12.1 

81653.7 64332.7 143.1 14.8 15.2 17.7 
80722.3 68578.3 139.0 15.2 15.8 17.4 

52688.2 45311.6 83.4 10.7 10.6 11.5 
55830.9 47848.5 96.0 9.8 11.3 12.3 
53060.5 45318.2 89.7 10.4 11.8 12.3 
57035.3 52061.1 86.7 9.4 10.6 11.9 
55697.6 50799.6 92.6 9.5 11.3 12.1 
54398.2 46579.7 83.7 10.3 11.1 12.2 
57168.6 49110.0 90.0 9.7 10.6 12.1 
58099.9 44864.3 94.2 9.3 9.9 12.4 

56501.0 47675.3 90.8 11.0 11.8 12.6 
56945.8 49436.6 96.2 10.7 11.9 12.5 
60348.7 51720.3 100.0 10.1 11.5 12.8 
57445.1 52141.1 90.3 10.4 12.1 12.7 
62569.6 59574.3 97.0 9.8 11.4 12.7 
64210.6 50555.3 102.9 10.1 10.9 13.7 
60215.5 54671.4 96.6 9.8 11.5 12.6 

52532.5 45432.2 92.0 10.9 10.4 11.2 
56091.2 47595.3 87.2 10.0 10.2 11.8 
55935.4 47715.9 95.8 10.2 10.0 11.5 
53609.9 46946.9 94.9 10.5 10.7 11.5 
54398.2 46579.7 83.7 10.3 11.1 12.2 
57168.6 49110.0 90.0 9.7 10.6 12.1 
57012.8 49230.6 98.6 9.9 10.3 11.8 
59366.9 54133.6 99.1 9.9 10.2 11.9 

52427.9 45564.8 92.2 10.4 11.6 12.0 
56762.2 43602.8 100.1 9.4 10.6 12.5 
55830.9 47848.5 96.0 9.8 11.3 12.3 
68683.3 57498.4 106.7 10.0 10.3 13.8 
53060.5 45318.2 89.7 10.4 11.8 12.3 
57877.2 45191.0 100.4 10.4 11.2 12.8 

49735.2 46761.0 102.9 11.8 9.9 12.2 
47632.9 47198.1 96.0 11.8 9.4 12.1 

65978.8 54023.1 107.4 10.3 10.1 14.2 
61573.6 45074.0 100.0 10.9 11.5 13.9 
60130.8 44213.8 117.0 11.2 11.9 13.4 
64343.9 47604.2 106.3 10.3 10.9 13.9 

52427.9 45564.8 92.2 10.4 11.6 12.0 
55830.9 47848.5 96.0 9.8 11.3 12.3 
53060.5 45318.2 89.7 10.4 11.8 12.3 
54753.5 46333.8 93.1 10.1 10.9 12.0 

59681.7 49811.5 103.0 12.5 11.7 13.7 
60759.1 51326.2 105.9 12.2 12.0 14.0 

59522.7 54012.9 90.4 9.7 10.4 12.2 
52688.2 45311.6 83.4 10.7 10.6 11.5 
55830.9 47848.5 96.0 9.8 11.3 12.3 
55042.3 50214.5 83.8 10.7 10.5 11.6 
61280.1 47474.7 104.1 9.7 10.9 13.1 
57035.3 52061.1 86.7 9.4 10.6 11.9 
57168.6 49110.0 90.0 9.7 10.6 12.1 
53765.6 46826.3 86.2 10.4 10.9 11.8 

56752.3 51482.6 84.2 10.3 11.0 12.3 
55329.6 42334.1 87.9 9.9 10.5 12.4 
56291.7 47112.4 88.6 11.6 11.3 11.9 
53320.8 45065.0 80.9 10.6 10.8 11.9 
54398.2 46579.7 83.7 10.3 11.1 12.2 
57168.6 49110.0 90.0 9.7 10.6 12.1 
58099.9 44864.3 94.2 9.3 9.9 12.4 

60348.7 51720.3 100.0 10.1 11.5 12.8 
57578.4 49190.0 93.7 10.7 12.1 12.9 
62702.9 56623.2 100.4 10.1 11.4 12.9 

66751.4 62006.7 104.6 9.5 10.4 13.3 
64264.0 60054.9 100.8 9.2 10.6 13.0 
61626.9 54573.6 97.9 10.0 11.1 13.3 
60861.0 57771.2 97.0 9.8 10.9 12.7 
64397.3 57103.8 104.2 9.5 10.6 13.2 
60994.3 54820.1 100.4 10.1 10.9 12.9 

51644.4 50347.9 85.2 10.2 10.9 11.5 
55830.9 47848.5 96.0 9.8 11.3 12.3 
52927.2 48269.3 86.3 10.1 11.8 12.1 
55047.4 52631.6 89.0 9.5 10.5 11.8 
55697.6 50799.6 92.6 9.5 11.3 12.1 
57168.6 49110.0 90.0 9.7 10.6 12.1 
61146.8 50425.8 100.8 9.5 10.9 12.9 
53765.6 46826.3 86.2 10.4 10.9 11.8 
58099.9 44864.3 94.2 9.3 9.9 12.4 

53208.4 45855.7 86.8 9.7 10.5 12.1 
54914.1 55582.7 85.6 9.3 10.5 11.6 
52131.0 44341.0 84.0 10.1 10.1 11.8 
52277.0 50101.4 82.7 10.1 11.1 11.8 
52143.8 53052.5 79.3 9.8 11.1 11.6 

57945.3 52104.4 104.5 11.0 12.5 12.5 
55830.9 47848.5 96.0 9.8 11.3 12.3 
62926.2 50311.8 102.5 10.6 10.8 13.4 

55978.7 48386.0 93.1 9.2 9.9 12.0 
53359.3 41319.1 96.3 10.1 11.0 12.2 
52575.8 46102.3 89.3 9.8 10.2 11.8 

53991.9 41072.6 93.8 10.0 11.2 12.6 
53359.3 41319.1 96.3 10.1 11.0 12.2 
53226.0 44270.2 93.0 9.8 11.0 12.0 
56762.2 43602.8 100.1 9.4 10.6 12.5 
57216.6 48449.1 100.3 9.2 10.5 12.4 

59203.8 47831.7 98.6 11.5 11.2 14.7 
63614.9 49227.2 93.2 11.1 11.2 14.8 
61855.6 49389.7 94.9 11.2 11.6 14.5 

72677.3 61558.7 128.7 14.3 15.1 17.2 
75031.4 66461.6 129.1 14.3 15.0 17.3 

66558.8 46276.6 91.3 11.7 11.5 14.4 
65670.3 49166.1 83.7 11.4 12.0 14.4 
54398.2 46579.7 83.7 10.3 11.1 12.2 
57168.6 49110.0 90.0 9.7 10.6 12.1 
53765.6 46826.3 86.2 10.4 10.9 11.8 

55830.9 47848.5 96.0 9.8 11.3 12.3 
52277.0 50101.4 82.7 10.1 11.1 11.8 
53060.5 45318.2 89.7 10.4 11.8 12.3 
55047.4 52631.6 89.0 9.5 10.5 11.8 
51350.5 44050.1 89.3 10.8 11.3 11.7 
55697.6 50799.5 92.6 9.5 11.3 12.1 

72342.8 63829.5 112.7 13.0 13.2 16.3 
70143.2 58924.4 115.1 12.3 14.1 16.0 

51644.4 50347.9 85.2 10.2 10.9 11.5 
52427.9 45564.8 92.2 10.4 11.6 12.0 
51511.2 53299.0 81.8 9.9 10.9 11.3 

54078.3 48644.2 117.5 11.7 10.1 12.9 
57171.6 47175.7 115.2 11.4 10.5 12.5 
52253.1 49056.9 105.1 11.9 9.5 13.1 
52130.5 49079.1 113.5 11.1 10.2 12.6 
51928.1 48387.7 112.1 12.3 10.3 12.8 
57080.6 46558.7 119.7 11.3 10.3 13.0 
54978.3 46995.8 112.9 11.3 9.7 12.9 
54232.7 48642.0 120.3 11.0 10.8 12.7 

52427.9 45564.8 92.2 10.4 11.6 12.0 
55830.9 47848.5 96.0 9.8 11.3 12.3 
52927.2 48269.3 86.3 10.1 11.8 12.1 
53060.5 45318.2 89.7 10.4 11.8 12.3 

51644.4 50347.9 85.2 10.2 10.9 11.5 
52427.9 45564.8 92.2 10.4 11.6 12.0 
55830.9 47848.5 96.0 9.8 11.3 12.3 
55047.4 52631.6 89.0 9.5 10.5 11.8 

67631.5 61216.6 102.8 10.3 11.3 13.5 
64228.5 58932.9 99.0 11.0 11.7 13.3 
68135.3 55547.8 104.6 10.6 11.5 14.0 
67764.7 58265.5 106.1 10.6 11.3 13.7 

87799.5 67017.4 161.7 15.5 16.6 18.9 
86868.2 71263.1 157.5 15.9 17.3 18.7 

54914.1 55582.7 85.6 9.3 10.5 11.6 
55978.7 48386.0 93.1 9.2 9.9 12.0 
52427.9 45564.8 92.2 10.4 11.6 12.0 
53359.3 41319.1 96.3 10.1 11.0 12.2 
55830.9 47848.5 96.0 9.8 11.3 12.3 
52277.0 50101.4 82.7 10.1 11.1 11.8 
53060.5 45318.2 89.7 10.4 11.8 12.3 
54753.5 46333.8 93.1 10.1 10.9 12.0 
55697.6 50799.6 92.6 9.5 11.3 12.1 
55047.4 52631.6 88.9 9.5 10.5 11.8 

65042.3 45020.5 100.6 11.5 11.8 13.9 
63438.1 45548.3 97.7 11.9 12.2 13.6 
62722.3 43186.5 102.4 12.7 12.1 13.3 
59026.9 44152.7 103.1 12.3 12.3 13.5 

90732.3 77557.4 158.2 18.5 16.1 19.9 
99590.0 82163.4 159.2 17.0 15.5 20.6 
94732.0 74983.9 158.0 17.4 16.1 20.5 

51644.4 50347.9 85.2 10.2 10.9 11.5 
52427.9 45564.8 92.2 10.4 11.6 12.0 
55830.9 47848.5 96.0 9.8 11.3 12.3 
52294.6 48515.9 88.8 10.2 11.6 11.8 
54753.5 46333.8 93.1 10.1 10.9 12.0 
55047.4 52631.6 89.0 9.5 10.5 11.8 
51350.5 44050.1 89.3 10.8 11.3 11.7 
51983.1 43803.5 86.8 10.7 11.5 12.0 

52427.9 45564.8 92.2 10.4 11.6 12.0 
55830.9 47848.5 96.0 9.8 11.3 12.3 
66329.1 52595.5 106.3 9.9 10.5 13.7 
68683.3 57498.4 106.7 10.0 10.3 13.8 
55047.4 52631.6 89.0 9.5 10.5 11.8 
55697.6 50799.6 92.6 9.5 11.3 12.1 
66195.9 55546.6 102.9 9.7 10.5 13.5 

59522.7 54012.9 90.4 9.7 10.4 12.2 
54264.9 49530.8 80.4 10.0 11.1 12.0 
56091.2 47595.3 87.1 10.0 10.2 11.8 
54398.2 46579.7 83.7 10.3 11.1 12.2 
57168.6 49110.0 90.0 9.7 10.6 12.1 
53765.6 46826.3 86.2 10.4 10.9 11.8 

52427.9 45564.8 92.2 10.4 11.6 12.0 
55830.9 47848.5 96.0 9.8 11.3 12.3 
52277.0 50101.4 82.7 10.1 11.1 11.8 
53060.5 45318.2 89.7 10.4 11.8 12.3 
55047.4 52631.6 89.0 9.5 10.5 11.8 
55697.6 50799.6 92.6 9.5 11.3 12.1 
55047.4 52631.6 88.9 9.5 10.5 11.8 

56130.4 50393.0 92.4 11.0 11.6 12.3 
58855.1 52578.3 91.2 11.0 11.6 12.7 
56501.0 47675.3 90.8 11.0 11.8 12.6 

102485.4 90983.1 185.1 20.1 21.2 23.4 

52427.9 45564.8 92.2 10.4 11.6 12.0 
55830.9 47848.5 96.0 9.8 11.3 12.3 
66329.1 52595.5 106.3 9.9 10.5 13.7 
52277.0 50101.4 82.7 10.1 11.1 11.8 
53060.5 45318.2 89.7 10.4 11.8 12.3 
54753.5 46333.8 93.1 10.1 10.9 12.0 
55047.4 52631.6 89.0 9.5 10.5 11.8 
51350.5 44050.1 89.3 10.8 11.3 11.7 

53991.9 41072.6 93.8 10.0 11.2 12.6 
55978.7 48386.0 93.1 9.2 9.9 12.0 
56762.2 43602.8 100.1 9.4 10.6 12.5 
53359.3 41319.1 96.3 10.1 11.0 12.2 
53970.0 51116.9 86.1 9.9 10.2 11.5 
54753.5 46333.8 93.1 10.1 10.9 12.0 

64162.9 44555.0 90.4 10.7 11.3 13.7 
67751.9 61744.0 102.6 10.3 11.0 13.5 
60193.0 51841.0 108.6 10.3 11.3 12.5 
65397.8 56841.1 102.2 10.3 11.1 13.4 
63447.1 42193.3 95.1 11.4 11.2 13.4 
60104.5 49476.2 96.1 11.9 12.4 13.0 
56345.3 47796.0 99.4 11.2 11.6 12.2 
59115.6 50326.3 105.7 10.6 11.0 12.2 
64164.6 55447.1 107.9 10.8 10.6 12.8 
65397.8 56841.1 102.1 10.3 11.1 13.4 

63412.6 51849.9 102.2 10.7 11.6 13.6 
65766.7 56752.8 102.6 10.7 11.4 13.7 
45954.7 45603.8 102.1 12.6 8.5 12.2 
45175.5 46923.3 97.1 11.9 9.4 12.0 
45021.0 46925.5 94.4 12.6 8.7 12.2 
48801.5 48082.7 95.1 11.8 10.1 12.2 
48647.0 48084.9 92.4 12.5 9.4 12.4 

64162.9 44555.0 90.4 10.7 11.3 13.7 
65842.4 38166.5 89.7 11.6 11.9 13.1 
66558.2 40528.3 84.9 10.8 12.0 13.4 
63447.1 42193.3 95.1 11.4 11.2 13.4 
62403.5 44717.5 92.0 10.8 11.7 13.5 

53991.9 41072.6 93.8 10.0 11.2 12.6 
52427.9 45564.8 92.2 10.4 11.6 12.0 
55830.9 47848.5 96.0 9.8 11.3 12.3 
52277.0 50101.4 82.7 10.1 11.1 11.8 
53060.5 45318.2 89.7 10.4 11.8 12.3 

64567.3 54574.6 110.3 13.8 13.7 15.1 
65334.1 55552.0 116.6 14.2 14.1 14.9 
67688.2 60454.9 117.0 14.2 14.0 15.0 

55830.9 47848.5 96.0 9.8 11.3 12.3 
53060.5 45318.2 89.7 10.4 11.8 12.3 
55047.4 52631.6 89.0 9.5 10.5 11.8 

70875.5 56064.2 110.1 10.2 11.0 14.6 
62335.2 50335.2 99.3 11.0 11.3 13.3 
61048.6 53942.0 95.6 11.3 12.8 13.1 
60104.5 49476.2 96.1 11.9 12.4 13.0 
59471.9 49722.8 98.6 12.0 12.2 12.6 
62874.8 52006.5 102.3 11.3 11.9 12.9 

53970.0 51116.9 86.1 9.9 10.2 11.5 
55830.9 47848.5 96.0 9.8 11.3 12.3 
53060.5 45318.2 89.7 10.4 11.8 12.3 
55047.4 52631.6 89.0 9.5 10.5 11.8 
55047.4 52631.6 88.9 9.5 10.5 11.8 

61994.8 54557.4 98.4 11.0 11.5 13.1 
64349.0 59460.3 98.8 11.0 11.3 13.3 
64848.3 62164.9 92.9 10.6 11.5 13.4 
65264.5 59792.2 98.8 10.0 11.1 13.2 
61861.6 57508.5 95.0 10.7 11.5 12.9 
64215.7 62411.4 95.4 10.7 11.3 13.1 
60215.5 54671.4 96.6 9.8 11.5 12.6 

61953.6 60921.8 98.7 10.8 12.7 13.1 
66323.0 59525.0 104.8 11.9 13.6 14.0 
65245.6 58010.3 101.9 12.2 13.3 13.7 

66591.6 48909.1 118.3 11.8 12.1 14.3 

102289.1 85271.3 169.9 17.9 19.7 21.0 
97794.6 85613.3 176.2 17.2 19.5 21.5 
105292.1 86270.2 170.8 18.1 19.7 22.2 

64168.8 48561.5 93.9 10.8 12.0 14.1 
62409.4 48723.9 95.6 10.9 12.4 13.9 
62040.5 46677.8 98.8 11.1 12.3 14.1 
65397.8 56841.1 102.2 10.3 11.1 13.4 

90549.6 75885.9 162.4 17.0 15.7 18.4 
88980.7 75638.8 152.5 16.2 16.4 18.4 
92294.3 77548.3 170.9 17.2 15.6 18.6 
83658.9 72823.4 165.0 15.5 15.7 17.2 
91480.9 71640.3 166.5 16.7 15.0 18.7 
88906.1 71800.7 164.9 16.4 15.3 18.8 

76593.6 59293.8 123.2 12.2 11.8 15.7 
80349.9 59880.7 113.9 11.5 11.3 15.7 
75225.4 52447.5 107.2 12.1 12.1 15.7 
77579.5 57350.4 107.6 12.1 11.9 15.8 

60940.3 43739.2 106.0 11.3 11.8 13.6 
63068.7 45622.9 101.1 11.0 11.6 13.6 

51644.4 50347.9 85.2 10.2 10.9 11.5 
52427.9 45564.8 92.2 10.4 11.6 12.0 
55830.9 47848.5 96.0 9.8 11.3 12.3 
53060.5 45318.2 89.7 10.4 11.8 12.3 
55047.4 52631.6 89.0 9.5 10.5 11.8 

51644.4 50347.9 85.2 10.2 10.9 11.5 
54914.1 55582.7 85.6 9.3 10.5 11.6 
56762.2 43602.8 100.1 9.4 10.6 12.5 
55830.9 47848.5 96.0 9.8 11.3 12.3 
52277.0 50101.4 82.7 10.1 11.1 11.8 
53060.5 45318.2 89.7 10.4 11.8 12.3 
55047.4 52631.6 89.0 9.5 10.5 11.8 
55047.4 52631.6 88.9 9.5 10.5 11.8 

52427.9 45564.8 92.2 10.4 11.6 12.0 
55830.9 47848.5 96.0 9.8 11.3 12.3 
66329.1 52595.5 106.3 9.9 10.5 13.7 
52294.6 48515.9 88.8 10.2 11.6 11.8 
53060.5 45318.2 89.7 10.4 11.8 12.3 
65251.7 51080.8 103.4 10.3 10.1 13.4 
66195.9 55546.6 102.9 9.7 10.5 13.5 

83124.5 71353.0 152.8 14.7 16.7 18.4 
85776.3 72911.0 149.0 14.5 17.1 18.2 
84055.8 67107.4 156.9 14.4 16.0 18.6 

62863.1 57173.6 92.9 11.0 12.0 13.6 
60642.2 49319.6 95.9 11.3 12.1 13.7 
60508.9 52270.7 92.5 11.0 12.1 13.5 

56945.8 49436.6 96.2 10.7 11.9 12.5 
62335.2 50335.2 99.3 11.0 11.3 13.3 
60508.9 52270.7 92.5 11.0 12.1 13.5 
69259.7 55676.1 105.1 10.3 10.5 14.3 

82766.7 71242.5 140.1 15.3 16.8 18.2 

55671.4 49764.4 82.4 9.2 10.7 11.9 
52268.4 47480.7 78.6 9.9 11.1 11.6 
52767.7 50185.2 72.8 9.5 11.3 11.7 
56469.5 48469.8 83.2 8.6 10.1 11.9 
52135.2 50431.8 75.3 9.6 11.1 11.4 
55538.1 52715.5 79.0 9.0 10.7 11.7 

59522.7 54012.9 90.4 9.7 10.4 12.2 
56119.7 51729.2 86.7 10.4 10.8 11.9 
57168.6 49110.0 90.0 9.7 10.6 12.1 
53765.6 46826.3 86.2 10.4 10.9 11.8 

62335.2 50335.1 99.3 11.0 11.3 13.3 
59564.8 47804.9 93.0 11.6 11.8 13.4 
65397.8 56841.1 102.2 10.3 11.1 13.4 
64320.4 55326.4 99.3 10.6 10.8 13.1 
58932.2 48051.5 95.5 11.7 11.6 13.0 

57595.4 42873.4 99.1 10.9 11.8 13.0 
58268.1 52193.6 85.5 9.5 12.0 13.1 
60472.6 52111.3 102.5 9.0 10.0 12.9 
59674.5 53405.9 101.8 9.6 10.6 12.8 
61171.7 51772.7 95.1 9.2 11.4 13.2 
59541.2 56357.0 98.4 9.3 10.6 12.6 

56501.0 47675.3 90.8 11.0 11.8 12.6 
59271.3 50205.6 97.1 10.4 11.2 12.5 
67751.9 61744.0 102.6 10.3 11.0 13.5 
65397.8 56841.1 102.2 10.3 11.1 13.4 
62627.4 54310.8 95.9 10.9 11.7 13.5 
65397.8 56841.1 102.1 10.3 11.1 13.4 

65583.2 57681.5 109.8 11.5 12.8 13.7 
63229.1 52778.6 109.4 11.5 12.9 13.6 
68353.5 60211.8 116.1 11.0 12.2 13.7 

52427.9 45564.8 92.2 10.4 11.6 12.0 
55830.9 47848.5 96.0 9.8 11.3 12.3 
66329.1 52595.5 106.3 9.9 10.5 13.7 
52277.0 50101.4 82.7 10.1 11.1 11.8 
53060.5 45318.2 89.7 10.4 11.8 12.3 
55047.4 52631.6 89.0 9.5 10.5 11.8 
58509.8 44944.4 97.9 10.3 11.4 13.1 

56087.8 47902.4 89.8 10.9 11.2 12.2 
52927.2 48269.3 86.3 10.1 11.8 12.1 
54027.6 49297.3 85.3 10.3 10.9 11.9 
54264.9 49530.8 80.4 10.0 11.1 12.0 
53060.5 45318.2 89.7 10.4 11.8 12.3 
54753.5 46333.8 93.1 10.1 10.9 12.0 
51199.6 48586.7 79.8 10.4 10.8 11.5 
58858.1 50432.6 96.1 10.3 10.6 12.1 

52020.9 45163.9 77.7 10.2 11.0 11.6 
52653.5 44917.4 75.2 10.1 11.2 12.0 
55047.4 52631.6 89.0 9.5 10.5 11.8 
55423.9 47447.6 81.5 9.6 10.7 11.9 
57035.3 52061.1 86.6 9.4 10.6 11.9 
57168.6 49110.0 90.0 9.7 10.6 12.1 
53765.6 46826.3 86.2 10.4 10.9 11.8 

56945.8 49436.6 96.2 10.7 11.9 12.5 
59303.9 56123.5 103.3 9.6 10.4 12.6 
60348.7 51720.3 100.0 10.1 11.5 12.8 
62328.0 53441.7 92.1 10.8 11.0 13.7 
55900.9 53839.8 99.5 10.3 10.8 12.3 
57578.4 49190.0 93.7 10.7 12.1 12.9 

51035.0 47107.3 93.3 10.3 10.9 11.6 
51534.3 49811.9 87.4 10.0 11.2 11.7 
55830.9 47848.5 96.0 9.8 11.3 12.3 
56792.1 54294.0 97.5 9.7 10.4 12.0 
53389.1 52010.3 93.7 10.3 10.8 11.7 
53888.4 54714.8 87.8 10.0 11.0 11.8 
51667.6 46860.8 90.8 10.2 11.1 11.9 
54437.9 49391.0 97.1 9.7 10.6 11.8 

93545.4 78267.1 173.5 17.0 19.0 20.6 

55830.9 47848.5 96.0 9.8 11.3 12.3 
57411.8 47493.9 102.0 9.9 10.3 13.0 
51350.5 44050.1 89.3 10.8 11.3 11.7 
59765.9 52396.8 102.4 9.9 10.2 13.1 

60404.1 54643.2 100.0 12.0 10.6 12.7 
55564.6 50475.6 92.0 9.3 11.1 12.0 
53667.3 48484.1 95.2 10.0 11.5 11.9 
55392.0 48610.6 96.4 10.6 10.9 12.3 
55762.6 45892.9 94.8 10.6 11.2 12.5 
52161.6 48191.9 88.2 10.0 11.5 11.7 
57070.2 50767.8 98.9 9.4 11.1 12.2 
59424.4 55670.7 99.4 9.4 11.0 12.3 
57746.1 53513.5 96.8 10.7 10.8 12.4 
56395.2 45646.4 92.3 10.5 11.4 12.9 

51644.4 50347.9 85.2 10.2 10.9 11.5 
52427.9 45564.8 92.2 10.4 11.6 12.0 
53359.3 41319.1 96.3 10.1 11.0 12.2 
52575.8 46102.3 89.3 9.8 10.2 11.8 

52427.9 45564.8 92.2 10.4 11.6 12.0 
53359.3 41319.1 96.3 10.1 11.0 12.2 
52294.6 48515.9 88.8 10.2 11.6 11.8 
50783.0 51046.1 85.1 10.9 11.1 11.7 
52575.8 46102.3 89.3 9.8 10.2 11.8 
54185.9 53329.8 88.9 10.2 10.8 12.0 

52427.9 45564.8 92.2 10.4 11.6 12.0 
66329.1 52595.5 106.3 9.9 10.5 13.7 
55830.9 47848.5 96.0 9.8 11.3 12.3 
68683.3 57498.4 106.7 10.0 10.3 13.8 
53060.5 45318.2 89.7 10.4 11.8 12.3 
55047.4 52631.6 89.0 9.5 10.5 11.8 
54398.2 46579.7 83.7 10.3 11.1 12.2 
57168.6 49110.0 90.0 9.7 10.6 12.1 
55047.4 52631.6 88.9 9.5 10.5 11.8 

57445.1 52141.1 90.3 10.4 12.1 12.7 
67751.9 61744.0 102.6 10.3 11.0 13.5 
64848.3 62164.9 92.9 10.6 11.5 13.4 
65264.5 59792.2 98.8 10.0 11.1 13.2 
65397.8 56841.1 102.2 10.3 11.1 13.4 
62494.2 57261.9 92.5 10.6 11.7 13.3 
62627.4 54310.8 95.9 10.9 11.7 13.5 
57606.9 48786.9 93.5 10.6 12.4 13.2 
65397.8 56841.1 102.1 10.3 11.1 13.4 
63558.8 50065.2 100.0 10.5 11.0 13.8 

64963.8 55459.6 110.2 12.8 13.1 14.6 
65895.2 51214.0 114.4 12.4 12.4 14.8 

60822.6 53815.4 105.1 12.5 12.7 13.5 
63168.3 49605.7 98.2 12.5 12.5 13.8 

52427.9 45564.8 92.2 10.4 11.6 12.0 
51644.4 50347.9 85.2 10.2 10.9 11.5 
55830.9 47848.5 96.0 9.8 11.3 12.3 
52277.0 50101.4 82.7 10.1 11.1 11.8 
53060.5 45318.2 89.7 10.4 11.8 12.3 
54753.5 46333.8 93.1 10.1 10.9 12.0 
55047.4 52631.6 89.0 9.5 10.5 11.8 
51350.5 44050.1 89.3 10.8 11.3 11.7 
63500.9 55328.7 101.2 9.5 10.7 13.0 

60243.9 54268.2 96.4 9.8 11.8 12.9 
57893.9 55321.4 99.4 8.8 11.5 12.6 
55123.6 52791.1 93.1 9.4 12.1 12.7 
52927.2 48269.3 86.3 10.1 11.8 12.1 
52277.0 50101.4 82.7 10.1 11.1 11.8 
53060.5 45318.2 89.7 10.4 11.8 12.3 
59460.5 59051.4 89.4 9.5 11.1 12.4 
53858.6 44023.7 90.5 9.7 11.2 12.4 

71464.3 59811.1 112.4 12.6 14.3 15.1 
69442.3 60965.6 117.2 12.3 13.8 14.7 
71999.5 61006.4 116.5 13.7 13.3 16.4 
72395.7 55565.4 116.6 12.2 13.7 15.4 

53970.0 51116.9 86.1 9.9 10.2 11.5 
55830.9 47848.5 96.0 9.8 11.3 12.3 
52277.0 50101.4 82.7 10.1 11.1 11.8 
53060.5 45318.2 89.7 10.4 11.8 12.3 
55047.4 52631.6 89.0 9.5 10.5 11.8 
51199.6 48586.7 79.8 10.4 10.8 11.5 

55830.9 47848.5 96.0 9.8 11.3 12.3 
52277.0 50101.4 82.7 10.1 11.1 11.8 
53060.5 45318.2 89.7 10.4 11.8 12.3 
55047.4 52631.6 89.0 9.5 10.5 11.8 
51983.1 43803.5 86.8 10.7 11.5 12.0 

65242.0 56961.8 110.8 10.5 10.9 13.1 
60486.5 49440.3 104.5 11.5 11.9 13.3 
64981.6 59213.8 96.3 10.9 11.5 13.6 
64692.6 62285.5 101.5 10.8 11.3 13.1 
60917.4 53042.7 95.5 11.3 11.2 12.8 
62627.4 54310.8 95.9 10.9 11.7 13.5 
63904.2 57699.1 93.4 11.2 11.2 13.3 
67462.9 64815.8 107.8 10.2 10.7 13.0 
64320.4 55326.4 99.3 10.6 10.8 13.1 

52427.9 45564.8 92.2 10.4 11.6 12.0 
55978.7 48386.0 93.1 9.2 9.9 12.0 
55830.9 47848.5 96.0 9.8 11.3 12.3 
53060.5 45318.2 89.7 10.4 11.8 12.3 
55047.4 52631.6 89.0 9.5 10.5 11.8 
54753.5 46333.8 93.1 10.1 10.9 12.0 

65303.0 57613.8 111.8 11.5 12.7 14.1 
62532.6 55083.5 105.5 12.1 13.2 14.1 

61443.0 58822.7 104.4 12.0 13.0 14.5 
61576.3 55871.6 107.8 12.3 13.0 14.7 
68076.3 52227.4 109.7 13.1 13.3 14.6 

50567.0 48833.2 82.3 10.5 10.6 11.2 
51498.4 44587.6 86.5 10.1 9.9 11.5 
55047.4 52631.6 89.0 9.5 10.5 11.8 
54753.5 46333.8 93.1 10.1 10.9 12.0 
51350.5 44050.1 89.3 10.8 11.3 11.7 
52575.8 46102.3 89.3 9.8 10.2 11.8 
51199.6 48586.7 79.8 10.4 10.8 11.5 
55047.4 52631.6 88.9 9.5 10.5 11.8 

63403.8 58024.4 108.9 12.6 12.4 13.8 
64563.9 64703.0 111.2 12.4 13.3 14.4 

55830.9 47848.5 96.0 9.8 11.3 12.3 
53060.5 45318.2 89.7 10.4 11.8 12.3 
51983.1 43803.5 86.8 10.7 11.5 12.0 

53970.0 51116.9 86.1 9.9 10.2 11.5 
67605.9 55983.7 103.9 10.3 10.0 13.5 
55830.9 47848.5 96.0 9.8 11.3 12.3 
68683.3 57498.4 106.7 10.0 10.3 13.8 
53060.5 45318.2 89.7 10.4 11.8 12.3 
55047.4 52631.6 89.0 9.5 10.5 11.8 
54753.5 46333.8 93.1 10.1 10.9 12.0 
65251.7 51080.8 103.4 10.3 10.1 13.4 
55684.8 42088.1 97.2 9.7 10.3 12.2 
55047.4 52631.6 88.9 9.5 10.5 11.8 

57633.8 47392.1 102.5 11.5 12.4 12.8 
67751.9 61744.0 102.6 10.3 11.0 13.5 
66329.1 52595.5 106.3 9.9 10.5 13.7 
65397.8 56841.1 102.2 10.3 11.1 13.4 
62627.4 54310.8 95.9 10.9 11.7 13.5 
65397.8 56841.1 102.1 10.3 11.1 13.4 

51644.4 50347.9 85.2 10.2 10.9 11.5 
53970.0 51116.9 86.1 9.9 10.2 11.5 
55830.9 47848.5 96.0 9.8 11.3 12.3 
53060.5 45318.2 89.7 10.4 11.8 12.3 
55047.4 52631.6 89.0 9.5 10.5 11.8 
54753.5 46333.8 93.1 10.1 10.9 12.0 
55047.4 52631.6 88.9 9.5 10.5 11.8 

57181.6 51941.0 102.6 10.4 11.7 13.1 
53627.8 54194.0 89.3 10.7 11.6 12.7 
53778.6 49657.3 98.8 11.0 12.1 12.8 
54981.6 53055.4 91.1 11.7 11.1 12.8 
54411.2 49410.8 96.3 10.9 12.3 13.2 

55830.9 47848.5 96.0 9.8 11.3 12.3 
52927.2 48269.3 86.3 10.1 11.8 12.1 
52294.6 48515.9 88.8 10.2 11.6 11.8 
53060.5 45318.2 89.7 10.4 11.8 12.3 
55047.4 52631.6 89.0 9.5 10.5 11.8 
55697.6 50799.6 92.6 9.5 11.3 12.1 
52143.8 53052.5 79.3 9.8 11.1 11.6 

58350.2 49568.0 90.1 9.9 9.7 12.6 
57835.1 51440.9 91.8 9.7 9.9 12.2 
54432.1 49157.2 88.0 10.3 10.2 11.9 
59716.8 57140.8 87.3 10.7 10.1 12.6 
61120.6 52098.2 96.4 9.3 9.1 12.6 
59850.1 54189.7 90.6 11.0 10.1 12.8 
58772.7 52675.0 87.8 11.3 9.8 12.5 
58766.4 47195.3 96.0 9.3 9.2 12.5 

55675.1 47969.1 104.6 10.0 11.0 11.9 
55830.9 47848.5 96.0 9.8 11.3 12.3 
55047.4 52631.6 89.0 9.5 10.5 11.8 
54758.4 55703.4 94.2 9.5 10.3 11.2 
52272.2 45685.4 100.8 10.6 11.4 11.6 

59776.1 48124.8 102.5 12.6 13.3 14.0 
58944.4 52031.8 90.1 11.6 11.8 13.0 
62262.3 58142.8 95.9 11.4 12.2 13.6 
61069.5 58527.9 94.8 11.5 11.1 13.6 

53991.9 41072.6 93.8 10.0 11.2 12.6 
53060.5 45318.2 89.7 10.4 11.8 12.3 
54446.2 45918.9 94.0 9.8 11.1 12.5 

63624.6 49120.2 106.9 10.2 10.3 14.1 
51644.4 50347.9 85.2 10.2 10.9 11.5 
52427.9 45564.8 92.2 10.4 11.6 12.0 
55830.9 47848.5 96.0 9.8 11.3 12.3 
53060.5 45318.2 89.7 10.4 11.8 12.3 
55047.4 52631.6 89.0 9.5 10.5 11.8 

52427.9 45564.8 92.2 10.4 11.6 12.0 
55830.9 47848.5 96.0 9.8 11.3 12.3 
52927.2 48269.3 86.3 10.1 11.8 12.1 
53060.5 45318.2 89.7 10.4 11.8 12.3 
54753.5 46333.8 93.1 10.1 10.9 12.0 
55047.4 52631.6 89.0 9.5 10.5 11.8 
55697.6 50799.6 92.6 9.5 11.3 12.1 

52427.9 45564.8 92.2 10.4 11.6 12.0 
67605.9 55983.7 103.9 10.3 10.0 13.5 
55830.9 47848.5 96.0 9.8 11.3 12.3 
66329.1 52595.5 106.3 9.9 10.5 13.7 
53060.5 45318.2 89.7 10.4 11.8 12.3 
55047.4 52631.6 88.9 9.5 10.5 11.8 

56501.0 47675.3 90.8 11.0 11.8 12.6 
59271.3 50205.6 97.1 10.4 11.2 12.5 
65264.5 59792.2 98.8 10.0 11.1 13.2 
61625.5 55108.5 97.5 10.4 11.1 12.6 

51644.4 50347.9 85.2 10.2 10.9 11.5 
60880.1 45351.2 108.8 11.7 11.6 12.9 
50567.0 48833.2 82.3 10.5 10.6 11.2 
55586.6 45604.3 92.0 11.6 12.2 12.4 
66329.1 52595.5 106.3 9.9 10.5 13.7 
55047.4 52631.6 89.0 9.5 10.5 11.8 
56841.6 45940.7 105.3 11.9 12.1 12.9 

82388.8 61304.0 117.2 15.3 13.2 17.2 
78319.7 61958.9 115.6 16.0 13.4 17.6 
80883.2 61011.8 110.3 15.2 13.2 17.0 
81090.1 64489.2 121.9 15.4 12.8 17.6 

67605.9 55983.7 103.9 10.3 10.0 13.5 
63425.5 53016.3 96.6 10.2 11.0 13.6 
53060.5 45318.2 89.7 10.4 11.8 12.3 
65251.7 51080.8 103.4 10.3 10.1 13.4 
58376.5 47895.5 94.5 10.0 11.4 12.9 
63558.8 50065.2 100.0 10.5 11.0 13.8 
66195.9 55546.6 102.9 9.7 10.5 13.5 

55830.9 47848.5 96.0 9.8 11.3 12.3 
54264.9 49530.8 80.4 10.0 11.1 12.0 
55697.6 50799.6 92.6 9.5 11.3 12.1 
54398.2 46579.7 83.7 10.3 11.1 12.2 
57168.6 49110.0 90.0 9.7 10.6 12.1 
53765.6 46826.3 86.2 10.4 10.9 11.8 

51724.7 50110.9 85.1 9.2 10.8 11.8 
52837.0 44696.0 94.6 9.7 9.5 11.9 
51858.0 47159.8 88.5 9.4 10.8 12.0 
50780.6 45645.1 85.6 9.8 10.5 11.7 

52927.2 48269.3 86.3 10.1 11.8 12.1 
55830.9 47848.5 96.0 9.8 11.3 12.3 
52277.0 50101.4 82.7 10.1 11.1 11.8 
53060.5 45318.2 89.7 10.4 11.8 12.3 
55047.4 52631.6 89.0 9.5 10.5 11.8 
51983.1 43803.5 86.8 10.7 11.5 12.0 
52143.8 53052.5 79.3 9.8 11.1 11.6 

51035.0 47107.3 93.3 10.3 10.9 11.6 
55830.9 47848.5 96.0 9.8 11.3 12.3 
56792.1 54294.0 97.5 9.7 10.4 12.0 
53060.5 45318.2 89.7 10.4 11.8 12.3 
55714.7 52779.3 94.6 10.0 10.1 11.7 
51667.6 46860.8 90.8 10.2 11.1 11.9 
54021.7 51763.7 91.2 10.2 11.0 12.0 
54437.9 49391.0 97.1 9.7 10.6 11.8 
54304.7 52342.1 93.7 9.4 10.6 11.6 

69094.1 58135.0 119.2 14.4 14.1 16.2 
68016.7 56620.3 116.3 14.8 13.8 15.9 
71448.3 63037.9 119.6 14.4 14.0 16.3 

56752.3 51482.6 84.2 10.3 11.0 12.3 
59522.7 54012.9 90.4 9.7 10.4 12.2 
54697.0 42580.6 90.4 10.0 10.3 12.1 
54398.2 46579.7 83.7 10.3 11.1 12.2 
57168.6 49110.0 90.0 9.7 10.6 12.1 
53765.6 46826.3 86.2 10.4 10.9 11.8 

75273.1 65724.7 132.9 15.5 14.9 17.1 

56762.2 43602.8 100.1 9.4 10.6 12.5 
55830.9 47848.5 96.0 9.8 11.3 12.3 
52277.0 50101.4 82.7 10.1 11.1 11.8 
53060.5 45318.2 89.7 10.4 11.8 12.3 
55047.4 52631.6 89.0 9.5 10.5 11.8 
55047.4 52631.6 88.9 9.5 10.5 11.8 

52427.9 45564.8 92.2 10.4 11.6 12.0 
55340.9 50230.9 84.9 10.7 11.2 12.6 
54708.3 50477.5 87.4 10.8 10.9 12.3 
58894.7 47978.0 98.1 10.4 11.3 13.0 
58894.7 47978.0 98.2 10.4 11.3 13.0 
61280.1 47474.7 104.1 9.7 10.9 13.1 
58111.2 52761.2 91.1 10.1 10.6 12.6 

59522.7 54012.9 90.4 9.7 10.4 12.2 
53359.3 41319.1 96.3 10.1 11.0 12.2 
55830.9 47848.5 96.0 9.8 11.3 12.3 
52277.0 50101.4 82.7 10.1 11.1 11.8 
53060.5 45318.2 89.7 10.4 11.8 12.3 
54398.2 46579.7 83.7 10.3 11.1 12.2 
57168.6 49110.0 90.0 9.7 10.6 12.1 
53765.6 46826.3 86.2 10.4 10.9 11.8 

61994.8 54557.4 98.4 11.0 11.5 13.1 
67751.9 61744.0 102.6 10.3 11.0 13.5 
65264.5 59792.2 98.8 10.0 11.1 13.2 
67618.6 64695.1 99.2 10.1 11.0 13.3 
68216.9 51663.2 103.8 11.1 10.2 14.0 
65397.8 56841.1 102.1 10.3 11.1 13.4 

50567.0 48833.2 82.3 10.5 10.6 11.2 
53970.0 51116.9 86.1 9.9 10.2 11.5 
55047.4 52631.6 89.0 9.5 10.5 11.8 
51350.5 44050.1 89.3 10.8 11.3 11.7 
51983.1 43803.5 86.8 10.7 11.5 12.0 
51199.6 48586.7 79.8 10.4 10.8 11.5 

68314.3 56931.7 99.0 10.5 10.8 14.5 
65960.2 52028.8 98.5 10.5 10.9 14.4 
68181.1 59882.8 95.6 10.2 10.8 14.3 
66589.7 56805.2 97.8 9.8 11.3 14.2 
63414.1 56281.1 101.8 11.5 10.4 13.8 
68314.3 56931.7 98.9 10.5 10.8 14.5 
67236.9 55417.0 96.1 10.8 10.5 14.2 

58761.4 50929.1 94.8 10.1 11.3 12.8 
68328.3 59921.8 101.0 10.7 11.2 14.0 

52427.9 45564.8 92.2 10.4 11.6 12.0 
55978.7 48386.0 93.1 9.2 9.9 12.0 
55830.9 47848.5 96.0 9.8 11.3 12.3 
53060.5 45318.2 89.7 10.4 11.8 12.3 
55047.4 52631.6 89.0 9.5 10.5 11.8 

52427.9 45564.8 92.2 10.4 11.6 12.0 
53970.0 51116.9 86.1 9.9 10.2 11.5 
55830.9 47848.5 96.0 9.8 11.3 12.3 
53060.5 45318.2 89.7 10.4 11.8 12.3 
54753.5 46333.8 93.1 10.1 10.9 12.0 
59844.9 57389.1 98.1 9.8 11.3 12.3 
51983.1 43803.5 86.8 10.7 11.5 12.0 
51199.6 48586.7 79.8 10.4 10.8 11.5 

70129.5 61150.2 113.6 11.8 13.4 14.6 
69126.2 60339.9 119.8 12.3 14.0 15.3 

68697.5 51477.8 111.7 13.6 13.1 15.6 
67610.1 56993.5 109.2 13.6 13.7 15.1 
67766.2 55723.4 107.5 13.9 13.8 15.3 
65357.4 59285.3 110.6 13.3 13.5 15.6 
67243.5 58904.6 115.2 13.9 13.0 15.7 
70895.6 57650.8 113.8 13.2 12.9 15.5 

64630.0 58893.5 105.4 11.0 12.1 14.3 
64763.3 55942.4 108.8 11.3 12.0 14.5 
63685.9 54427.7 105.9 11.6 11.7 14.2 

64981.6 59213.8 96.3 10.9 11.5 13.6 
67751.9 61744.0 102.6 10.3 11.0 13.5 
66674.5 60229.3 99.7 10.6 10.6 13.2 
65397.8 56841.1 102.2 10.3 11.1 13.4 
61286.3 52954.4 95.9 11.7 11.5 13.1 
65397.8 56841.1 102.1 10.3 11.1 13.4 

52427.9 45564.8 92.2 10.4 11.6 12.0 
55830.9 47848.5 96.0 9.8 11.3 12.3 
53060.5 45318.2 89.7 10.4 11.8 12.3 
55047.4 52631.6 89.0 9.5 10.5 11.8 
54753.5 46333.8 93.1 10.1 10.9 12.0 
55697.6 50799.6 92.6 9.5 11.3 12.1 
55047.4 52631.6 88.9 9.5 10.5 11.8 

59883.3 54023.2 101.6 9.6 10.6 13.0 
61160.1 57411.4 99.2 9.9 10.2 12.8 
62237.5 58926.1 102.0 9.6 10.5 13.1 
57757.1 55127.7 95.4 10.6 10.5 12.6 
62104.2 61877.2 98.7 9.3 10.5 12.9 
58805.9 52508.5 98.8 9.9 10.3 12.7 
64858.3 59627.0 104.3 11.3 11.5 12.8 
56035.6 49978.3 92.5 10.5 10.9 12.8 
62237.5 58926.1 102.1 9.6 10.5 13.1 

75721.1 64606.6 122.7 13.0 14.4 15.3 
73804.6 62444.3 127.5 12.4 14.3 15.3 
71450.5 57541.4 127.0 12.4 14.4 15.1 
73937.9 59493.2 130.8 12.7 14.2 15.5 
73367.0 59703.7 122.3 13.0 14.5 15.2 
72873.2 66689.9 123.3 12.8 14.9 15.0 

57416.0 51426.7 90.9 9.4 10.6 12.1 
56338.6 49912.0 88.1 9.7 10.3 11.8 
58091.9 54172.4 88.8 10.7 10.3 12.3 
59770.2 56329.6 91.4 9.4 10.5 12.2 
55830.9 47848.5 96.0 9.8 11.3 12.3 
54013.1 49143.0 87.2 10.0 11.0 11.8 
54645.7 48896.4 84.7 9.9 11.2 12.1 
55604.5 52220.6 85.0 10.4 10.5 12.0 

61620.9 51203.9 100.2 12.2 13.1 13.8 
63968.9 54622.0 104.4 11.9 13.7 13.9 
63475.5 56751.3 104.1 11.5 13.1 14.6 
62398.1 55236.6 101.2 11.8 12.8 14.3 

56406.4 47209.2 97.9 10.8 10.7 12.3 
57189.9 42426.1 104.9 11.0 11.4 12.8 
60592.8 44709.8 108.6 10.4 11.1 13.1 
57689.2 45130.6 99.0 10.7 11.7 13.0 
55830.9 47848.5 96.0 9.8 11.3 12.3 
56112.5 40911.4 102.0 11.4 11.1 12.5 
54753.5 46333.8 93.1 10.1 10.9 12.0 

54914.1 55582.7 85.6 9.3 10.5 11.6 
55830.9 47848.5 96.0 9.8 11.3 12.3 
66329.1 52595.5 106.3 9.9 10.5 13.7 
68683.3 57498.4 106.7 10.0 10.3 13.8 
55047.4 52631.6 89.0 9.5 10.5 11.8 
62481.4 48550.5 97.1 10.8 10.7 13.5 
61055.6 53950.3 103.6 9.5 10.4 13.0 
55697.6 50799.6 92.6 9.5 11.3 12.1 

63952.2 53521.2 105.2 11.0 12.2 13.2 
62335.2 50335.2 99.3 11.0 11.3 13.3 
67751.9 61744.0 102.6 10.3 11.0 13.5 
65264.5 59792.2 98.8 10.0 11.1 13.2 
65397.8 56841.1 102.2 10.3 11.1 13.4 
62627.4 54310.8 95.9 10.9 11.7 13.5 
60549.3 51237.5 101.4 11.6 12.5 12.9 
65397.8 56841.1 102.1 10.3 11.1 13.4 

60348.7 51720.3 100.0 10.1 11.5 12.8 
62702.9 56623.2 100.4 10.1 11.4 12.9 

66329.1 52595.5 106.3 9.9 10.5 13.7 
65264.5 59792.2 98.8 10.0 11.1 13.2 
62627.4 54310.8 95.9 10.9 11.7 13.5 
62494.2 57261.9 92.5 10.6 11.7 13.3 
67618.6 64695.1 99.2 10.1 11.0 13.3 
64320.4 55326.4 99.3 10.6 10.8 13.1 
59876.3 52517.3 95.0 11.1 11.9 13.1 
65397.8 56841.1 102.1 10.3 11.1 13.4 
63558.8 50065.2 100.0 10.5 11.0 13.8 

51644.4 50347.9 85.2 10.2 10.9 11.5 
52427.9 45564.8 92.2 10.4 11.6 12.0 
55830.9 47848.5 96.0 9.8 11.3 12.3 
53060.5 45318.2 89.7 10.4 11.8 12.3 
55047.4 52631.6 89.0 9.5 10.5 11.8 
54753.5 46333.8 93.1 10.1 10.9 12.0 

65527.0 56105.8 110.7 11.9 12.8 13.9 
68014.4 58057.6 114.5 12.2 12.6 14.2 
64349.8 50441.4 118.9 13.2 14.0 14.6 

67605.9 55983.7 103.8 10.3 10.0 13.5 
60202.7 45960.0 101.3 10.0 10.6 12.8 
66329.1 52595.5 106.3 9.9 10.5 13.7 
68683.3 57498.4 106.7 10.0 10.3 13.8 
62481.4 48550.5 97.1 10.8 10.7 13.5 
65251.7 51080.8 103.4 10.3 10.1 13.4 
61848.8 48797.1 99.7 10.9 10.5 13.1 
63558.8 50065.2 100.0 10.5 11.0 13.8 

58754.8 45643.4 88.7 11.7 12.3 13.2 
58777.5 47324.4 83.7 11.7 12.5 13.2 
56869.7 54223.2 91.2 10.4 12.3 13.3 

56423.1 41448.7 98.5 10.7 11.0 13.0 
58748.6 42217.7 99.4 10.4 10.3 13.0 
58271.6 51309.6 95.4 10.5 10.9 12.7 
51350.5 44050.1 89.3 10.8 11.3 11.7 
57817.3 46463.3 95.3 10.7 11.0 12.7 
55345.7 39934.0 95.6 11.0 10.7 12.7 
54562.2 44717.1 88.6 10.7 10.0 12.3 

52427.9 45564.8 92.2 10.4 11.6 12.0 
55830.9 47848.5 96.0 9.8 11.3 12.3 
66329.1 52595.5 106.3 9.9 10.5 13.7 
53060.5 45318.2 89.7 10.4 11.8 12.3 
51983.1 43803.5 86.8 10.7 11.5 12.0 
55697.6 50799.6 92.6 9.5 11.3 12.1 
52437.5 48649.8 87.0 10.5 11.5 11.9 
57877.2 45191.0 100.4 10.4 11.2 12.8 

54972.0 50319.2 84.4 10.3 10.8 12.3 
56509.2 51455.5 96.4 10.3 9.7 11.6 
57586.6 52970.2 99.3 9.9 10.0 11.9 
53106.2 49171.8 92.7 10.9 10.1 11.3 
56248.7 53707.5 82.0 10.6 10.4 12.1 
59940.7 57873.1 99.7 9.9 9.9 12.0 
53738.8 48925.2 90.2 10.8 10.3 11.7 
57609.0 55800.6 87.3 9.5 10.3 12.1 
59019.0 56237.7 88.3 10.1 9.8 12.1 
53262.0 49051.1 84.1 10.7 10.3 11.7 
60096.4 57752.4 91.1 9.8 10.1 12.4 
57742.3 52849.5 90.7 9.7 10.3 12.3 

52427.9 45564.8 92.2 10.4 11.6 12.0 
51644.4 50347.9 85.2 10.2 10.9 11.5 
53359.3 41319.1 96.3 10.1 11.0 12.2 

61994.8 54557.4 98.4 11.0 11.5 13.1 
65264.5 59792.2 98.8 10.0 11.1 13.2 
65397.8 56841.1 102.2 10.3 11.1 13.4 
65397.8 56841.1 102.1 10.3 11.1 13.4 

60517.4 61383.2 99.8 11.0 12.2 13.3 
67163.9 60607.4 111.5 12.9 12.4 15.1 
65566.4 66504.0 102.0 11.3 11.8 13.9 

52927.2 48269.3 86.3 10.1 11.8 12.1 
55830.9 47848.5 96.0 9.8 11.3 12.3 
53060.5 45318.2 89.7 10.4 11.8 12.3 
55697.6 50799.6 92.6 9.5 11.3 12.1 

51035.0 47107.3 93.3 10.3 10.9 11.6 
50901.7 50058.4 89.9 10.0 10.9 11.4 
49957.6 45592.6 90.4 10.6 10.6 11.3 
53360.5 47876.3 94.2 10.0 10.3 11.5 
51667.6 46860.8 90.8 10.2 11.1 11.9 
54437.9 49391.0 97.1 9.7 10.6 11.8 

51644.4 50347.9 85.2 10.2 10.9 11.5 
52427.9 45564.8 92.2 10.4 11.6 12.0 
53970.0 51116.9 86.1 9.9 10.2 11.5 
50567.0 48833.2 82.3 10.5 10.6 11.2 
55830.9 47848.5 96.0 9.8 11.3 12.3 
53060.5 45318.2 89.7 10.4 11.8 12.3 
55047.4 52631.6 89.0 9.5 10.5 11.8 
55697.6 50799.6 92.6 9.5 11.3 12.1 
52143.8 53052.5 79.3 9.8 11.1 11.6 

51644.4 50347.9 85.2 10.2 10.9 11.5 
55978.7 48386.0 93.1 9.2 9.9 12.0 
55830.9 47848.5 96.0 9.8 11.3 12.3 
52277.0 50101.4 82.7 10.1 11.1 11.8 
53060.5 45318.2 89.7 10.4 11.8 12.3 
55047.4 52631.6 89.0 9.5 10.5 11.8 
55047.4 52631.6 88.9 9.5 10.5 11.8 

55329.6 42334.1 87.9 9.9 10.5 12.4 
57168.6 49110.0 90.0 9.7 10.6 12.1 
58099.9 44864.3 94.2 9.3 9.9 12.4 

53970.0 51116.9 86.1 9.9 10.2 11.5 
55830.9 47848.5 96.0 9.8 11.3 12.3 
54753.5 46333.8 93.1 10.1 10.9 12.0 
55047.4 52631.6 88.9 9.5 10.5 11.8 
52143.8 53052.5 79.3 9.8 11.1 11.6 

56553.0 52923.8 95.9 9.6 10.5 12.0 
52427.9 45564.8 92.2 10.4 11.6 12.0 
51644.4 50347.9 85.2 10.2 10.9 11.5 
53150.1 50640.1 92.1 10.2 10.9 11.7 
57336.5 48140.6 102.9 9.9 11.2 12.4 
54566.2 45610.4 96.6 10.4 11.8 12.5 
58267.9 43895.0 107.0 9.5 10.6 12.7 
53933.6 45856.9 99.1 10.5 11.6 12.2 

53970.0 51116.9 86.1 9.9 10.2 11.5 
55830.9 47848.5 96.0 9.8 11.3 12.3 
66329.1 52595.5 106.3 9.9 10.5 13.7 
53060.5 45318.2 89.7 10.4 11.8 12.3 
55047.4 52631.6 89.0 9.5 10.5 11.8 

60102.7 45061.8 102.2 11.0 9.6 13.1 
59080.4 43886.8 101.7 10.9 9.1 13.0 
57222.2 41491.2 102.0 10.7 10.6 13.1 
57183.1 41895.2 104.9 11.6 9.5 12.9 
60157.8 45401.5 104.6 10.5 9.4 13.3 
58409.7 44046.2 98.8 11.3 10.5 13.5 
61046.8 49527.6 101.7 10.4 9.9 13.2 
59992.5 44021.5 108.3 10.1 10.1 13.1 

57213.7 50849.9 95.1 8.8 9.8 11.6 
53944.0 45615.1 94.7 9.7 10.1 11.6 
57347.0 47898.8 98.5 9.1 9.8 11.8 
56282.3 55095.5 91.0 9.2 10.4 11.4 
53810.8 48566.2 91.4 9.5 10.1 11.4 
52879.4 52811.8 87.2 9.8 10.8 11.1 
56415.6 52144.4 94.4 9.5 10.4 11.6 
54443.4 48319.6 88.9 9.4 10.3 11.7 

60863.9 49847.3 98.3 10.3 11.3 13.3 
62996.3 54222.5 96.3 11.3 12.0 13.8 
65912.9 54968.1 100.4 10.5 10.9 13.9 
67912.1 62294.4 95.1 11.2 11.6 14.2 
63558.8 50065.2 100.0 10.5 11.0 13.8 

60642.2 49319.6 95.9 11.3 12.1 13.7 
57445.1 52141.1 90.3 10.4 12.1 12.7 
60104.5 49476.2 96.1 11.9 12.4 13.0 
62627.4 54310.8 95.9 10.9 11.7 13.5 
60215.5 54671.4 96.6 9.8 11.5 12.6 

52427.9 45564.8 92.2 10.4 11.6 12.0 
52688.2 45311.6 83.4 10.7 10.6 11.5 
55830.9 47848.5 96.0 9.8 11.3 12.3 
56119.7 51729.2 86.7 10.4 10.8 11.9 
54753.5 46333.8 93.1 10.1 10.9 12.0 
57035.3 52061.1 86.7 9.4 10.6 11.9 
54398.2 46579.7 83.7 10.3 11.1 12.2 
53632.3 49777.4 82.9 10.1 10.9 11.6 
57168.6 49110.0 90.0 9.7 10.6 12.1 
53765.6 46826.3 86.2 10.4 10.9 11.8 

59661.6 47533.6 88.5 11.8 10.6 13.7 
58172.7 53764.4 81.9 11.3 11.2 13.0 
64722.5 53048.0 94.3 12.6 12.7 14.0 
60445.1 42750.4 95.5 12.1 11.3 14.1 
66314.9 51701.8 98.2 12.4 12.8 14.0 
65516.9 52996.4 97.5 13.0 13.4 13.9 

53991.9 41072.6 93.8 10.0 11.2 12.6 
52427.9 45564.8 92.2 10.4 11.6 12.0 
56762.2 43602.8 100.1 9.4 10.6 12.5 
53359.3 41319.1 96.3 10.1 11.0 12.2 
55830.9 47848.5 96.0 9.8 11.3 12.3 
52294.6 48515.9 88.8 10.2 11.6 11.8 
55047.4 52631.6 89.0 9.5 10.5 11.8 

55830.9 47848.5 96.0 9.8 11.3 12.3 
52277.0 50101.4 82.7 10.1 11.1 11.8 
54753.5 46333.8 93.1 10.1 10.9 12.0 

60730.6 52798.4 94.9 10.0 11.3 13.1 
57851.7 51767.9 97.4 11.5 12.3 13.4 
52143.8 53052.5 79.3 9.8 11.1 11.6 

54857.8 46243.2 87.6 9.6 11.0 12.0 
55935.2 47757.9 90.5 9.3 11.4 12.3 

52427.9 45564.8 92.2 10.4 11.6 12.0 
55830.9 47848.5 96.0 9.8 11.3 12.3 

64279.8 55477.4 105.0 9.7 10.1 13.3 
64032.3 53160.7 104.0 10.1 10.1 13.4 
62679.4 50910.5 108.2 9.5 10.8 13.2 
61253.2 45898.1 121.1 10.5 11.9 13.4 
64954.1 53791.9 103.2 10.2 11.0 13.3 
60077.8 43690.8 106.8 9.8 10.9 13.2 
65280.3 55214.7 102.9 10.6 10.7 13.5 

60454.4 52438.2 96.8 11.0 10.5 13.2 
63857.3 54721.9 100.5 10.3 10.1 13.5 
55986.5 54680.3 83.3 10.1 10.8 11.7 
56119.7 51729.2 86.7 10.4 10.8 11.9 
59389.4 56964.0 87.1 9.4 10.4 12.0 

52427.9 45564.8 92.2 10.4 11.6 12.0 
55830.9 47848.5 96.0 9.8 11.3 12.3 
53060.5 45318.2 89.7 10.4 11.8 12.3 
55047.4 52631.6 89.0 9.5 10.5 11.8 

55830.9 47848.5 96.0 9.8 11.3 12.3 
52927.2 48269.3 86.3 10.1 11.8 12.1 
52277.0 50101.4 82.7 10.1 11.1 11.8 
53060.5 45318.2 89.7 10.4 11.8 12.3 
55047.4 52631.6 89.0 9.5 10.5 11.8 
52143.8 53052.5 79.3 9.8 11.1 11.6 

63774.8 52278.1 102.8 10.9 11.6 14.3 
62996.3 54222.5 96.3 11.3 12.0 13.8 
66545.1 54808.3 109.1 10.3 11.0 14.2 
61181.9 50990.9 98.9 11.6 12.8 13.3 

60642.2 49319.6 95.9 11.3 12.1 13.7 
63412.6 51849.9 102.2 10.7 11.6 13.6 
60009.6 49566.2 98.4 11.4 11.9 13.3 
60941.0 45320.5 102.5 11.0 11.3 13.6 
61573.6 45074.0 100.0 10.9 11.5 13.9 
56959.7 52452.6 102.0 12.2 12.7 13.9 
59471.9 49722.8 98.6 12.0 12.2 12.6 

66446.4 58798.7 111.8 12.4 13.6 14.7 

61994.8 54557.4 98.4 11.0 11.5 13.1 
65397.8 56841.1 102.2 10.3 11.1 13.4 
60416.0 54188.6 98.1 11.4 12.6 12.7 
62627.4 54310.8 95.9 10.9 11.7 13.5 
59471.9 49722.8 98.6 12.0 12.2 12.6 
60917.4 53042.7 95.5 11.3 11.1 12.8 
64320.4 55326.4 99.3 10.6 10.8 13.1 

66599.8 56023.4 101.5 12.2 12.7 14.2 
65522.4 54508.7 98.7 12.5 12.3 13.9 

55978.7 48386.0 93.1 9.2 9.9 12.0 
58044.4 47247.3 99.5 9.8 10.6 13.4 
60814.7 49777.6 105.8 9.2 10.0 13.3 
52575.8 46102.3 89.3 9.8 10.2 11.8 

55830.9 47848.5 96.0 9.8 11.3 12.3 
52277.0 50101.4 82.7 10.1 11.1 11.8 
53060.5 45318.2 89.7 10.4 11.8 12.3 
55047.4 52631.6 89.0 9.5 10.5 11.8 
54753.5 46333.8 93.1 10.1 10.9 12.0 

83368.2 67684.0 144.1 15.8 15.2 17.2 

55801.9 50709.0 87.1 9.0 11.4 12.1 
59220.7 48415.2 95.0 8.9 10.6 12.6 
55935.2 47757.9 90.5 9.3 11.4 12.3 
56866.6 43512.3 94.6 8.9 10.7 12.5 
52532.3 45474.2 86.7 9.9 11.7 12.0 

52427.9 45564.8 92.2 10.4 11.6 12.0 
55830.9 47848.5 96.0 9.8 11.3 12.3 
55047.4 52631.6 89.0 9.5 10.5 11.8 
54753.5 46333.8 93.1 10.1 10.9 12.0 
55697.6 50799.6 92.6 9.5 11.3 12.1 
55047.4 52631.6 88.9 9.5 10.5 11.8 

84193.4 69393.7 154.8 16.3 16.7 18.9 

52427.9 45564.8 92.2 10.4 11.6 12.0 
56762.2 43602.8 100.1 9.4 10.6 12.5 
53359.3 41319.1 96.3 10.1 11.0 12.2 
55830.9 47848.5 96.0 9.8 11.3 12.3 
53060.5 45318.2 89.7 10.4 11.8 12.3 
55047.4 52631.6 89.0 9.5 10.5 11.8 
54753.5 46333.8 93.1 10.1 10.9 12.0 

60009.6 49566.2 98.4 11.4 11.9 13.3 
63412.6 51849.9 102.2 10.7 11.6 13.6 
63295.1 50223.4 103.0 11.0 11.1 13.7 
62363.7 54469.1 98.8 11.4 11.8 13.4 

67412.8 59589.9 101.0 11.6 11.4 14.1 
60549.3 51237.5 101.4 11.6 12.5 12.9 
59727.8 47248.6 97.1 11.9 12.5 13.5 

56762.2 43602.8 100.1 9.4 10.6 12.5 
55830.9 47848.5 96.0 9.8 11.3 12.3 
56628.9 46553.9 96.7 9.2 10.6 12.3 
52277.0 50101.4 82.7 10.1 11.1 11.8 
53060.5 45318.2 89.7 10.4 11.8 12.3 
51983.1 43803.5 86.8 10.7 11.5 12.0 

57168.6 49110.0 90.0 9.7 10.6 12.1 
53765.6 46826.3 86.2 10.4 10.9 11.8 

52427.9 45564.8 92.2 10.4 11.6 12.0 
51644.4 50347.9 85.2 10.2 10.9 11.5 
55830.9 47848.5 96.0 9.8 11.3 12.3 
52927.2 48269.3 86.3 10.1 11.8 12.1 
53060.5 45318.2 89.7 10.4 11.8 12.3 
55047.4 52631.6 89.0 9.5 10.5 11.8 

58197.4 53684.9 94.6 9.9 10.5 12.9 
58330.6 50733.8 98.0 10.1 10.5 13.1 
52427.9 45564.8 92.2 10.4 11.6 12.0 
55830.9 47848.5 96.0 9.8 11.3 12.3 
53060.5 45318.2 89.7 10.4 11.8 12.3 
57253.2 49219.1 95.1 10.4 10.1 12.8 

55830.9 47848.5 96.0 9.8 11.3 12.3 
53060.5 45318.2 89.7 10.4 11.8 12.3 
60687.1 52170.4 92.3 10.2 12.8 13.3 
64522.0 47503.9 106.1 9.5 11.5 13.7 

53208.4 45855.7 86.8 9.7 10.5 12.1 
55978.7 48386.0 93.1 9.2 9.9 12.0 
52427.9 45564.8 92.2 10.4 11.6 12.0 
51644.4 50347.9 85.2 10.2 10.9 11.5 
56762.2 43602.8 100.1 9.4 10.6 12.5 
53359.3 41319.1 96.3 10.1 11.0 12.2 
50567.0 48833.2 82.3 10.5 10.6 11.2 
53970.0 51116.9 86.1 9.9 10.2 11.5 
55830.9 47848.5 96.0 9.8 11.3 12.3 
51350.5 44050.1 89.3 10.8 11.3 11.7 
52575.8 46102.3 89.3 9.8 10.2 11.8 

53991.9 41072.6 93.8 10.0 11.2 12.6 
54914.1 55582.7 85.6 9.3 10.5 11.6 
56762.2 43602.8 100.1 9.4 10.6 12.5 
55830.9 47848.5 96.0 9.8 11.3 12.3 
52277.0 50101.4 82.7 10.1 11.1 11.8 
53060.5 45318.2 89.7 10.4 11.8 12.3 
55047.4 52631.6 89.0 9.5 10.5 11.8 

52688.2 45311.6 83.4 10.7 10.6 11.5 
55830.9 47848.5 96.0 9.8 11.3 12.3 
53060.5 45318.2 89.7 10.4 11.8 12.3 
56091.2 47595.3 87.1 10.0 10.2 11.8 
53320.8 45065.0 80.9 10.6 10.8 11.9 
53632.3 49777.4 82.9 10.1 10.9 11.6 
54398.2 46579.7 83.7 10.3 11.1 12.2 
57168.6 49110.0 90.0 9.7 10.6 12.1 
53765.6 46826.3 86.2 10.4 10.9 11.8 

53359.3 41319.1 96.3 10.1 11.0 12.2 
55830.9 47848.5 96.0 9.8 11.3 12.3 
56628.9 46553.9 96.7 9.2 10.6 12.3 
53060.5 45318.2 89.7 10.4 11.8 12.3 
55047.4 52631.6 89.0 9.5 10.5 11.8 
55697.6 50799.6 92.6 9.5 11.3 12.1 
52575.8 46102.3 89.3 9.8 10.2 11.8 
66195.9 55546.6 102.9 9.7 10.5 13.5 

63927.7 49976.9 100.5 10.9 11.3 14.1 
63412.6 51849.9 102.2 10.7 11.6 13.6 
60941.0 45320.5 102.5 11.0 11.3 13.6 
55207.6 53182.0 81.5 10.4 11.2 12.4 
57977.9 55712.3 87.8 9.9 10.6 12.4 
61573.6 45074.0 100.0 10.9 11.5 13.9 
64343.9 47604.2 106.3 10.3 10.9 13.9 

52427.9 45564.8 92.2 10.4 11.6 12.0 
50925.2 51863.9 85.8 10.1 10.3 11.7 
54708.3 50477.5 87.4 10.8 10.9 12.3 
51708.6 47080.7 92.8 10.3 11.0 12.2 
55830.9 47848.5 96.0 9.8 11.3 12.3 
57391.9 54277.1 91.7 10.1 10.0 12.8 
58111.2 52761.2 91.1 10.1 10.6 12.6 
55047.4 52631.6 88.9 9.5 10.5 11.8 

55329.6 42334.1 87.9 9.9 10.5 12.4 
57683.7 47237.0 88.3 9.9 10.3 12.6 
57168.6 49110.0 90.0 9.7 10.6 12.1 
58099.9 44864.3 94.2 9.3 9.9 12.4 

56762.2 43602.8 100.1 9.4 10.6 12.5 
52277.0 50101.4 82.7 10.1 11.1 11.8 
55047.4 52631.6 89.0 9.5 10.5 11.8 
55684.8 42088.1 97.2 9.7 10.3 12.2 
55047.4 52631.6 88.9 9.5 10.5 11.8 
54901.3 46871.3 90.2 9.5 9.6 11.7 

56945.8 49436.6 96.2 10.7 11.9 12.5 
62630.8 51567.3 110.7 10.3 11.3 13.9 

69416.6 58315.7 110.1 13.2 12.6 14.6 
69916.0 61020.2 104.2 12.9 12.8 14.7 
70049.2 58069.1 107.6 13.1 12.8 14.9 

78496.0 64177.3 144.4 14.7 16.8 18.0 

54914.1 55582.7 85.6 9.3 10.5 11.6 
55830.9 47848.5 96.0 9.8 11.3 12.3 
65238.7 56653.7 102.2 10.0 10.0 13.9 
68683.3 57498.4 106.7 10.0 10.3 13.8 
53060.5 45318.2 89.7 10.4 11.8 12.3 
55047.4 52631.6 89.0 9.5 10.5 11.8 
51983.1 43803.5 86.8 10.7 11.5 12.0 
51199.6 48586.7 79.8 10.4 10.8 11.5 

52427.9 45564.8 92.2 10.4 11.6 12.0 
55830.9 47848.5 96.0 9.8 11.3 12.3 
52927.2 48269.3 86.3 10.1 11.8 12.1 
53060.5 45318.2 89.7 10.4 11.8 12.3 
55047.4 52631.6 89.0 9.5 10.5 11.8 
51983.1 43803.5 86.8 10.7 11.5 12.0 

52427.9 45564.8 92.2 10.4 11.6 12.0 
53191.9 51073.7 93.2 9.7 10.4 12.1 
52294.6 48515.9 88.8 10.2 11.6 11.8 
53058.6 54024.8 89.8 9.5 10.4 11.9 
53858.6 44023.7 90.5 9.7 11.2 12.4 

64509.7 58425.3 103.4 11.2 11.1 13.2 
65264.5 59792.2 98.8 10.0 11.1 13.2 
65397.8 56841.1 102.2 10.3 11.1 13.4 
61861.6 57508.5 95.0 10.7 11.5 12.9 
62627.4 54310.8 95.9 10.9 11.7 13.5 
62874.8 52006.5 102.3 11.3 11.9 12.9 
64320.4 55326.4 99.3 10.6 10.8 13.1 
65397.8 56841.1 102.1 10.3 11.1 13.4 

52427.9 45564.8 92.2 10.4 11.6 12.0 
57432.4 43429.7 95.0 10.6 11.1 12.8 
53226.0 44270.2 93.0 9.8 11.0 12.0 
67605.9 55983.7 103.9 10.3 10.0 13.5 
52927.2 48269.3 86.3 10.1 11.8 12.1 
55830.9 47848.5 96.0 9.8 11.3 12.3 
52294.6 48515.9 88.8 10.2 11.6 11.8 
53060.5 45318.2 89.7 10.4 11.8 12.3 
59786.5 48332.6 95.4 10.6 11.0 13.0 

52427.9 45564.8 92.2 10.4 11.6 12.0 
55978.7 48386.0 93.1 9.2 9.9 12.0 
51644.4 50347.9 85.2 10.2 10.9 11.5 
56762.2 43602.8 100.1 9.4 10.6 12.5 
53970.0 51116.9 86.1 9.9 10.2 11.5 
56628.9 46553.9 96.7 9.2 10.6 12.3 
55047.4 52631.6 89.0 9.5 10.5 11.8 

57342.7 47736.6 102.0 8.8 10.3 12.8 
53480.8 48901.6 99.0 8.8 10.9 12.0 
53347.5 51852.7 95.6 8.6 10.9 11.8 
57476.0 44785.5 105.3 9.1 10.3 13.0 
57055.7 41202.1 96.0 10.6 11.2 13.4 
50710.5 46371.3 92.7 9.4 11.5 12.0 
52403.4 47386.9 96.1 9.2 10.6 11.7 
50077.9 46617.9 95.2 9.5 11.3 11.7 
50577.2 49322.4 89.3 9.1 11.5 11.8 
52298.7 54471.9 92.3 9.2 11.2 11.6 
55701.7 56755.6 96.0 8.6 10.8 11.9 

56945.8 49436.6 96.2 10.7 11.9 12.5 
61994.8 54557.4 98.4 11.0 11.5 13.1 
64349.0 59460.3 98.8 11.0 11.3 13.3 
60917.4 53042.7 95.5 11.3 11.2 12.8 
61861.6 57508.5 95.0 10.7 11.5 12.9 
62627.4 54310.8 95.9 10.9 11.7 13.5 
65280.3 55214.7 102.9 10.6 10.7 13.5 
65397.8 56841.1 102.1 10.3 11.1 13.4 

52927.2 48269.3 86.3 10.1 11.8 12.1 
54624.3 53070.4 78.2 9.4 11.2 12.4 
59802.5 51454.6 95.3 10.3 10.5 12.6 
52270.2 48167.4 77.8 9.4 11.3 12.3 
54753.5 46333.8 93.1 10.1 10.9 12.0 
56693.5 55468.7 87.3 10.4 10.5 12.1 
57032.2 48924.3 89.0 10.9 11.1 12.6 
55697.6 50799.6 92.6 9.5 11.3 12.1 
60879.9 52969.3 98.1 10.0 10.8 12.9 
57326.1 55222.2 84.8 10.3 10.7 12.4 

70147.6 51309.4 108.1 12.7 12.7 15.4 
71091.8 55775.2 107.6 12.1 13.0 15.5 
70293.7 57069.8 106.9 12.7 13.7 15.4 

57413.6 53109.9 82.6 10.3 10.6 12.1 
60183.9 55640.2 88.9 9.7 10.0 12.0 
54242.5 46700.4 92.4 10.5 10.9 11.8 
57546.8 50158.8 86.0 10.5 10.6 12.3 
60472.9 52568.4 83.6 9.8 10.3 12.5 
60317.2 52689.1 92.3 10.0 10.0 12.2 
57012.8 49230.6 98.6 9.9 10.3 11.8 

53970.0 51116.9 86.1 9.9 10.2 11.5 
53060.5 45318.2 89.7 10.4 11.8 12.3 
55978.0 44623.1 96.9 10.4 12.8 12.8 

56762.2 43602.8 100.1 9.4 10.6 12.5 
55830.9 47848.5 96.0 9.8 11.3 12.3 
52927.2 48269.3 86.3 10.1 11.8 12.1 
53060.5 45318.2 89.7 10.4 11.8 12.3 
55047.4 52631.6 89.0 9.5 10.5 11.8 
55697.6 50799.6 92.6 9.5 11.3 12.1 
52143.8 53052.5 79.3 9.8 11.1 11.6 

56119.7 51729.2 86.7 10.4 10.8 11.9 
53609.9 46946.9 94.9 10.5 10.7 11.5 
57168.6 49110.0 90.0 9.7 10.6 12.1 
53765.6 46826.3 86.2 10.4 10.9 11.8 
57012.8 49230.6 98.6 9.9 10.3 11.8 

61285.9 58019.3 106.9 9.5 10.5 12.8 
61419.1 55068.2 110.3 9.7 10.5 13.0 
60341.7 53553.5 107.4 10.1 10.2 12.7 
59674.5 53405.9 101.7 9.6 10.6 12.8 
59674.5 53405.9 101.8 9.6 10.6 12.8 

52927.2 48269.3 86.3 10.1 11.8 12.1 
55830.9 47848.5 96.0 9.8 11.3 12.3 
53060.5 45318.2 89.7 10.4 11.8 12.3 
52294.6 48515.9 88.8 10.2 11.6 11.8 
55697.6 50799.6 92.6 9.5 11.3 12.1 
61146.8 50425.8 100.8 9.5 10.9 12.9 
52143.8 53052.5 79.3 9.8 11.1 11.6 

60642.2 49319.6 95.9 11.3 12.1 13.7 
62924.3 49166.5 106.6 11.5 12.0 14.8 
61846.9 47651.8 103.8 11.8 11.7 14.5 
65278.4 54069.5 107.1 11.5 11.8 14.9 
62627.4 54310.8 95.9 10.9 11.7 13.5 
67840.1 57238.4 105.4 11.4 11.6 15.2 

63732.4 54189.8 108.2 13.2 12.2 14.7 
68066.7 52227.9 116.1 12.2 11.2 15.2 

76318.4 64422.7 131.9 16.0 15.8 17.9 
77249.8 60177.1 136.0 15.6 15.1 18.2 

69811.8 58779.0 122.4 12.9 14.6 15.3 
69945.0 55827.9 125.8 13.2 14.6 15.5 

63242.9 54074.7 110.7 11.9 11.4 14.5 
64036.2 58446.9 107.8 12.9 11.6 14.7 
63018.5 55606.2 102.7 11.5 10.4 14.6 
65811.7 59351.5 105.5 11.2 11.2 14.8 

52427.9 45564.8 92.2 10.4 11.6 12.0 
56762.2 43602.8 100.1 9.4 10.6 12.5 
55830.9 47848.5 96.0 9.8 11.3 12.3 
53060.5 45318.2 89.7 10.4 11.8 12.3 
55047.4 52631.6 89.0 9.5 10.5 11.8 
54753.5 46333.8 93.1 10.1 10.9 12.0 
55047.4 52631.6 88.9 9.5 10.5 11.8 

62903.4 56140.4 101.9 11.6 12.4 13.0 
61280.1 47474.7 104.1 9.7 10.9 13.1 
58509.8 44944.4 97.9 10.3 11.4 13.1 
60549.3 51237.5 101.4 11.6 12.5 12.9 
57877.2 45191.0 100.4 10.4 11.2 12.8 
63558.8 50065.2 100.0 10.5 11.0 13.8 

50567.0 48833.2 82.3 10.5 10.6 11.2 
53970.0 51116.9 86.1 9.9 10.2 11.5 
55830.9 47848.5 96.0 9.8 11.3 12.3 
55046.9 43933.0 89.0 11.3 11.6 12.8 
51498.4 44587.6 86.5 10.1 9.9 11.5 
51350.5 44050.1 89.3 10.8 11.3 11.7 

59271.3 50205.6 97.1 10.4 11.2 12.5 
57033.8 51246.5 88.3 10.5 10.3 12.3 
55046.9 43933.0 89.0 11.3 11.6 12.8 
53630.9 48962.8 84.5 11.1 10.6 12.0 
55868.4 47921.9 93.3 11.1 11.6 12.2 

63971.5 57568.6 98.7 9.9 10.8 13.3 
61448.6 57355.1 93.4 10.2 11.4 13.3 
62167.9 55839.1 92.8 10.2 12.0 13.1 
60568.6 55284.9 94.9 10.6 11.1 13.0 
60816.0 57601.6 95.9 10.2 11.2 13.0 
64219.0 59885.3 99.6 9.6 10.8 13.2 

54914.1 55582.7 85.6 9.3 10.5 11.6 
52927.2 48269.3 86.3 10.1 11.8 12.1 
55830.9 47848.5 96.0 9.8 11.3 12.3 
52277.0 50101.4 82.7 10.1 11.1 11.8 
53060.5 45318.2 89.7 10.4 11.8 12.3 
55047.4 52631.6 89.0 9.5 10.5 11.8 

55830.9 47848.5 96.0 9.8 11.3 12.3 
55047.4 52631.6 89.0 9.5 10.5 11.8 
66195.9 55546.6 102.9 9.7 10.5 13.5 
55047.4 52631.6 88.9 9.5 10.5 11.8 

54914.1 55582.7 85.6 9.3 10.5 11.6 
51644.4 50347.9 85.2 10.2 10.9 11.5 
55830.9 47848.5 96.0 9.8 11.3 12.3 
52927.2 48269.3 86.3 10.1 11.8 12.1 
53060.5 45318.2 89.7 10.4 11.8 12.3 
55047.4 52631.6 89.0 9.5 10.5 11.8 
54753.5 46333.8 93.1 10.1 10.9 12.0 
51350.5 44050.1 89.3 10.8 11.3 11.7 
55697.6 50799.6 92.6 9.5 11.3 12.1 
57877.2 45191.0 100.4 10.4 11.2 12.8 
55047.4 52631.6 88.9 9.5 10.5 11.8 

55830.9 47848.5 96.0 9.8 11.3 12.3 
53060.5 45318.2 89.7 10.4 11.8 12.3 
55047.4 52631.6 89.0 9.5 10.5 11.8 
51983.1 43803.5 86.8 10.7 11.5 12.0 

52688.2 45311.6 83.4 10.7 10.6 11.5 
62199.0 62292.0 98.6 9.9 11.2 12.5 
55645.2 60924.3 86.4 9.6 10.6 12.2 
57035.3 52061.1 86.6 9.4 10.6 11.9 
53320.8 45065.0 80.9 10.6 10.8 11.9 
57168.6 49110.0 90.0 9.7 10.6 12.1 
58099.9 44864.3 94.2 9.3 9.9 12.4 

55982.8 49539.8 92.4 9.9 10.6 11.9 
53970.0 51116.9 86.1 9.9 10.2 11.5 
55830.9 47848.5 96.0 9.8 11.3 12.3 
53657.3 48770.8 91.5 10.2 11.3 11.9 
54753.5 46333.8 93.1 10.1 10.9 12.0 
54289.9 48524.2 89.0 10.2 11.5 12.3 
57060.2 51054.5 95.3 9.6 10.9 12.2 
57991.6 46808.8 99.5 9.2 10.3 12.5 
55047.4 52631.6 88.9 9.5 10.5 11.8 
52579.9 47256.1 88.7 10.6 11.0 11.6 

63425.5 53016.3 96.6 10.2 11.0 13.6 
55830.9 47848.5 96.0 9.8 11.3 12.3 
53060.5 45318.2 89.7 10.4 11.8 12.3 
65397.8 56841.1 102.2 10.3 11.1 13.4 
59471.9 49722.8 98.6 12.0 12.2 12.6 
63558.8 50065.2 100.0 10.5 11.0 13.8 

52427.9 45564.8 92.2 10.4 11.6 12.0 
51753.6 47250.3 93.9 10.0 10.7 12.0 
52685.0 43004.7 98.1 9.6 10.1 12.3 
55156.6 49534.0 97.7 9.3 10.4 12.3 
52277.0 50101.4 82.7 10.1 11.1 11.8 
53060.5 45318.2 89.7 10.4 11.8 12.3 
56087.9 45288.4 101.9 8.9 9.7 12.5 
52551.7 45955.8 94.7 9.3 10.1 12.1 

59108.4 47014.7 91.9 10.8 11.0 13.1 
66329.1 52595.5 106.3 9.9 10.5 13.7 
68683.3 57498.4 106.7 10.0 10.3 13.8 
61878.7 49545.0 98.2 10.3 10.4 13.0 
55047.4 52631.6 89.0 9.5 10.5 11.8 
58475.8 47261.3 94.4 10.9 10.8 12.7 
65251.7 51080.8 103.4 10.3 10.1 13.4 
66195.9 55546.6 102.9 9.7 10.5 13.5 

57409.5 42214.6 98.4 10.4 9.8 12.6 
51644.4 50347.9 85.2 10.2 10.9 11.5 
55830.9 47848.5 96.0 9.8 11.3 12.3 
58486.9 43729.3 101.3 10.1 10.1 12.9 
55047.4 52631.6 89.0 9.5 10.5 11.8 
55716.5 41199.1 95.0 10.6 10.6 13.0 
55083.9 41445.6 97.5 10.7 10.4 12.6 

51644.4 50347.9 85.2 10.2 10.9 11.5 
53970.0 51116.9 86.1 9.9 10.2 11.5 
55830.9 47848.5 96.0 9.8 11.3 12.3 
53060.5 45318.2 89.7 10.4 11.8 12.3 
54753.5 46333.8 93.1 10.1 10.9 12.0 
55047.4 52631.6 89.0 9.5 10.5 11.8 

51644.4 50347.9 85.2 10.2 10.9 11.5 
54914.1 55582.7 85.6 9.3 10.5 11.6 
51511.2 53299.0 81.8 9.9 10.9 11.3 
55830.9 47848.5 96.0 9.8 11.3 12.3 
52277.0 50101.4 82.7 10.1 11.1 11.8 
53060.5 45318.2 89.7 10.4 11.8 12.3 
52294.6 48515.9 88.8 10.2 11.6 11.8 
55047.4 52631.6 89.0 9.5 10.5 11.8 
54753.5 46333.8 93.1 10.1 10.9 12.0 
51350.5 44050.1 89.3 10.8 11.3 11.7 

54190.5 46095.6 81.9 9.1 11.5 12.1 
51420.2 43565.3 75.6 9.7 12.0 12.1 
53641.0 51419.4 72.7 9.5 11.9 12.1 
55467.2 49483.8 79.5 9.5 11.0 11.9 
55415.4 39449.2 82.0 10.0 11.4 13.2 
52277.0 50101.4 82.7 10.1 11.1 11.8 
55047.4 52631.6 89.0 9.5 10.5 11.8 
56411.4 53949.6 79.0 8.9 11.3 12.0 
56544.6 50998.5 82.3 9.2 11.3 12.2 

65397.8 56841.1 102.2 10.3 11.1 13.4 
62627.4 54310.8 95.9 10.9 11.7 13.5 
64320.4 55326.4 99.3 10.6 10.8 13.1 

56091.2 47595.3 87.2 10.0 10.2 11.8 
52688.2 45311.6 83.4 10.7 10.6 11.5 
55830.9 47848.5 96.0 9.8 11.3 12.3 
54264.9 49530.8 80.4 10.0 11.1 12.0 
55697.6 50799.6 92.6 9.5 11.3 12.1 
54398.2 46579.7 83.7 10.3 11.1 12.2 
57168.6 49110.0 90.0 9.7 10.6 12.1 
53765.6 46826.3 86.2 10.4 10.9 11.8 

64938.3 58369.4 99.0 9.7 11.5 13.0 
64194.7 53420.7 101.0 11.8 12.2 13.0 
65071.5 55418.3 102.4 9.9 11.5 13.2 
62596.5 53025.2 111.9 11.6 12.7 13.3 
62301.2 52888.0 96.1 10.5 12.0 13.3 

52427.9 45564.8 92.2 10.4 11.6 12.0 
51511.2 53299.0 81.8 9.9 10.9 11.3 
55830.9 47848.5 96.0 9.8 11.3 12.3 
55460.2 50566.1 97.5 9.8 11.0 12.0 
55047.4 52631.6 89.0 9.5 10.5 11.8 
54753.5 46333.8 93.1 10.1 10.9 12.0 

53208.4 45855.7 86.8 9.7 10.5 12.1 
51644.4 50347.9 85.2 10.2 10.9 11.5 
52427.9 45564.8 92.2 10.4 11.6 12.0 
53060.5 45318.2 89.7 10.4 11.8 12.3 
55047.4 52631.6 89.0 9.5 10.5 11.8 
52143.8 53052.5 79.3 9.8 11.1 11.6 

56762.2 43602.8 100.1 9.4 10.6 12.5 
55830.9 47848.5 96.0 9.8 11.3 12.3 
55047.4 52631.6 89.0 9.5 10.5 11.8 
51983.1 43803.5 86.8 10.7 11.5 12.0 

52427.9 45564.8 92.2 10.4 11.6 12.0 
55830.9 47848.5 96.0 9.8 11.3 12.3 
53060.5 45318.2 89.7 10.4 11.8 12.3 
55047.4 52631.6 89.0 9.5 10.5 11.8 

52927.2 48269.3 86.3 10.1 11.8 12.1 
52277.0 50101.4 82.7 10.1 11.1 11.8 
53060.5 45318.2 89.7 10.4 11.8 12.3 
52294.6 48515.9 88.8 10.2 11.6 11.8 

52427.9 45564.8 92.2 10.4 11.6 12.0 
51644.4 50347.9 85.2 10.2 10.9 11.5 
54914.1 55582.7 85.6 9.3 10.5 11.6 
55697.6 50799.6 92.6 9.5 11.3 12.1 

62081.3 56891.0 101.5 10.6 11.8 13.9 
61448.7 57137.6 104.0 10.7 11.6 13.6 
64984.9 56470.2 111.1 10.3 11.2 14.1 
61072.4 52123.6 101.7 11.9 11.1 14.5 
60007.7 59320.3 94.1 12.0 11.8 14.1 

55830.9 47848.5 96.0 9.8 11.3 12.3 
53060.5 45318.2 89.7 10.4 11.8 12.3 
55047.4 52631.6 89.0 9.5 10.5 11.8 
51983.1 43803.5 86.8 10.7 11.5 12.0 
55047.4 52631.6 88.9 9.5 10.5 11.8 

52427.9 45564.8 92.2 10.4 11.6 12.0 
55830.9 47848.5 96.0 9.8 11.3 12.3 
53060.5 45318.2 89.7 10.4 11.8 12.3 
55047.4 52631.6 89.0 9.5 10.5 11.8 

69981.6 54475.8 111.4 11.8 12.5 14.8 
64746.3 51326.4 118.9 12.2 13.4 14.1 
68904.2 52961.1 108.5 12.1 12.2 14.5 

52427.9 45564.8 92.2 10.4 11.6 12.0 
53359.3 41319.1 96.3 10.1 11.0 12.2 
53226.0 44270.2 93.0 9.8 11.0 12.0 
55830.9 47848.5 96.0 9.8 11.3 12.3 

60642.2 49319.6 95.9 11.3 12.1 13.7 
61667.6 52497.9 105.0 11.3 11.4 14.1 
63279.3 54801.0 98.8 10.4 11.6 13.4 
63412.6 51849.9 102.2 10.7 11.6 13.6 
62335.2 50335.2 99.3 11.0 11.3 13.3 
63900.2 55184.8 111.5 11.4 11.1 13.3 
69393.0 52725.0 108.5 10.6 10.5 14.5 
66792.1 59931.1 111.7 10.8 10.7 14.1 
63360.6 53513.4 108.5 11.1 10.5 13.7 

52427.9 45564.8 92.2 10.4 11.6 12.0 
51644.4 50347.9 85.2 10.2 10.9 11.5 
66329.1 52595.5 106.3 9.9 10.5 13.7 
62481.4 48550.5 97.1 10.8 10.7 13.5 
65251.7 51080.8 103.4 10.3 10.1 13.4 
55697.6 50799.6 92.6 9.5 11.3 12.1 
60202.7 45960.0 101.3 10.0 10.5 12.8 

53208.4 45855.7 86.8 9.7 10.5 12.1 
55978.7 48386.0 93.1 9.2 9.9 12.0 
53359.3 41319.1 96.3 10.1 11.0 12.2 
56762.2 43602.8 100.1 9.4 10.6 12.5 
52575.8 46102.3 89.3 9.8 10.2 11.8 

56752.3 51482.6 84.2 10.3 11.0 12.3 
55654.3 54032.1 88.3 9.8 9.9 12.2 
56703.2 51412.9 91.7 9.2 9.7 12.3 
53300.2 49129.2 87.9 9.8 10.0 12.0 
54398.2 46579.7 83.7 10.3 11.1 12.2 

57555.5 47975.0 97.2 10.4 10.7 12.6 
57659.9 47884.4 91.7 9.9 10.8 12.6 
54152.6 45691.3 93.4 11.1 11.1 12.4 
57422.2 50926.1 93.8 10.2 10.7 12.4 

90445.3 79393.2 176.3 17.8 19.8 21.1 
93759.5 79365.8 173.1 18.2 19.3 21.1 

68367.2 63339.2 105.4 10.4 9.9 13.6 
68639.1 61074.4 102.1 10.6 10.2 13.7 
63242.7 55906.0 98.8 11.0 10.7 13.5 
63924.9 57900.8 99.2 10.4 11.0 13.5 
65236.2 58790.7 98.3 11.3 10.6 13.4 
66013.1 58436.3 105.0 10.4 10.1 13.4 

53991.9 41072.6 93.8 10.0 11.2 12.6 
52427.9 45564.8 92.2 10.4 11.6 12.0 
54914.1 55582.7 85.6 9.3 10.5 11.6 
55830.9 47848.5 96.0 9.8 11.3 12.3 
53060.5 45318.2 89.7 10.4 11.8 12.3 
55047.4 52631.6 89.0 9.5 10.5 11.8 

54914.1 55582.7 85.6 9.3 10.5 11.6 
55830.9 47848.5 96.0 9.8 11.3 12.3 
52927.2 48269.3 86.3 10.1 11.8 12.1 
55047.4 52631.6 89.0 9.5 10.5 11.8 
52143.8 53052.5 79.3 9.8 11.1 11.6 

