26723.5 24786.8 56.7 5.4 5.3 6.9 
28257.1 25417.1 57.2 4.2 4.3 7.0 
24340.5 28858.3 57.4 4.5 5.0 6.8 
23923.1 28084.9 56.4 5.3 5.1 7.0 
23471.4 20283.3 53.2 5.4 5.6 5.1 

27839.8 24643.7 56.2 5.0 4.4 7.1 
28332.7 26854.1 51.0 4.1 4.1 6.9 
25173.6 23614.4 52.1 3.8 4.8 6.9 
24831.8 24278.0 44.8 4.5 4.7 7.0 
26352.6 19473.1 61.5 5.6 5.7 5.1 
20839.6 26282.2 51.3 4.9 5.5 6.9 
23656.8 22752.5 56.7 4.4 5.7 5.4 
24756.2 22841.0 51.1 4.6 4.9 7.1 
24175.2 20141.9 54.7 4.8 5.7 5.4 
23454.0 20092.2 61.1 5.3 5.5 5.0 
28332.6 26854.1 51.0 4.1 4.1 6.9 
24157.7 19950.8 62.6 4.8 5.5 5.3 
25249.1 25051.4 45.8 3.7 4.6 6.8 

23356.9 21500.3 66.1 5.9 6.2 6.2 
23471.4 20283.3 53.2 5.4 5.6 5.1 
22838.5 24110.9 68.1 5.5 6.2 6.2 
22653.2 21641.7 64.6 6.5 6.1 6.0 
22635.8 21450.6 72.6 6.4 5.9 5.9 

24340.5 28858.3 57.4 4.5 5.0 6.8 
24322.6 28186.5 53.6 4.4 4.9 6.9 
28332.6 26854.1 51.0 4.1 4.1 6.9 
26370.0 19664.2 53.6 5.6 5.9 5.1 
23656.8 22752.5 56.7 4.4 5.7 5.4 
23905.2 27413.1 52.6 5.2 5.0 7.0 
27821.8 23971.9 52.4 4.9 4.4 7.2 

24340.5 28858.3 57.4 4.5 5.0 6.8 
26045.1 26122.2 53.1 5.3 5.0 6.7 
24175.2 20141.9 54.7 4.8 5.7 5.4 
25173.6 23614.4 52.1 3.8 4.8 6.9 
20839.6 26282.2 51.3 4.9 5.5 6.9 
23905.2 27413.1 52.6 5.2 5.0 7.0 
24756.2 22841.0 51.1 4.6 4.9 7.1 

30037.3 24118.0 46.7 4.9 4.1 6.8 
24175.2 20141.9 54.7 4.8 5.7 5.4 
23454.0 20092.2 61.1 5.3 5.5 5.0 
23339.5 21309.2 74.0 5.9 6.0 6.1 
22961.6 24319.5 47.9 4.9 5.4 6.7 
22953.1 22893.9 55.2 4.9 5.7 5.1 
23471.4 20283.3 53.2 5.4 5.6 5.1 
24157.7 19950.8 62.6 4.8 5.5 5.3 
24665.4 26043.7 61.2 4.6 5.3 5.0 

28257.1 25417.1 57.2 4.2 4.3 7.0 
24340.5 28858.3 57.4 4.5 5.0 6.8 
27915.3 26080.7 50.0 4.9 4.2 7.0 
27839.8 24643.7 56.2 5.0 4.4 7.1 
26045.1 26122.2 53.1 5.3 5.0 6.7 
29961.7 22680.9 52.9 5.0 4.4 6.9 
30640.1 21345.6 56.5 5.1 4.7 7.1 
29910.2 23197.6 64.2 5.4 6.3 5.7 
20839.6 26282.2 51.3 4.9 5.5 6.9 
23356.9 21500.3 66.1 5.9 6.2 6.2 
23923.1 28084.9 56.4 5.3 5.1 7.0 
22838.5 24110.9 68.1 5.5 6.2 6.2 
20764.1 28830.0 54.2 5.3 5.3 7.1 

25173.6 23614.4 52.1 3.8 4.8 6.9 
21257.0 27055.6 52.3 4.1 5.4 6.7 

23356.9 21500.3 66.1 5.9 6.2 6.2 
26878.2 20878.3 47.7 4.6 4.8 6.8 
29961.7 22680.9 52.9 5.0 4.4 6.9 
26045.1 26122.2 53.1 5.3 5.0 6.7 
24175.2 20141.9 54.7 4.8 5.7 5.4 
23923.1 28084.9 56.4 5.3 5.1 7.0 
22838.5 24110.9 68.1 5.5 6.2 6.2 
26370.0 19664.2 53.6 5.6 5.9 5.1 
23656.8 22752.5 56.7 4.4 5.8 5.4 
23656.8 22752.5 56.7 4.4 5.7 5.4 
24756.2 22841.0 51.1 4.6 4.9 7.1 

28257.1 25417.1 57.2 4.2 4.3 7.0 
24340.5 28858.3 57.4 4.5 5.0 6.8 
24680.7 25388.8 54.0 5.0 4.6 7.3 
27915.3 26080.7 50.0 4.9 4.2 7.0 
27839.8 24643.7 56.2 5.0 4.4 7.1 
26045.1 26122.2 53.1 5.3 5.0 6.7 
29961.7 22680.9 52.9 5.0 4.4 6.9 
27897.4 25408.9 46.2 4.8 4.2 7.1 
23923.1 28084.9 56.4 5.3 5.1 7.0 
20839.6 26282.2 51.3 4.9 5.5 6.9 
30622.2 20673.8 52.7 5.0 4.6 7.2 
23905.2 27413.1 52.6 5.2 5.0 7.0 

24175.2 20141.9 54.7 4.8 5.7 5.4 
25851.7 22274.8 55.6 5.2 6.0 5.1 
22953.1 22893.9 55.2 4.9 5.7 5.1 
29085.8 29256.8 57.6 4.6 4.9 7.4 

24340.5 28858.3 57.4 4.5 5.0 6.8 
28826.6 23790.7 43.5 4.7 3.7 6.7 
24834.5 25794.9 49.9 5.1 4.6 6.6 
24175.2 20141.9 54.7 4.8 5.7 5.4 
22961.6 24319.5 47.9 4.9 5.4 6.7 
28332.6 26854.1 51.0 4.1 4.1 6.9 
30019.3 23446.2 42.8 4.8 4.1 6.9 
21257.0 27055.6 52.3 4.1 5.4 6.7 
20839.6 26282.2 51.3 4.9 5.5 6.9 
23905.2 27413.1 52.6 5.2 5.0 7.0 
27821.8 23971.9 52.4 4.9 4.4 7.2 
26705.6 24115.0 52.9 5.3 5.3 7.0 

26878.2 20878.3 47.7 4.6 4.8 6.8 
23961.7 26185.1 59.7 5.1 5.3 4.8 
25851.7 22274.8 55.6 5.2 6.0 5.1 
22961.6 24319.5 47.9 4.9 5.4 6.7 
22953.1 22893.9 55.2 4.9 5.7 5.1 
26370.0 19664.2 53.6 5.6 5.9 5.1 
20839.6 26282.2 51.3 4.9 5.5 6.9 
23656.8 22752.5 56.7 4.4 5.7 5.4 
24756.2 22841.0 51.1 4.6 4.9 7.1 
25660.4 28117.8 45.2 4.9 5.3 7.4 

28257.1 25417.1 57.2 4.2 4.3 7.0 
23356.9 21500.3 66.1 5.9 6.2 6.2 
27839.8 24643.7 56.2 5.0 4.4 7.1 
23339.5 21309.2 74.0 5.9 6.0 6.1 
25173.6 23614.4 52.1 3.8 4.8 6.9 
28233.7 21064.7 63.3 5.1 6.0 5.9 
24756.2 22841.0 51.1 4.6 4.9 7.1 

28257.1 25417.1 57.2 4.2 4.3 7.0 
24340.5 28858.3 57.4 4.5 5.0 6.8 
27839.8 24643.7 56.2 5.0 4.4 7.1 
23640.0 22984.1 51.6 5.0 5.8 6.9 
22953.1 22893.9 55.2 4.9 5.7 5.1 
23923.1 28084.9 56.4 5.3 5.1 7.0 
30640.1 21345.6 56.5 5.1 4.7 7.1 
21257.0 27055.6 52.3 4.1 5.4 6.7 
20764.1 28830.0 54.2 5.3 5.3 7.1 
30622.2 20673.8 52.7 5.0 4.6 7.2 

28257.1 25417.1 57.2 4.2 4.3 7.0 
24340.5 28858.3 57.4 4.5 5.0 6.8 
21181.4 29603.4 55.1 4.5 5.2 6.9 
23142.7 23358.8 52.9 4.3 5.4 7.1 
23923.1 28084.9 56.4 5.3 5.1 7.0 
21257.0 27055.6 52.3 4.1 5.4 6.7 
20839.6 26282.2 51.3 4.9 5.5 6.9 

23356.9 21500.3 66.1 5.9 6.2 6.2 
23339.5 21309.2 74.0 5.9 6.0 6.1 
27715.4 23675.3 65.3 4.6 6.0 5.9 
23976.4 33042.6 58.4 4.9 5.2 7.0 
24195.1 26119.5 82.5 6.5 6.1 6.4 
25173.6 23614.4 52.1 3.8 4.8 6.9 
22838.5 24110.9 68.1 5.5 6.2 6.2 
28233.7 21064.7 63.3 5.1 6.0 5.9 
25033.4 23633.2 67.0 6.3 6.4 6.0 
24756.2 22841.0 51.1 4.6 4.9 7.1 

28239.2 24745.3 53.4 4.1 4.3 7.0 
29943.8 22009.2 49.1 4.9 4.3 7.0 
26027.2 25450.4 49.3 5.2 4.9 6.8 
27715.4 23675.3 65.3 4.6 6.0 5.9 
27821.8 23971.9 52.4 4.9 4.4 7.2 
27011.6 23816.7 63.8 5.2 6.0 5.6 
23905.2 27413.1 52.6 5.2 5.0 7.0 

24340.5 28858.3 57.4 4.5 5.0 6.8 
27839.8 24643.7 56.2 5.0 4.4 7.1 
26045.1 26122.2 53.1 5.3 5.0 6.7 
29961.7 22680.9 52.9 5.0 4.4 6.9 
23471.4 20283.3 53.2 5.4 5.6 5.1 
26370.0 19664.2 53.6 5.6 5.9 5.1 
21257.0 27055.6 52.3 4.1 5.4 6.7 
20839.6 26282.2 51.3 4.9 5.5 6.9 
24756.2 22841.0 51.1 4.6 4.9 7.1 
24175.2 20141.9 54.7 4.8 5.7 5.4 
23640.0 22984.1 51.6 5.0 5.8 6.9 
22961.6 24319.5 47.9 4.9 5.4 6.7 
23656.8 22752.5 56.7 4.4 5.8 5.4 

23356.9 21500.3 66.1 5.9 6.2 6.2 
25851.7 22274.8 55.6 5.2 6.0 5.1 
24175.2 20141.9 54.7 4.8 5.7 5.4 
22953.1 22893.9 55.2 4.9 5.7 5.1 
24157.7 19950.8 62.6 4.8 5.5 5.3 
22838.5 24110.9 68.1 5.5 6.2 6.2 

19298.3 20577.5 57.5 5.7 5.9 5.7 
22085.6 30895.4 52.6 4.5 6.0 7.2 
24175.2 20141.9 54.7 4.8 5.7 5.4 
23471.4 20283.3 53.2 5.4 5.6 5.1 
26077.8 28891.2 46.2 4.1 5.2 7.3 
25660.4 28117.8 45.2 4.9 5.3 7.4 

23961.7 26185.1 59.7 5.1 5.3 4.8 
23454.0 20092.2 61.1 5.3 5.5 5.0 
25717.1 24619.7 72.5 4.8 5.6 5.8 
24462.6 23383.4 65.6 5.5 5.0 4.7 

26718.0 22025.0 66.7 6.1 5.6 5.5 
26735.4 22216.1 58.7 6.2 5.8 5.6 
26217.0 24826.7 60.8 5.7 5.8 5.6 
28385.2 23382.6 51.7 5.1 5.7 7.5 
24468.6 26823.9 51.9 5.4 6.4 7.3 
28460.8 24819.7 45.5 5.0 5.5 7.4 
27943.9 32934.4 48.6 4.4 5.7 8.0 

24175.2 20141.9 54.7 4.8 5.7 5.4 
23640.0 22984.1 51.6 5.0 5.8 6.9 
21257.0 27055.6 52.3 4.1 5.4 6.7 
26370.0 19664.2 53.6 5.6 5.9 5.1 
18905.5 25181.3 49.3 5.0 6.0 7.0 
20839.6 26282.2 51.3 4.9 5.5 6.9 
22822.1 21740.0 49.1 4.7 5.3 7.2 
23656.8 22752.5 56.7 4.4 5.7 5.4 
21027.4 23218.6 45.9 4.9 5.9 6.7 

23356.9 21500.3 66.1 5.9 6.2 6.2 
28257.1 25417.1 57.2 4.2 4.3 7.0 
24340.5 28858.3 57.4 4.5 5.0 6.8 
27839.8 24643.7 56.2 5.0 4.4 7.1 
24175.2 20141.9 54.7 4.8 5.7 5.4 
25851.7 22274.8 55.6 5.2 6.0 5.1 
25173.6 23614.4 52.1 3.8 4.8 6.9 
21257.0 27055.6 52.3 4.1 5.4 6.7 
20839.6 26282.2 51.3 4.9 5.5 6.9 

21181.4 29603.4 55.1 4.5 5.2 6.9 
24680.7 25388.8 54.0 5.0 4.6 7.3 
24340.5 28858.3 57.4 4.5 5.0 6.8 
25183.8 23433.1 59.1 5.0 5.3 5.0 
24480.1 23574.6 57.7 5.6 5.2 4.8 
24175.2 20141.9 54.7 4.8 5.7 5.4 
24756.2 26825.8 47.7 4.9 4.4 7.2 
22838.5 24110.9 68.1 5.5 6.2 6.2 
27378.7 22955.4 58.1 5.8 5.5 4.8 
23656.8 22752.5 56.7 4.4 5.8 5.4 
20764.1 28830.0 54.2 5.3 5.3 7.1 

23239.4 22513.5 50.1 3.9 5.3 7.0 
22897.6 23177.1 42.9 4.6 5.1 7.1 
27839.8 24643.7 56.2 5.0 4.4 7.1 
29961.7 22680.9 52.9 5.0 4.4 6.9 
19322.8 25954.7 50.3 4.2 5.9 6.8 
26045.1 26122.2 53.1 5.3 5.0 6.7 
27897.4 25408.9 46.2 4.8 4.2 7.1 
18905.5 25181.3 49.3 5.0 6.0 7.0 
20839.6 26282.2 51.3 4.9 5.5 6.9 
26305.0 23644.4 51.4 4.2 4.8 7.1 

21181.4 29603.4 55.1 4.5 5.2 6.9 
27915.3 26080.7 50.0 4.9 4.2 7.0 
25173.6 27599.2 48.7 4.1 4.3 7.0 
24756.2 26825.8 47.7 4.9 4.4 7.2 
21257.0 27055.6 52.3 4.1 5.4 6.7 
24831.8 24278.0 44.8 4.5 4.7 7.0 
20839.6 26282.2 51.3 4.9 5.5 6.9 
25249.1 25051.4 45.8 3.7 4.6 6.8 
20764.1 28830.0 54.2 5.3 5.3 7.1 
24756.2 22841.0 51.1 4.6 4.9 7.1 

25789.3 32128.1 58.9 5.6 5.6 7.7 
22980.5 28474.9 76.9 6.0 7.2 6.6 
26697.9 28321.2 47.3 4.8 5.2 7.7 
22705.8 30325.4 53.7 5.2 6.1 7.7 
29961.7 22680.9 52.9 5.0 4.4 6.9 
24591.5 26628.7 54.4 5.4 6.1 8.1 

53506.5 52960.9 127.1 11.1 10.5 11.9 

24340.5 28858.3 57.4 4.5 5.0 6.8 
30037.3 24118.0 46.7 4.9 4.1 6.8 
27839.8 24643.7 56.2 5.0 4.4 7.1 
24175.2 20141.9 54.7 4.8 5.7 5.4 
26045.1 26122.2 53.1 5.3 5.0 6.7 
23471.4 20283.3 53.2 5.4 5.6 5.1 
23923.1 28084.9 56.4 5.3 5.1 7.0 
26370.0 19664.2 53.6 5.6 5.9 5.1 
21257.0 27055.6 52.3 4.1 5.4 6.7 
20839.6 26282.2 51.3 4.9 5.5 6.9 
23656.8 22752.5 56.7 4.4 5.8 5.4 

26002.2 27454.1 52.4 4.2 5.4 7.4 
22085.6 30895.4 52.6 4.5 6.0 7.2 
23895.8 29746.4 56.1 5.1 5.8 7.8 
22010.1 33443.2 55.5 4.9 5.8 7.4 
26077.8 28891.2 46.2 4.1 5.2 7.3 
26224.8 30712.7 71.1 4.6 5.4 5.5 

27963.8 31822.7 64.2 6.1 5.5 7.1 
25169.1 32698.1 57.7 4.9 5.6 7.2 
28726.0 29248.7 46.5 5.2 4.8 7.6 
25926.7 30002.0 55.3 4.6 5.1 7.6 
25584.9 30665.6 48.1 5.3 5.0 7.6 
28650.5 27811.6 52.8 5.3 5.0 7.7 
22010.1 33443.2 55.5 4.9 5.8 7.4 
26002.2 31439.0 49.1 4.5 4.9 7.5 

23356.9 21500.3 66.1 5.9 6.2 6.2 
23471.4 20283.3 53.2 5.4 5.6 5.1 
22653.2 21641.7 64.6 6.5 6.1 6.0 
24751.8 31924.6 56.8 5.7 5.7 7.4 
22635.8 21450.6 72.6 6.4 5.9 5.9 
36006.5 30932.4 57.1 5.3 5.5 8.3 

27000.7 25948.2 50.9 4.7 5.9 7.8 
23356.9 21500.3 66.1 5.9 6.2 6.2 
25851.7 22274.8 55.6 5.2 6.0 5.1 
23339.5 21309.2 74.0 5.9 6.0 6.1 
24175.2 20141.9 54.6 4.8 5.7 5.4 
22838.5 24110.9 68.1 5.5 6.2 6.2 
22653.2 21641.7 64.6 6.5 6.1 6.0 
26370.0 19664.2 53.6 5.6 5.9 5.1 
23656.8 22752.5 56.7 4.4 5.7 5.4 

23356.9 21500.3 66.1 5.9 6.2 6.2 
25525.7 19287.3 52.2 5.2 5.8 7.3 
24847.3 20622.7 48.6 5.1 5.4 7.1 
24175.2 20141.9 54.7 4.8 5.7 5.4 
23640.0 22984.1 51.6 5.0 5.8 6.9 
23142.7 23358.8 52.9 4.3 5.4 7.1 
23656.8 22752.5 56.7 4.4 5.8 5.4 
20839.6 26282.2 51.3 4.9 5.5 6.9 
22725.3 22585.4 51.9 5.1 5.5 7.3 
23656.8 22752.5 56.7 4.4 5.7 5.4 
23905.2 27413.1 52.6 5.2 5.0 7.0 
27556.6 19542.9 51.4 4.7 5.1 7.0 

25584.9 26680.7 51.4 5.0 5.5 7.5 
23790.2 28159.2 48.2 5.3 6.0 7.1 
22085.6 30895.4 52.6 4.5 6.0 7.2 
28385.2 23382.6 51.7 5.1 5.7 7.5 
24468.6 26823.9 51.9 5.4 6.4 7.3 
23656.8 22752.5 56.7 4.4 5.7 5.4 
21668.3 30122.0 51.6 5.3 6.1 7.4 

29242.4 24356.0 67.7 5.3 5.5 5.6 
29961.7 22680.9 52.9 5.0 4.4 6.9 
26045.1 26122.2 53.1 5.3 5.0 6.7 
30640.1 21345.6 56.5 5.1 4.7 7.1 
21257.0 27055.6 52.3 4.1 5.4 6.7 
24831.8 24278.0 44.8 4.5 4.7 7.0 
20839.6 26282.2 51.3 4.9 5.5 6.9 
28233.7 21064.7 63.3 5.1 6.0 5.9 
24756.2 22841.0 51.1 4.6 4.9 7.1 
27556.6 19542.9 51.4 4.7 5.1 7.0 
25216.1 27421.4 66.6 4.4 5.9 5.9 
23640.0 22984.1 51.6 5.0 5.8 6.9 
26953.7 22315.3 41.5 4.5 4.6 6.7 
22961.6 24319.5 47.9 4.9 5.4 6.7 

23530.5 28252.5 60.2 4.3 4.6 6.4 
20029.6 25676.4 54.1 4.7 5.1 6.5 
27522.7 26248.3 53.8 3.9 3.7 6.5 
27105.3 25474.9 52.8 4.7 3.8 6.7 
27530.0 21206.1 61.8 5.6 5.9 5.7 
22961.6 24319.5 47.9 4.9 5.4 6.7 
20447.0 26449.8 55.0 3.9 5.0 6.3 
23512.6 27580.7 56.4 4.3 4.5 6.5 
21257.0 27055.6 52.3 4.1 5.4 6.7 
20839.6 26282.2 51.3 4.9 5.5 6.9 
25235.1 25516.4 55.9 5.1 4.6 6.3 
30715.6 22782.6 50.3 5.0 4.5 7.0 

24340.5 28858.3 57.4 4.5 5.0 6.8 
27915.3 26080.7 50.0 4.9 4.2 7.0 
29961.7 22680.9 52.9 5.0 4.4 6.9 
26045.1 26122.2 53.1 5.3 5.0 6.7 
22961.6 24319.5 47.9 4.9 5.4 6.7 
28332.6 26854.1 51.0 4.1 4.1 6.9 
24831.8 24278.0 44.8 4.5 4.7 7.0 
20839.6 26282.2 51.3 4.9 5.5 6.9 

27915.3 26080.7 50.0 4.9 4.2 7.0 
27839.8 24643.7 56.2 5.0 4.4 7.1 
26045.1 26122.2 53.1 5.3 5.0 6.7 
24106.4 24599.7 50.8 4.5 4.7 7.0 
20839.6 26282.2 51.3 4.9 5.5 6.9 
23656.8 22752.5 56.7 4.4 5.7 5.4 
24756.2 22841.0 51.1 4.6 4.9 7.1 
20531.6 27377.3 58.2 4.1 5.4 6.7 
28724.0 26966.5 69.8 4.8 5.6 5.5 
22961.6 24319.5 47.9 4.9 5.4 6.7 
23923.1 28084.9 56.4 5.3 5.1 7.0 
24030.8 23162.6 57.1 4.6 4.9 7.1 
20114.2 26603.8 57.2 4.9 5.5 6.9 
22236.2 24641.1 53.9 4.8 5.4 6.7 
22725.3 22585.4 51.9 5.1 5.5 7.3 

26002.2 27454.1 52.4 4.2 5.4 7.4 
25584.9 26680.7 51.4 5.0 5.5 7.5 
22085.6 30895.4 52.6 4.5 6.0 7.2 
27051.2 34492.9 62.0 5.5 5.9 7.7 
28650.5 27811.6 52.8 5.3 5.0 7.7 
27977.8 31357.8 54.2 4.8 5.5 7.6 
27706.9 24718.0 48.0 5.0 5.4 7.3 

23356.9 21500.3 66.1 5.9 6.2 6.2 
24798.8 26648.0 65.6 5.2 6.0 6.1 
22838.5 24110.9 68.1 5.5 6.2 6.2 
25317.2 24037.4 63.5 5.7 5.9 6.1 

26878.2 20878.3 47.7 4.6 4.8 6.8 
27839.8 24643.7 56.2 5.0 4.4 7.1 
29961.7 22680.9 52.9 5.0 4.4 6.9 
22961.6 24319.5 47.9 4.9 5.4 6.7 
25173.6 23614.4 52.1 3.8 4.8 6.9 
21257.0 27055.6 52.3 4.1 5.4 6.7 
20839.6 26282.2 51.3 4.9 5.5 6.9 
28233.7 21064.7 63.3 5.1 6.0 5.9 
24756.2 22841.0 51.1 4.6 4.9 7.1 

28239.2 24745.3 53.4 4.1 4.3 7.0 
26878.2 20878.3 47.7 4.6 4.8 6.8 
29961.7 22680.9 52.9 5.0 4.4 6.9 
25851.7 22274.8 55.6 5.2 6.0 5.1 
30640.1 21345.6 56.5 5.1 4.7 7.1 
25173.6 23614.4 52.1 3.8 4.8 6.9 
24157.7 19950.8 62.6 4.8 5.5 5.3 
24756.2 22841.0 51.1 4.6 4.9 7.1 

26002.2 27454.1 52.4 4.2 5.4 7.4 
27715.4 23675.3 65.3 4.6 6.0 5.9 
30640.1 21345.6 56.5 5.1 4.7 7.1 
24468.6 26823.9 51.9 5.4 6.4 7.3 
21257.0 27055.6 52.3 4.1 5.4 6.7 
27011.6 23816.7 63.8 5.2 6.0 5.6 
28460.8 24819.7 45.5 5.0 5.5 7.4 
27706.9 24718.0 48.0 5.0 5.4 7.3 

29013.4 29165.5 57.8 4.7 5.4 7.7 
24175.2 20141.9 54.6 4.8 5.7 5.4 
18076.2 23329.5 58.1 5.8 5.9 5.4 
18594.6 20718.9 56.0 6.2 5.8 5.5 
22980.3 27553.5 51.0 5.1 5.6 6.7 
24866.0 23856.7 51.7 5.3 5.6 7.1 

29943.8 22009.2 49.1 4.9 4.3 7.0 
27915.3 26080.7 50.0 4.9 4.2 7.0 
27839.8 24643.7 56.2 5.0 4.4 7.1 
26027.2 25450.4 49.3 5.2 4.9 6.8 
24175.2 20141.9 54.7 4.8 5.7 5.4 
29961.7 22680.9 52.9 5.0 4.4 6.9 
22961.6 24319.5 47.9 4.9 5.4 6.7 
23923.1 28084.9 56.4 5.3 5.1 7.0 
21257.0 27055.6 52.3 4.1 5.4 6.7 
20839.6 26282.2 51.3 4.9 5.5 6.9 
23905.2 27413.1 52.6 5.2 5.0 7.0 
24756.2 22841.0 51.1 4.6 4.9 7.1 

28239.2 24745.3 53.4 4.1 4.3 7.0 
22886.0 26867.3 50.8 5.3 5.2 6.9 
28257.1 25417.1 57.2 4.2 4.3 7.0 
21181.4 29603.4 55.1 4.5 5.2 6.9 
25098.0 26162.2 54.9 4.2 4.5 7.1 
25173.6 27599.2 48.7 4.1 4.3 7.0 
23471.4 20283.3 53.2 5.4 5.6 5.1 
24157.7 19950.8 62.6 4.8 5.5 5.3 
20839.6 26282.2 51.3 4.9 5.5 6.9 
22725.3 22585.4 51.9 5.1 5.5 7.3 
23656.8 22752.5 56.7 4.4 5.7 5.4 
20764.1 28830.0 54.2 5.3 5.3 7.1 

28239.2 24745.3 53.4 4.1 4.3 7.0 
24340.5 28858.3 57.4 4.5 5.0 6.8 
24322.6 28186.5 53.6 4.4 4.9 6.9 
27839.8 24643.7 56.2 5.0 4.4 7.1 
21872.8 27920.7 54.1 5.3 5.2 6.8 
26370.0 19664.2 53.6 5.6 5.9 5.1 
20839.6 26282.2 51.3 4.9 5.5 6.9 
23656.8 22752.5 56.7 4.4 5.7 5.4 
20680.0 28265.2 54.7 5.3 4.9 6.6 
23905.2 27413.1 52.6 5.2 5.0 7.0 
24175.2 20141.9 54.7 4.8 5.7 5.4 
22961.6 24319.5 47.9 4.9 5.4 6.7 
28314.7 26182.3 47.2 4.0 4.1 6.9 

28257.1 25417.1 57.2 4.2 4.3 7.0 
27839.8 24643.7 56.2 5.0 4.4 7.1 
24175.2 20141.9 54.7 4.8 5.7 5.4 
26045.1 26122.2 53.1 5.3 5.0 6.7 
23454.0 20092.2 61.1 5.3 5.5 5.0 
23471.4 20283.3 53.2 5.4 5.6 5.1 
23923.1 28084.9 56.4 5.3 5.1 7.0 
25173.6 23614.4 52.1 3.8 4.8 6.9 
23656.8 22752.5 56.7 4.4 5.7 5.4 

25851.7 22274.8 55.6 5.2 6.0 5.1 
26370.0 19664.2 53.6 5.6 5.9 5.1 
23554.0 26425.2 52.3 5.5 6.1 7.8 
27378.7 22955.4 58.1 5.8 5.5 4.8 
23971.3 27198.6 53.2 4.7 6.0 7.6 
21668.3 30122.0 51.6 5.3 6.1 7.4 

35792.7 33276.5 82.2 6.8 7.6 8.1 
35274.3 35887.1 84.2 6.4 7.7 8.1 

32765.9 30424.3 55.0 5.9 5.1 7.6 
22134.8 24252.3 66.7 6.0 6.2 6.0 
27011.6 23816.7 63.8 5.2 6.0 5.6 
28773.8 32428.5 61.4 6.3 5.9 7.5 

19298.3 20577.5 57.5 5.7 5.9 5.7 
25183.8 23433.1 59.1 5.0 5.3 5.0 
24175.2 20141.9 54.7 4.8 5.7 5.4 
26045.1 26122.2 53.1 5.3 5.0 6.7 
25851.7 22274.8 55.6 5.2 6.0 5.1 
22961.6 24319.5 47.9 4.9 5.4 6.7 
24157.7 19950.8 62.6 4.8 5.5 5.3 
26370.0 19664.2 53.6 5.6 5.9 5.1 
27378.7 22955.4 58.1 5.8 5.5 4.8 
20839.6 26282.2 51.3 4.9 5.5 6.9 
25183.8 23433.1 59.1 5.0 5.2 5.0 

28493.4 38974.9 86.6 5.3 6.5 6.5 
27789.7 39116.3 85.1 5.9 6.5 6.3 
31706.3 35675.0 84.9 5.6 5.8 6.5 
35580.0 36450.6 83.7 4.8 6.9 7.7 
31401.4 32242.4 81.9 4.8 6.3 7.0 

23356.9 21500.3 66.1 5.9 6.2 6.2 
25183.8 23433.1 59.1 5.0 5.3 5.0 
24175.2 20141.9 54.7 4.8 5.7 5.4 
26352.6 19473.1 61.5 5.6 5.7 5.1 
25183.8 23433.1 59.1 5.0 5.2 5.0 

28239.2 24745.3 53.4 4.1 4.3 7.0 
27839.8 24643.7 56.2 5.0 4.4 7.1 
25173.6 23614.4 52.1 3.8 4.8 6.9 
24831.8 24278.0 44.8 4.5 4.7 7.0 
25249.1 25051.4 45.8 3.7 4.6 6.8 
27821.8 23971.9 52.4 4.9 4.4 7.2 
24756.2 22841.0 51.1 4.6 4.9 7.1 

23356.9 21500.3 66.1 5.9 6.2 6.2 
27530.0 21206.1 61.8 5.6 5.9 5.7 
24322.6 28186.5 53.6 4.4 4.9 6.9 
24175.2 20141.9 54.7 4.8 5.7 5.4 
23790.2 28159.2 48.2 5.3 6.0 7.1 
22134.8 24252.3 66.7 6.0 6.2 6.0 
22838.5 24110.9 68.1 5.5 6.2 6.2 
22653.2 21641.7 64.6 6.5 6.1 6.0 
24831.8 24278.0 44.8 4.5 4.7 7.0 
20839.6 26282.2 51.3 4.9 5.5 6.9 

30037.3 24118.0 46.7 4.9 4.1 6.8 
27915.3 26080.7 50.0 4.9 4.2 7.0 
26878.2 20878.3 47.7 4.6 4.8 6.8 
27839.8 24643.7 56.2 5.0 4.4 7.1 
26045.1 26122.2 53.1 5.3 5.0 6.7 
26953.7 22315.3 41.5 4.5 4.6 6.7 
22961.6 24319.5 47.9 4.9 5.4 6.7 
30019.3 23446.2 42.8 4.8 4.1 6.9 

23356.9 21500.3 66.1 5.9 6.2 6.2 
21705.8 21883.2 49.6 5.0 6.3 6.9 
25622.4 18442.0 49.4 4.8 5.6 7.1 
23714.1 22915.3 50.4 5.1 4.8 7.3 
24131.5 23688.8 51.4 4.3 4.7 7.2 
23789.7 24352.4 44.2 5.0 4.6 7.2 
19797.5 26356.6 50.6 5.4 5.4 7.2 
20214.9 27130.0 51.6 4.6 5.3 7.0 

30772.5 25848.9 49.4 5.3 4.9 7.4 
26855.8 29290.2 49.6 5.6 5.5 7.3 
32611.4 30239.4 63.6 4.9 5.1 8.5 
34802.8 30866.8 67.4 4.9 5.3 8.3 
27631.3 27265.8 50.9 5.4 5.1 7.5 

28351.3 30088.1 54.1 4.3 4.3 6.9 
24359.2 32092.3 60.5 4.7 5.2 6.9 
28333.4 29416.3 50.3 4.2 4.3 7.0 
22834.3 31194.2 60.0 4.9 6.3 7.3 
25192.3 26848.4 55.2 4.1 5.0 7.0 
23923.9 30647.1 55.7 5.4 5.2 7.1 
24733.9 31252.9 53.0 5.6 5.6 7.5 
24341.2 31420.5 56.7 4.6 5.1 6.9 
27916.1 28642.9 49.3 5.0 4.4 7.2 

27133.7 27484.1 51.8 4.6 5.4 7.6 
27209.2 28921.2 45.6 4.5 5.1 7.5 
24143.6 27790.3 44.2 4.2 5.6 7.3 
29143.4 30022.1 47.5 4.4 4.7 7.4 
22799.7 30151.9 51.0 5.7 6.1 7.6 
20151.5 29794.4 50.6 4.6 6.5 7.2 

28257.1 25417.1 57.2 4.2 4.3 7.0 
21181.4 29603.4 55.1 4.5 5.2 6.9 
24340.5 28858.3 57.4 4.5 5.0 6.8 
25098.0 26162.2 54.9 4.2 4.5 7.1 
27558.1 25047.0 52.5 4.6 5.3 7.7 
25173.6 27599.2 48.7 4.1 4.3 7.0 
28448.7 20718.2 52.7 5.1 4.6 7.2 
24756.2 26825.8 47.7 4.9 4.4 7.2 
22149.1 28230.9 53.6 4.6 4.9 6.9 
20764.1 28830.0 54.2 5.3 5.3 7.1 
24532.1 24159.4 52.9 5.4 5.2 7.0 

21181.4 29603.4 55.1 4.5 5.2 6.9 
25098.0 26162.2 54.9 4.2 4.5 7.1 
24175.2 20141.9 54.7 4.8 5.7 5.4 
29961.7 22680.9 52.9 5.0 4.4 6.9 
22961.6 24319.5 47.9 4.9 5.4 6.7 
23923.1 28084.9 56.4 5.3 5.1 7.0 
23471.4 20283.3 53.2 5.4 5.6 5.1 
21257.0 27055.6 52.3 4.1 5.4 6.7 
20839.6 26282.2 51.3 4.9 5.5 6.9 
20764.1 28830.0 54.2 5.3 5.3 7.1 
23905.2 27413.1 52.6 5.2 5.0 7.0 
24756.2 22841.0 51.1 4.6 4.9 7.1 

28257.1 25417.1 57.2 4.2 4.3 7.0 
24340.5 28858.3 57.4 4.5 5.0 6.8 
27915.3 26080.7 50.0 4.9 4.2 7.0 
27839.8 24643.7 56.2 5.0 4.4 7.1 
26045.1 26122.2 53.1 5.3 5.0 6.7 
19322.8 25954.7 50.3 4.2 5.9 6.8 
29961.7 22680.9 52.9 5.0 4.4 6.9 
20839.6 26282.2 51.3 4.9 5.5 6.9 
23656.8 22752.5 56.7 4.4 5.7 5.4 
23905.2 27413.1 52.6 5.2 5.0 7.0 
24756.2 22841.0 51.1 4.6 4.9 7.1 

28257.1 25417.1 57.2 4.2 4.3 7.0 
27839.8 24643.7 56.2 5.0 4.4 7.1 
23471.4 20283.3 53.2 5.4 5.6 5.1 
24831.8 24278.0 44.8 4.5 4.7 7.0 
20839.6 26282.2 51.3 4.9 5.5 6.9 
23905.2 27413.1 52.6 5.2 5.0 7.0 
24756.2 22841.0 51.1 4.6 4.9 7.1 
23356.9 21500.3 66.1 5.9 6.2 6.2 
24175.2 20141.9 54.7 4.8 5.7 5.4 
23454.0 20092.2 61.1 5.3 5.5 5.0 
22961.6 24319.5 47.9 4.9 5.4 6.7 
22953.1 22893.9 55.2 4.9 5.7 5.1 
28332.6 26854.1 51.0 4.1 4.1 6.9 
25249.1 25051.4 45.8 3.7 4.6 6.8 

28239.2 24745.3 53.4 4.1 4.3 7.0 
27915.3 26080.7 50.0 4.9 4.2 7.0 
24322.6 28186.5 53.6 4.4 4.9 6.9 
27839.8 24643.7 56.2 5.0 4.4 7.1 
26027.2 25450.4 49.3 5.2 4.9 6.8 
24831.8 24278.0 44.8 4.5 4.7 7.0 
20839.6 26282.2 51.3 4.9 5.5 6.9 
23905.2 27413.1 52.6 5.2 5.0 7.0 
24756.2 22841.0 51.1 4.6 4.9 7.1 
27556.6 19542.9 51.4 4.7 5.1 7.0 
24175.2 20141.9 54.7 4.8 5.7 5.4 
23640.0 22984.1 51.6 5.0 5.8 6.9 
23923.1 28084.9 56.4 5.3 5.1 7.0 
27821.8 23971.9 52.4 4.9 4.4 7.2 

37778.8 36098.1 92.5 7.3 7.3 7.4 
27119.2 36237.8 80.9 6.8 7.9 7.4 
36574.8 27604.2 75.6 7.2 7.4 7.4 
31554.2 30186.0 78.6 7.0 7.3 7.6 
27637.6 33627.2 78.8 7.3 7.9 7.4 
28054.9 34400.6 79.8 6.5 7.8 7.2 

24340.5 28858.3 57.4 4.5 5.0 6.8 
30037.3 24118.0 46.7 4.9 4.1 6.8 
27915.3 26080.7 50.0 4.9 4.2 7.0 
26953.7 22315.3 41.5 4.5 4.6 6.7 
24756.2 26825.8 47.7 4.9 4.4 7.2 
24831.8 24278.0 44.8 4.5 4.7 7.0 
20839.6 26282.2 51.3 4.9 5.5 6.9 
24756.2 22841.0 51.1 4.6 4.9 7.1 

18780.0 23188.1 59.5 5.2 5.9 5.7 
19298.3 20577.5 57.5 5.7 5.9 5.7 
28724.0 26966.5 69.8 4.8 5.6 5.5 
27839.8 24643.7 56.2 5.0 4.4 7.1 
24322.6 28186.5 53.6 4.4 4.9 6.9 
24175.2 20141.9 54.7 4.8 5.7 5.4 
25851.7 22274.8 55.6 5.2 6.0 5.1 
26370.0 19664.2 53.6 5.6 5.9 5.1 
22711.3 22887.6 66.4 6.3 5.7 5.8 
23656.8 22752.5 56.7 4.4 5.7 5.4 
23905.2 27413.1 52.6 5.2 5.0 7.0 
23415.0 22746.2 67.8 5.8 5.8 6.0 

24340.5 28858.3 57.4 4.5 5.0 6.8 
27839.8 24643.7 56.2 5.0 4.4 7.1 
24322.6 28186.5 53.6 4.4 4.9 6.9 
26027.2 25450.4 49.3 5.2 4.9 6.8 
26045.1 26122.2 53.1 5.3 5.0 6.7 
23471.4 20283.3 53.2 5.4 5.6 5.1 
22653.2 21641.7 64.6 6.5 6.1 6.0 
23905.2 27413.1 52.6 5.2 5.0 7.0 
27715.4 23675.3 65.3 4.6 6.0 5.9 
27897.4 25408.9 46.2 4.8 4.2 7.1 
22838.5 24110.9 68.1 5.5 6.2 6.2 
27821.8 23971.9 52.4 4.9 4.4 7.2 
28314.7 26182.3 47.2 4.0 4.1 6.9 

27915.3 26080.7 50.0 4.9 4.2 7.0 
26878.2 20878.3 47.7 4.6 4.8 6.8 
24175.2 20141.9 54.7 4.8 5.7 5.4 
22961.6 24319.5 47.9 4.9 5.4 6.7 
23471.4 20283.3 53.2 5.4 5.6 5.1 
24157.7 19950.8 62.6 4.8 5.5 5.3 
21257.0 27055.6 52.3 4.1 5.4 6.7 
20839.6 26282.2 51.3 4.9 5.5 6.9 
24756.2 22841.0 51.1 4.6 4.9 7.1 

28257.1 25417.1 57.2 4.2 4.3 7.0 
28239.2 24745.3 53.4 4.1 4.3 7.0 
24340.5 28858.3 57.4 4.5 5.0 6.8 
27839.8 24643.7 56.2 5.0 4.4 7.1 
28332.6 26854.1 51.0 4.1 4.1 6.9 
25173.6 23614.4 52.1 3.8 4.8 6.9 
21257.0 27055.6 52.3 4.1 5.4 6.7 
20839.6 26282.2 51.3 4.9 5.5 6.9 
23656.8 22752.5 56.7 4.4 5.8 5.4 
27821.8 23971.9 52.4 4.9 4.4 7.2 
24756.2 22841.0 51.1 4.6 4.9 7.1 

27069.2 35164.6 65.8 5.6 5.9 7.6 
27051.2 34492.9 62.0 5.5 5.9 7.7 
25690.3 30625.8 56.3 5.9 6.4 7.5 
23985.6 33362.0 60.6 5.2 6.4 7.5 
27977.8 31357.8 54.2 4.8 5.5 7.6 

28257.1 25417.1 57.2 4.2 4.3 7.0 
24340.5 28858.3 57.4 4.5 5.0 6.8 
27915.3 26080.7 50.0 4.9 4.2 7.0 
27839.8 24643.7 56.2 5.0 4.4 7.1 
24322.6 28186.5 53.6 4.4 4.9 6.9 
26045.1 26122.2 53.1 5.3 5.0 6.7 
25851.7 22274.8 55.6 5.2 6.0 5.1 
26370.0 19664.2 53.6 5.6 5.9 5.1 
20839.6 26282.2 51.3 4.9 5.5 6.9 
23905.2 27413.1 52.6 5.2 5.0 7.0 
24175.2 20141.9 54.7 4.8 5.7 5.4 
22961.6 24319.5 47.9 4.9 5.4 6.7 
23923.1 28084.9 56.4 5.3 5.1 7.0 

28257.1 25417.1 57.2 4.2 4.3 7.0 
27839.8 24643.7 56.2 5.0 4.4 7.1 
18779.9 23188.1 59.5 5.2 5.9 5.7 
25173.6 23614.4 52.1 3.8 4.8 6.9 
18594.6 20718.9 56.0 6.2 5.8 5.5 
23905.2 27413.1 52.6 5.2 5.0 7.0 

24680.7 25388.8 54.0 5.0 4.6 7.3 
27839.8 24643.7 56.2 5.0 4.4 7.1 
23339.5 21309.2 74.0 5.9 6.0 6.1 
21257.0 27055.6 52.3 4.1 5.4 6.7 
20839.6 26282.2 51.3 4.9 5.5 6.9 
24756.2 22841.0 51.1 4.6 4.9 7.1 
23356.9 21500.3 66.1 5.9 6.2 6.2 
24175.2 20141.9 54.7 4.8 5.7 5.4 
22961.6 24319.5 47.9 4.9 5.4 6.7 
24348.1 24600.4 78.5 6.0 5.6 5.8 
23923.1 28084.9 56.4 5.3 5.1 7.0 
23656.8 22752.5 56.7 4.4 5.8 5.4 
20764.1 28830.0 54.2 5.3 5.3 7.1 

21668.3 30122.0 51.6 5.3 6.1 7.4 

24340.5 28858.3 57.4 4.5 5.0 6.8 
30037.3 24118.0 46.7 4.9 4.1 6.8 
27915.3 26080.7 50.0 4.9 4.2 7.0 
26045.1 26122.2 53.1 5.3 5.0 6.7 
22653.2 21641.7 64.6 6.5 6.1 6.0 
21257.0 27055.6 52.3 4.1 5.4 6.7 
24831.8 24278.0 44.8 4.5 4.7 7.0 
20839.6 26282.2 51.3 4.9 5.5 6.9 
30715.6 22782.6 50.3 5.0 4.5 7.0 
23905.2 27413.1 52.6 5.2 5.0 7.0 
24756.2 22841.0 51.1 4.6 4.9 7.1 
23356.9 21500.3 66.1 5.9 6.2 6.2 
22961.6 24319.5 47.9 4.9 5.4 6.7 
30019.3 23446.2 42.8 4.8 4.1 6.9 
25249.1 25051.4 45.8 3.7 4.6 6.8 
20764.1 28830.0 54.2 5.3 5.3 7.1 

23356.9 21500.3 66.1 5.9 6.2 6.2 
28257.1 25417.1 57.2 4.2 4.3 7.0 
24340.5 28858.3 57.4 4.5 5.0 6.8 
24322.6 28186.5 53.6 4.4 4.9 6.9 
26027.2 25450.4 49.3 5.2 4.9 6.8 
23923.1 28084.9 56.4 5.3 5.1 7.0 
22653.2 21641.7 64.6 6.5 6.1 6.0 
27821.8 23971.9 52.4 4.9 4.4 7.2 
23905.2 27413.1 52.6 5.2 5.0 7.0 
25790.9 23716.3 53.3 5.4 5.0 7.5 

28257.1 25417.1 57.2 4.2 4.3 7.0 
26878.2 20878.3 47.7 4.6 4.8 6.8 
29961.7 22680.9 52.9 5.0 4.4 6.9 
23471.4 20283.3 53.2 5.4 5.6 5.1 
25173.6 23614.4 52.1 3.8 4.8 6.9 
24831.8 24278.0 44.8 4.5 4.7 7.0 
20839.6 26282.2 51.3 4.9 5.5 6.9 
23905.2 27413.1 52.6 5.2 5.0 7.0 
24756.2 22841.0 51.1 4.6 4.9 7.1 
23356.9 21500.3 66.1 5.9 6.2 6.2 
23640.0 22984.1 51.6 5.0 5.8 6.9 
24175.2 20141.9 54.7 4.8 5.7 5.4 
22961.6 24319.5 47.9 4.9 5.4 6.7 
22838.5 24110.9 68.1 5.5 6.2 6.2 
25249.1 25051.4 45.8 3.7 4.6 6.8 

24340.5 28858.3 57.4 4.5 5.0 6.8 
24847.3 20622.7 48.6 5.1 5.4 7.1 
30037.3 24118.0 46.7 4.9 4.1 6.8 
26045.1 26122.2 53.1 5.3 5.0 6.7 
29961.7 22680.9 52.9 5.0 4.4 6.9 
21257.0 27055.6 52.3 4.1 5.4 6.7 
26370.0 19664.2 53.6 5.6 5.9 5.1 
20839.6 26282.2 51.3 4.9 5.5 6.9 
24175.2 20141.9 54.7 4.8 5.7 5.4 
22961.6 24319.5 47.9 4.9 5.4 6.7 
23454.0 20092.2 61.1 5.3 5.5 5.0 
24157.7 19950.8 62.6 4.8 5.5 5.3 
25660.4 28117.8 45.2 4.9 5.3 7.4 

28726.0 29248.7 46.5 5.2 4.8 7.6 
29242.4 24355.9 67.7 5.3 5.5 5.6 
30848.0 27286.0 43.2 5.2 4.7 7.3 
28233.7 21064.7 63.3 5.1 6.0 5.9 
27821.8 23971.9 52.4 4.9 4.4 7.2 
27011.6 23816.7 63.8 5.2 6.0 5.6 
21668.3 30122.0 51.6 5.3 6.1 7.4 
25151.2 32026.3 53.9 4.8 5.5 7.3 

21181.4 29603.4 55.1 4.5 5.2 6.9 
24175.2 20141.9 54.7 4.8 5.7 5.4 
22961.6 24319.5 47.9 4.9 5.4 6.7 
23471.4 20283.3 53.2 5.4 5.6 5.1 
22838.5 24110.9 68.1 5.5 6.2 6.2 
20764.1 28830.0 54.2 5.3 5.3 7.1 
23905.2 27413.1 52.6 5.2 5.0 7.0 

22085.6 30895.4 52.6 4.5 6.0 7.2 
26282.3 26689.9 48.7 4.1 4.3 6.7 
26077.8 28891.2 46.2 4.1 5.2 7.3 
23656.8 22752.5 56.7 4.4 5.7 5.4 
21668.3 30122.0 51.6 5.3 6.1 7.4 
27418.1 26721.7 51.8 3.9 5.8 7.7 

28257.1 25417.1 57.2 4.2 4.3 7.0 
24340.5 28858.3 57.4 4.5 5.0 6.8 
27915.3 26080.7 50.0 4.9 4.2 7.0 
27839.8 24643.7 56.2 5.0 4.4 7.1 
25851.7 22274.8 55.6 5.2 6.0 5.1 
25173.6 23614.4 52.1 3.8 4.8 6.9 
21257.0 27055.6 52.3 4.1 5.4 6.7 
24831.8 24278.0 44.8 4.5 4.7 7.0 
20839.6 26282.2 51.3 4.9 5.5 6.9 
23656.8 22752.5 56.7 4.4 5.7 5.4 
24756.2 22841.0 51.1 4.6 4.9 7.1 
23923.1 28084.9 56.4 5.3 5.1 7.0 
28332.6 26854.1 51.0 4.1 4.1 6.9 
23656.8 22752.5 56.7 4.4 5.8 5.4 
25249.1 25051.4 45.8 3.7 4.6 6.8 
27821.8 23971.9 52.4 4.9 4.4 7.2 

23356.9 21500.3 66.1 5.9 6.2 6.2 
27715.4 23675.3 65.3 4.6 6.0 5.9 
25173.6 23614.4 52.1 3.8 4.8 6.9 
29910.2 23197.6 64.2 5.4 6.3 5.7 
28233.7 21064.7 63.3 5.1 6.0 5.9 
25033.4 23633.2 67.0 6.3 6.4 6.0 
27011.6 23816.7 63.8 5.2 6.0 5.6 

24340.5 28858.3 57.4 4.5 5.0 6.8 
27915.3 26080.7 50.0 4.9 4.2 7.0 
27839.8 24643.7 56.2 5.0 4.4 7.1 
24175.2 20141.9 54.7 4.8 5.7 5.4 
22961.6 24319.5 47.9 4.9 5.4 6.7 
22953.1 22893.9 55.2 4.9 5.7 5.1 
23923.1 28084.9 56.4 5.3 5.1 7.0 
22838.5 24110.9 68.1 5.5 6.2 6.2 
21257.0 27055.6 52.3 4.1 5.4 6.7 
23905.2 27413.1 52.6 5.2 5.0 7.0 

28239.2 24745.3 53.4 4.1 4.3 7.0 
24322.6 28186.5 53.6 4.4 4.9 6.9 
24175.2 20141.9 54.7 4.8 5.7 5.4 
25173.6 23614.4 52.1 3.8 4.8 6.9 
30640.1 21345.6 56.5 5.1 4.7 7.1 
21257.0 27055.6 52.3 4.1 5.4 6.7 
27821.8 23971.9 52.4 4.9 4.4 7.2 
22660.9 25839.3 49.9 5.3 4.5 6.7 
23905.2 27413.1 52.6 5.2 5.0 7.0 
24756.2 22841.0 51.1 4.6 4.9 7.1 

28257.1 25417.1 57.2 4.2 4.3 7.0 
23563.5 27170.3 48.4 4.9 4.1 7.0 
20371.4 28997.6 57.9 4.3 4.8 6.5 
24288.1 25556.4 57.7 4.0 4.1 6.7 
19571.3 29174.5 54.8 5.3 4.9 6.9 
23870.7 24783.0 56.7 4.8 4.2 6.9 
25173.6 23614.4 52.1 3.8 4.8 6.9 
22076.1 26261.5 53.6 5.1 4.8 6.5 
26647.0 24988.2 56.9 5.0 4.1 7.0 
28233.7 21064.7 63.3 5.1 6.0 5.9 
22754.4 24926.1 57.2 5.2 5.1 6.7 
23113.2 27479.1 59.2 5.1 4.7 6.6 
25992.7 22820.3 53.4 4.8 4.1 6.7 
20064.2 27400.1 52.9 4.1 5.1 6.5 
27029.8 24037.9 59.0 4.8 4.0 6.8 
23487.9 25733.3 54.6 5.0 4.3 7.1 

28257.1 25417.1 57.2 4.2 4.3 7.0 
27839.8 24643.7 56.2 5.0 4.4 7.1 
27715.4 23675.3 65.3 4.6 6.0 5.9 
23339.5 21309.2 74.0 5.9 6.0 6.1 
28216.3 20873.6 71.2 5.0 5.8 5.8 
28233.7 21064.7 63.3 5.1 6.0 5.9 

28257.1 25417.1 57.2 4.2 4.3 7.0 
24340.5 28858.3 57.4 4.5 5.0 6.8 
27530.0 21206.1 61.8 5.6 5.9 5.7 
24322.6 28186.5 53.6 4.4 4.9 6.9 
23522.5 21657.0 62.8 6.4 6.5 5.9 
28332.6 26854.1 51.0 4.1 4.1 6.9 
21257.0 27055.6 52.3 4.1 5.4 6.7 
20839.6 26282.2 51.3 4.9 5.5 6.9 
23905.2 27413.1 52.6 5.2 5.0 7.0 

27911.4 22516.8 50.5 5.0 4.5 6.7 
27056.5 31110.1 53.0 4.7 5.4 7.3 
20839.6 26282.2 51.3 4.9 5.5 6.9 
23994.8 25958.0 50.7 5.3 5.1 6.5 
30715.6 22782.6 50.3 5.0 4.5 7.0 
20858.3 29516.2 54.4 5.1 5.7 7.0 
27556.6 19542.9 51.4 4.7 5.1 7.0 
25192.3 26848.4 55.2 4.1 5.0 7.0 
28665.3 22618.4 48.0 5.0 4.6 6.8 
27110.9 30529.7 49.0 4.5 4.9 7.1 
23640.0 22984.1 51.6 5.0 5.8 6.9 
30697.7 22110.8 46.5 4.9 4.4 7.1 
24673.1 24622.6 54.4 5.4 5.5 6.7 

23356.9 21500.3 66.1 5.9 6.2 6.2 
24175.2 20141.9 54.7 4.8 5.7 5.4 
23454.0 20092.2 61.1 5.3 5.5 5.0 
22953.1 22893.9 55.2 4.9 5.7 5.1 
23471.4 20283.3 53.2 5.4 5.6 5.1 
23923.1 28084.9 56.4 5.3 5.1 7.0 
22838.5 24110.9 68.1 5.5 6.2 6.2 
26370.0 19664.2 53.6 5.6 5.9 5.1 
20839.6 26282.2 51.3 4.9 5.5 6.9 
23656.8 22752.5 56.7 4.4 5.7 5.4 
20764.1 28830.0 54.2 5.3 5.3 7.1 

24473.4 30216.9 71.8 5.4 6.1 6.6 
23769.7 30358.3 70.3 6.0 6.1 6.4 

26045.1 26122.2 53.1 5.3 5.0 6.7 
29961.7 22680.9 52.9 5.0 4.4 6.9 
22961.6 24319.5 47.9 4.9 5.4 6.7 
23498.9 25864.4 74.9 6.5 7.1 6.6 

23356.9 21500.3 66.1 5.9 6.2 6.2 
24322.6 28186.5 53.6 4.4 4.9 6.9 
27839.8 24643.7 56.2 5.0 4.4 7.1 
23339.5 21309.2 74.0 5.9 6.0 6.1 
27897.4 25408.9 46.2 4.8 4.2 7.1 
23923.1 28084.9 56.4 5.3 5.1 7.0 
23905.2 27413.1 52.6 5.2 5.0 7.0 
27821.8 23971.9 52.4 4.9 4.4 7.2 

26878.2 20878.3 47.7 4.6 4.8 6.8 
29961.7 22680.9 52.9 5.0 4.4 6.9 
26953.7 22315.3 41.5 4.5 4.6 6.7 
22961.6 24319.5 47.9 4.9 5.4 6.7 
27568.4 32108.5 87.0 6.3 6.8 7.0 
28986.7 30287.2 82.2 6.8 6.7 6.5 
31885.2 29668.1 82.6 7.1 7.0 6.5 
20839.6 26282.2 51.3 4.9 5.5 6.9 
24756.2 22841.0 51.1 4.6 4.9 7.1 

24340.5 28858.3 57.4 4.5 5.0 6.8 
27915.3 26080.7 50.0 4.9 4.2 7.0 
26953.7 22315.3 41.5 4.5 4.6 6.7 
22961.6 24319.5 47.9 4.9 5.4 6.7 
28332.6 26854.1 51.0 4.1 4.1 6.9 
21257.0 27055.6 52.3 4.1 5.4 6.7 
25249.1 25051.4 45.8 3.7 4.6 6.8 
20839.6 26282.2 51.3 4.9 5.5 6.9 
30715.6 22782.6 50.3 5.0 4.5 7.0 
24756.2 22841.0 51.1 4.6 4.9 7.1 

23356.9 21500.3 66.1 5.9 6.2 6.2 
24340.5 28858.3 57.4 4.5 5.0 6.8 
26878.2 20878.3 47.7 4.6 4.8 6.8 
29961.7 22680.9 52.9 5.0 4.4 6.9 
25173.6 23614.4 52.1 3.8 4.8 6.9 
20114.2 26603.8 57.2 4.9 5.5 6.9 
21257.0 27055.6 52.3 4.1 5.4 6.7 

22037.2 26097.7 51.3 4.8 6.5 7.7 
26002.2 27454.1 52.4 4.2 5.4 7.4 
24068.1 26353.2 50.4 4.3 5.9 7.4 
20151.5 29794.4 50.6 4.6 6.5 7.2 

25851.7 22274.8 55.6 5.2 6.0 5.1 
23640.0 22984.1 51.6 5.0 5.8 6.9 
22953.1 22893.9 55.2 4.9 5.7 5.1 
18779.9 23188.1 59.5 5.2 5.9 5.7 
18076.2 23329.5 58.1 5.8 5.9 5.4 
24157.7 19950.8 62.6 4.8 5.5 5.3 
26370.0 19664.2 53.6 5.6 5.9 5.1 
23656.8 22752.5 56.7 4.4 5.7 5.4 

23356.9 21500.3 66.1 5.9 6.2 6.2 
24340.5 28858.3 57.4 4.5 5.0 6.8 
27839.8 24643.7 56.2 5.0 4.4 7.1 
23923.1 28084.9 56.4 5.3 5.1 7.0 
23471.4 20283.3 53.2 5.4 5.6 5.1 
25173.6 23614.4 52.1 3.8 4.8 6.9 
20839.6 26282.2 51.3 4.9 5.5 6.9 
24756.2 22841.0 51.1 4.6 4.9 7.1 

23142.7 23358.8 52.9 4.3 5.4 7.1 
25173.6 23614.4 52.1 3.8 4.8 6.9 
21257.0 27055.6 52.3 4.1 5.4 6.7 
22725.3 22585.4 51.9 5.1 5.5 7.3 
21731.7 27457.5 52.6 5.4 5.0 7.1 
24756.2 22841.0 51.1 4.6 4.9 7.1 

24340.5 28858.3 57.4 4.5 5.0 6.8 
22060.6 24857.1 48.8 5.3 5.6 6.6 
25977.2 21415.8 48.6 5.0 5.0 6.8 
27911.4 22516.8 50.5 5.0 4.5 6.7 
24322.6 28186.5 53.6 4.4 4.9 6.9 
27110.9 30529.7 49.0 4.5 4.9 7.1 
27986.9 23953.8 44.3 4.9 4.3 6.6 
19938.6 26819.8 52.1 5.4 5.7 6.9 
23994.8 25958.0 50.7 5.3 5.1 6.5 
25176.8 29428.8 47.0 4.6 5.3 7.2 

28257.1 25417.1 57.2 4.2 4.3 7.0 
28239.2 24745.3 53.4 4.1 4.3 7.0 
21181.4 29603.4 55.1 4.5 5.2 6.9 
27839.8 24643.7 56.2 5.0 4.4 7.1 
24175.2 20141.9 54.7 4.8 5.7 5.4 
21257.0 27055.6 52.3 4.1 5.4 6.7 
20839.6 26282.2 51.3 4.9 5.5 6.9 
20764.1 28830.0 54.2 5.3 5.3 7.1 
23905.2 27413.1 52.6 5.2 5.0 7.0 

24340.5 28858.3 57.4 4.5 5.0 6.8 
27915.3 26080.7 50.0 4.9 4.2 7.0 
27839.8 24643.7 56.2 5.0 4.4 7.1 
26045.1 26122.2 53.1 5.3 5.0 6.7 
28332.7 26854.1 51.0 4.1 4.1 6.9 
23923.1 28084.9 56.4 5.3 5.1 7.0 
21257.0 27055.6 52.3 4.1 5.4 6.7 
20839.6 26282.2 51.3 4.9 5.5 6.9 
23905.2 27413.1 52.6 5.2 5.0 7.0 
24756.2 22841.0 51.1 4.6 4.9 7.1 

27839.8 24643.7 56.2 5.0 4.4 7.1 
24175.2 20141.9 54.6 4.8 5.7 5.4 
23923.1 28084.9 56.4 5.3 5.1 7.0 
24157.7 19950.8 62.6 4.8 5.5 5.3 
30640.1 21345.6 56.5 5.1 4.7 7.1 
25173.6 23614.4 52.1 3.8 4.8 6.9 
21257.0 27055.6 52.3 4.1 5.4 6.7 
20839.6 26282.2 51.3 4.9 5.5 6.9 
27839.8 24643.6 56.2 5.0 4.4 7.1 
24756.2 22841.0 51.1 4.6 4.9 7.1 

28257.1 25417.1 57.2 4.2 4.3 7.0 
24340.5 28858.3 57.4 4.5 5.0 6.8 
24680.7 25388.8 54.0 5.0 4.6 7.3 
25525.7 19287.3 52.2 5.2 5.8 7.3 
25098.0 26162.2 54.9 4.2 4.5 7.1 
27839.8 24643.7 56.2 5.0 4.4 7.1 
23640.0 22984.1 51.6 5.0 5.8 6.9 
23923.1 28084.9 56.4 5.3 5.1 7.0 
30640.1 21345.6 56.5 5.1 4.7 7.1 
21257.0 27055.6 52.3 4.1 5.4 6.7 
23564.4 25531.9 54.4 5.4 5.5 7.1 
27556.6 19542.9 51.4 4.7 5.1 7.0 

28257.1 25417.1 57.2 4.2 4.3 7.0 
24340.5 28858.3 57.4 4.5 5.0 6.8 
27915.3 26080.7 50.0 4.9 4.2 7.0 
27839.8 24643.7 56.2 5.0 4.4 7.1 
29961.7 22680.9 52.9 5.0 4.4 6.9 
28332.7 26854.1 51.0 4.1 4.1 6.9 
23923.1 28084.9 56.4 5.3 5.1 7.0 
22838.5 24110.9 68.1 5.5 6.2 6.2 
20839.6 26282.2 51.3 4.9 5.5 6.9 

23356.9 21500.3 66.1 5.9 6.2 6.2 
28257.1 25417.1 57.2 4.2 4.3 7.0 
21181.4 29603.4 55.1 4.5 5.2 6.9 
25098.0 26162.2 54.9 4.2 4.5 7.1 
22953.1 22893.9 55.2 4.9 5.7 5.1 
23471.4 20283.3 53.2 5.4 5.6 5.1 
20764.1 28830.0 54.2 5.3 5.3 7.1 

26716.3 26710.7 50.8 5.4 5.4 7.8 
27133.7 27484.1 51.8 4.6 5.4 7.6 
24068.1 26353.2 50.4 4.3 5.9 7.4 
26791.9 28147.8 44.6 5.3 5.2 7.7 
19734.1 29021.0 49.6 5.4 6.6 7.4 
24733.9 31252.9 53.0 5.6 5.6 7.5 
22799.7 30151.9 51.0 5.7 6.1 7.6 
20151.5 29794.4 50.6 4.6 6.5 7.2 
25151.2 32026.3 53.9 4.8 5.5 7.3 

28257.1 25417.1 57.2 4.2 4.3 7.0 
23356.9 21500.3 66.1 5.9 6.2 6.2 
24340.5 28858.3 57.4 4.5 5.0 6.8 
27839.8 24643.7 56.2 5.0 4.4 7.1 
24175.2 20141.9 54.7 4.8 5.7 5.4 
22953.1 22893.9 55.2 4.9 5.7 5.1 
30640.1 21345.6 56.5 5.1 4.7 7.1 
21257.0 27055.6 52.3 4.1 5.4 6.7 
23905.2 27413.1 52.6 5.2 5.0 7.0 
24756.2 22841.0 51.1 4.6 4.9 7.1 

23356.9 21500.3 66.1 5.9 6.2 6.2 
22838.5 24110.9 68.1 5.5 6.2 6.2 
24157.7 19950.8 62.6 4.8 5.5 5.3 
22653.2 21641.7 64.6 6.5 6.1 6.0 
26370.0 19664.2 53.6 5.6 5.9 5.1 
26352.6 19473.1 61.5 5.6 5.7 5.1 
20839.6 26282.2 51.3 4.9 5.5 6.9 
23905.2 27413.1 52.6 5.2 5.0 7.0 

26878.2 20878.3 47.7 4.6 4.8 6.8 
30037.3 24118.0 46.7 4.9 4.1 6.8 
27915.3 26080.7 50.0 4.9 4.2 7.0 
27530.0 21206.1 61.8 5.6 5.9 5.7 
28332.7 26854.1 51.0 4.1 4.1 6.9 
30640.1 21345.6 56.5 5.1 4.7 7.1 
20839.6 26282.2 51.3 4.9 5.5 6.9 
23905.2 27413.1 52.6 5.2 5.0 7.0 
24756.2 22841.0 51.1 4.6 4.9 7.1 
23356.9 21500.3 66.1 5.9 6.2 6.2 
22961.6 24319.5 47.9 4.9 5.4 6.7 
23923.1 28084.9 56.4 5.3 5.1 7.0 
22838.5 24110.9 68.1 5.5 6.2 6.2 
23656.8 22752.5 56.7 4.4 5.8 5.4 

28257.1 25417.1 57.2 4.2 4.3 7.0 
24340.5 28858.3 57.4 4.5 5.0 6.8 
23923.2 28084.9 56.4 5.3 5.1 7.0 
24175.2 20141.9 54.7 4.8 5.7 5.4 
23471.4 20283.3 53.2 5.4 5.6 5.1 
21257.0 27055.6 52.3 4.1 5.4 6.7 
20839.6 26282.2 51.3 4.9 5.5 6.9 

28257.1 25417.1 57.2 4.2 4.3 7.0 
24340.5 28858.3 57.4 4.5 5.0 6.8 
27915.3 26080.7 50.0 4.9 4.2 7.0 
28332.6 26854.1 51.0 4.1 4.1 6.9 
23923.1 28084.9 56.4 5.3 5.1 7.0 
21257.0 27055.6 52.3 4.1 5.4 6.7 
24831.8 24278.0 44.8 4.5 4.7 7.0 
20839.6 26282.2 51.3 4.9 5.5 6.9 
22725.3 22585.4 51.9 5.1 5.5 7.3 

24340.5 28858.3 57.4 4.5 5.0 6.8 
27915.3 26080.7 50.0 4.9 4.2 7.0 
30037.3 24118.0 46.7 4.9 4.1 6.8 
27839.8 24643.7 56.2 5.0 4.4 7.1 
29961.7 22680.9 52.9 5.0 4.4 6.9 
26045.1 26122.2 53.1 5.3 5.0 6.7 
24831.8 24278.0 44.8 4.5 4.7 7.0 
20839.6 26282.2 51.3 4.9 5.5 6.9 
23905.2 27413.1 52.6 5.2 5.0 7.0 
24756.2 22841.0 51.1 4.6 4.9 7.1 
23640.0 22984.1 51.6 5.0 5.8 6.9 
24175.2 20141.9 54.7 4.8 5.7 5.4 
28332.6 26854.1 51.0 4.1 4.1 6.9 
23923.1 28084.9 56.4 5.3 5.1 7.0 

24175.2 20141.9 54.7 4.8 5.7 5.4 
25173.6 23614.4 52.1 3.8 4.8 6.9 
26370.0 19664.2 53.6 5.6 5.9 5.1 
24831.8 24278.0 44.8 4.5 4.7 7.0 
20839.6 26282.2 51.3 4.9 5.5 6.9 
23656.8 22752.5 56.7 4.4 5.7 5.4 
22725.3 22585.4 51.9 5.1 5.5 7.3 
23905.2 27413.1 52.6 5.2 5.0 7.0 
24756.2 22841.0 51.1 4.6 4.9 7.1 

28257.1 25417.1 57.2 4.2 4.3 7.0 
24340.5 28858.3 57.4 4.5 5.0 6.8 
23923.1 28084.9 56.4 5.3 5.1 7.0 
23471.4 20283.3 53.2 5.4 5.6 5.1 
21257.0 27055.6 52.3 4.1 5.4 6.7 
20839.6 26282.2 51.3 4.9 5.5 6.9 
20764.1 28830.0 54.2 5.3 5.3 7.1 
23905.2 27413.1 52.6 5.2 5.0 7.0 

31809.9 31474.0 52.7 5.4 5.7 8.2 
29573.0 32746.1 47.2 5.6 5.5 8.1 

34777.2 32697.0 90.8 6.8 7.0 7.5 
26002.2 27454.1 52.4 4.2 5.4 7.4 
23910.1 35909.8 63.5 5.6 6.1 7.7 
27902.2 33905.6 57.1 5.2 5.3 7.8 
29399.4 35934.3 87.8 7.2 7.4 7.9 
34794.6 32888.1 82.9 6.8 7.2 7.6 

30037.3 24118.0 46.7 4.9 4.1 6.8 
26878.2 20878.3 47.7 4.6 4.8 6.8 
26002.2 27454.1 52.4 4.2 5.4 7.4 
29961.7 22680.9 52.9 5.0 4.4 6.9 
27715.4 23675.3 65.3 4.6 6.0 5.9 
22961.6 24319.5 47.9 4.9 5.4 6.7 
29648.5 30198.3 44.3 5.2 5.7 7.9 
26620.9 23433.1 71.6 6.7 6.3 6.7 

30201.4 28971.1 63.0 4.3 5.5 8.0 
28645.5 31378.2 62.9 4.0 5.6 7.7 
33544.6 30680.5 56.2 5.7 6.5 8.8 
22116.8 26605.9 67.3 6.9 6.4 6.2 
32489.8 35642.8 57.5 5.4 6.2 9.0 
35202.7 34542.5 68.2 5.3 5.9 7.9 
29455.5 31984.0 60.1 4.2 6.0 8.0 

25917.2 23574.5 70.1 7.3 6.2 6.4 
27234.6 25367.1 53.6 6.1 6.7 8.0 
29265.5 25622.6 52.7 5.6 6.1 7.8 
32424.6 28862.4 51.6 5.8 5.5 7.7 
29341.1 27059.7 46.5 5.5 5.9 7.7 
31497.7 22997.5 68.8 5.9 6.1 6.4 

28239.2 24745.3 53.4 4.1 4.3 7.0 
27839.8 24643.7 56.2 5.0 4.4 7.1 
24322.6 28186.5 53.6 4.4 4.9 6.9 
27715.4 23675.3 65.3 4.6 6.0 5.9 
27821.8 23971.9 52.4 4.9 4.4 7.2 
23905.2 27413.1 52.6 5.2 5.0 7.0 

28257.1 25417.1 57.2 4.2 4.3 7.0 
26878.2 20878.3 47.7 4.6 4.8 6.8 
27839.8 24643.7 56.2 5.0 4.4 7.1 
29961.7 22680.9 52.9 5.0 4.4 6.9 
24175.2 20141.9 54.6 4.8 5.7 5.4 
20839.6 26282.2 51.3 4.9 5.5 6.9 
24756.2 22841.0 51.1 4.6 4.9 7.1 

37258.4 37397.6 86.3 8.3 7.9 9.8 
33489.1 36408.1 83.5 8.6 8.3 9.4 
32970.7 39018.7 85.5 8.1 8.4 9.4 
32479.4 43599.0 98.1 8.1 8.7 9.2 

27198.9 25519.5 53.2 5.2 5.0 7.7 
24175.2 20141.9 54.7 4.8 5.7 5.4 
25851.7 22274.8 55.6 5.2 6.0 5.1 
23454.0 20092.2 61.1 5.3 5.5 5.0 
24157.7 19950.8 62.6 4.8 5.5 5.3 
26370.0 19664.2 53.6 5.6 5.9 5.1 
26352.6 19473.1 61.5 5.6 5.7 5.1 

24340.5 28858.3 57.4 4.5 5.0 6.8 
27839.8 24643.7 56.2 5.0 4.4 7.1 
26045.1 26122.2 53.1 5.3 5.0 6.7 
26027.2 25450.4 49.3 5.2 4.9 6.8 
30640.1 21345.6 56.5 5.1 4.7 7.1 
23905.2 27413.1 52.6 5.2 5.0 7.0 
24756.2 22841.0 51.1 4.6 4.9 7.1 
24175.2 20141.9 54.7 4.8 5.7 5.4 
23640.0 22984.1 51.6 5.0 5.8 6.9 
26282.3 26689.9 48.7 4.1 4.3 6.7 
23923.1 28084.9 56.4 5.3 5.1 7.0 
24157.7 19950.8 62.6 4.8 5.5 5.3 
23656.8 22752.5 56.7 4.4 5.8 5.4 
27821.8 23971.9 52.4 4.9 4.4 7.2 

26451.1 22281.7 49.7 5.2 6.2 7.6 
25584.9 26680.7 51.4 5.0 5.5 7.5 
26855.8 29290.2 49.6 5.6 5.5 7.3 
26873.8 29961.9 53.4 5.7 5.6 7.2 
24068.1 26353.2 50.4 4.3 5.9 7.4 
30790.4 26520.7 53.2 5.4 5.0 7.4 
28650.5 27811.6 52.8 5.3 5.0 7.7 
26370.0 19664.2 53.6 5.6 5.9 5.1 
21668.3 30122.0 51.6 5.3 6.1 7.4 

25169.1 32698.1 57.7 4.9 5.6 7.2 
29161.3 30693.9 51.3 4.5 4.7 7.3 

26723.5 24786.8 56.7 5.4 5.3 6.9 
27361.2 22764.3 66.0 5.8 5.3 4.7 
24340.5 28858.3 57.4 4.5 5.0 6.8 
26878.2 20878.3 47.7 4.6 4.8 6.8 
29943.8 22009.2 49.1 4.9 4.3 7.0 
27839.8 24643.7 56.2 5.0 4.4 7.1 
29961.7 22680.9 52.9 5.0 4.4 6.9 
26045.1 26122.2 53.1 5.3 5.0 6.7 
23471.4 20283.3 53.2 5.4 5.6 5.1 
20839.6 26282.2 51.3 4.9 5.5 6.9 
23905.2 27413.1 52.6 5.2 5.0 7.0 
25166.4 23242.0 67.1 4.9 5.1 4.9 
24175.2 20141.9 54.7 4.8 5.7 5.4 
24157.7 19950.8 62.6 4.8 5.5 5.3 

23923.2 28084.9 56.4 5.3 5.1 7.0 
24340.5 28858.3 57.4 4.5 5.0 6.8 
24680.7 25388.8 54.0 5.0 4.6 7.3 
27839.8 24643.7 56.2 5.0 4.4 7.1 
26045.1 26122.2 53.1 5.3 5.0 6.7 
23339.5 21309.2 74.0 5.9 6.0 6.1 
30640.1 21345.6 56.5 5.1 4.7 7.1 
21257.0 27055.6 52.3 4.1 5.4 6.7 
20839.6 26282.2 51.3 4.9 5.5 6.9 
23905.2 27413.1 52.6 5.2 5.0 7.0 
24756.2 22841.0 51.1 4.6 4.9 7.1 
23356.9 21500.3 66.1 5.9 6.2 6.2 
21181.4 29603.4 55.1 4.5 5.2 6.9 

26878.2 20878.3 47.7 4.6 4.8 6.8 
27530.0 21206.1 61.8 5.6 5.9 5.7 
27839.8 24643.7 56.2 5.0 4.4 7.1 
29961.7 22680.9 52.9 5.0 4.4 6.9 
29242.4 24355.9 67.7 5.3 5.5 5.6 
21257.0 27055.6 52.3 4.1 5.4 6.7 
24756.2 22841.0 51.1 4.6 4.9 7.1 

28257.1 25417.1 57.2 4.2 4.3 7.0 
27915.3 26080.7 50.0 4.9 4.2 7.0 
22134.8 24252.3 66.7 6.0 6.2 6.0 
22838.5 24110.9 68.1 5.5 6.2 6.2 
22653.2 21641.7 64.6 6.5 6.1 6.0 
27011.6 23816.7 63.8 5.2 6.0 5.6 

23356.9 21500.3 66.1 5.9 6.2 6.2 
27915.3 26080.7 50.0 4.9 4.2 7.0 
26228.3 22636.9 47.5 4.4 4.6 6.7 
26906.7 21301.6 51.1 4.5 4.9 6.9 
20114.2 26603.8 57.2 4.9 5.5 6.9 
22838.5 24110.9 68.1 5.5 6.2 6.2 
24106.4 24599.7 50.8 4.5 4.7 7.0 
22653.2 21641.7 64.6 6.5 6.1 6.0 
24523.7 25373.1 51.8 3.7 4.6 6.8 
21668.3 30122.0 51.6 5.3 6.1 7.4 

23923.2 28084.9 56.4 5.3 5.1 7.0 
24340.5 28858.3 57.4 4.5 5.0 6.8 
27915.3 26080.7 50.0 4.9 4.2 7.0 
24322.6 28186.5 53.6 4.4 4.9 6.9 
20839.6 26282.2 51.3 4.9 5.5 6.9 
20764.1 28830.0 54.2 5.3 5.3 7.1 
23905.2 27413.1 52.6 5.2 5.0 7.0 
27821.8 23971.9 52.4 4.9 4.4 7.2 

26718.0 22025.0 66.7 6.1 5.6 5.5 
30584.2 33140.6 57.5 5.7 7.3 8.3 
34500.9 29699.4 57.3 5.4 6.6 8.5 
35879.8 34238.2 66.8 5.0 6.2 8.6 
27421.7 21883.6 68.1 5.6 5.7 5.7 

26878.2 20878.3 47.7 4.6 4.8 6.8 
29961.7 22680.9 52.9 5.0 4.4 6.9 
22961.6 24319.5 47.9 4.9 5.4 6.7 
22838.5 24110.9 68.1 5.5 6.2 6.2 
22653.2 21641.7 64.6 6.5 6.1 6.0 

24175.2 20141.9 54.7 4.8 5.7 5.4 
25851.7 22274.8 55.6 5.2 6.0 5.1 
23142.7 23358.8 52.9 4.3 5.4 7.1 
22953.1 22893.9 55.2 4.9 5.7 5.1 
23471.4 20283.3 53.2 5.4 5.6 5.1 
22134.8 24252.3 66.7 6.0 6.2 6.0 
22838.5 24110.9 68.1 5.5 6.2 6.2 
21257.0 27055.6 52.3 4.1 5.4 6.7 
20839.6 26282.2 51.3 4.9 5.5 6.9 
23656.8 22752.5 56.7 4.4 5.7 5.4 

26002.2 27454.1 52.4 4.2 5.4 7.4 
31902.4 29440.7 87.8 5.2 6.1 7.0 
29085.8 29256.8 57.6 4.6 4.9 7.4 

28233.7 21064.7 63.3 5.1 6.0 5.9 
25551.8 21022.6 65.0 6.7 6.4 6.0 
30428.6 20587.0 62.2 5.9 6.2 5.7 

24340.5 28858.3 57.4 4.5 5.0 6.8 
26629.1 24316.4 53.1 4.9 4.0 7.0 
22730.4 28429.4 57.1 5.3 4.7 6.8 
30037.3 24118.0 46.7 4.9 4.1 6.8 
27530.0 21206.1 61.8 5.6 5.9 5.7 
25173.6 27599.2 48.7 4.1 4.3 7.0 
22712.5 27757.6 53.3 5.2 4.7 6.9 
24852.4 26466.7 53.7 5.2 4.6 6.5 
23980.8 27943.8 49.4 4.1 4.0 6.8 
28769.0 23025.5 53.5 4.9 4.0 6.7 

28257.1 25417.1 57.2 4.2 4.3 7.0 
24340.5 28858.3 57.4 4.5 5.0 6.8 
27915.3 26080.7 50.0 4.9 4.2 7.0 
24322.6 28186.5 53.6 4.4 4.9 6.9 
27839.8 24643.7 56.2 5.0 4.4 7.1 
29961.7 22680.9 52.9 5.0 4.4 6.9 
26045.1 26122.2 53.1 5.3 5.0 6.7 
21872.8 27920.7 54.1 5.3 5.2 6.8 
23471.4 20283.3 53.2 5.4 5.6 5.1 
24756.2 22841.0 51.1 4.6 4.9 7.1 
27897.4 25408.9 46.2 4.8 4.2 7.1 
23758.5 24223.9 54.7 5.5 5.2 7.2 
22838.5 24110.9 68.1 5.5 6.2 6.2 
24157.7 19950.8 62.6 4.8 5.5 5.3 
22290.1 28694.1 55.1 4.5 5.1 6.6 

34927.4 37965.7 91.8 6.3 7.7 8.2 
39859.8 37561.5 82.9 6.7 8.6 10.7 
38934.9 37514.8 90.8 5.6 7.2 8.0 
39959.1 42122.5 83.9 6.7 8.1 10.2 
34927.4 37965.7 91.8 6.3 7.8 8.2 

22961.6 24319.5 47.9 4.9 5.4 6.7 
25173.6 23614.4 52.1 3.8 4.8 6.9 
21257.0 27055.6 52.3 4.1 5.4 6.7 
20839.6 26282.2 51.3 4.9 5.5 6.9 
25249.1 25051.4 45.8 3.7 4.6 6.8 
24756.2 22841.0 51.1 4.6 4.9 7.1 

59476.6 54225.6 145.7 12.7 11.8 13.3 

26723.5 24786.8 56.7 5.4 5.3 6.9 
24340.5 28858.3 57.4 4.5 5.0 6.8 
27915.3 26080.7 50.0 4.9 4.2 7.0 
30037.3 24118.0 46.7 4.9 4.1 6.8 
27839.8 24643.7 56.2 5.0 4.4 7.1 
26045.1 26122.2 53.1 5.3 5.0 6.7 
29961.7 22680.9 52.9 5.0 4.4 6.9 
21257.0 27055.6 52.3 4.1 5.4 6.7 
23656.8 22752.5 56.7 4.4 5.7 5.4 
24175.2 20141.9 54.7 4.8 5.7 5.4 
24756.2 26825.8 47.7 4.9 4.4 7.2 
23923.1 28084.9 56.4 5.3 5.1 7.0 
23656.8 22752.5 56.7 4.4 5.8 5.4 

25723.9 25453.3 46.2 4.9 4.1 7.2 
25648.3 24016.3 52.4 5.0 4.3 7.3 
24175.2 20141.9 54.7 4.8 5.7 5.4 
23923.1 28084.9 56.4 5.3 5.1 7.0 
20839.6 26282.2 51.3 4.9 5.5 6.9 
22149.1 28230.9 53.6 4.6 4.9 6.9 
21731.7 27457.5 52.6 5.4 5.0 7.1 

24397.9 28779.8 78.0 5.5 6.3 6.7 
24916.3 26169.2 76.0 6.0 6.3 6.8 
24898.8 25978.1 83.9 5.9 6.1 6.7 
25717.1 24619.7 72.5 4.8 5.6 5.8 
28216.3 20873.6 71.2 5.0 5.8 5.8 
30411.2 20395.9 70.1 5.8 6.0 5.6 
27912.0 24142.0 71.4 5.6 5.9 5.6 
25551.8 21022.6 65.0 6.7 6.4 6.0 
26620.9 23433.1 71.6 6.7 6.3 6.7 

26723.5 24786.8 56.7 5.4 5.3 6.9 
28257.1 25417.1 57.2 4.2 4.3 7.0 
27839.8 24643.7 56.2 5.0 4.4 7.1 
24175.2 20141.9 54.7 4.8 5.7 5.4 
23454.0 20092.2 61.1 5.3 5.5 5.0 
23923.1 28084.9 56.4 5.3 5.1 7.0 
24157.7 19950.8 62.6 4.8 5.5 5.3 
20839.6 26282.2 51.3 4.9 5.5 6.9 
30715.6 22782.6 50.3 5.0 4.5 7.0 

24175.2 20141.9 54.7 4.8 5.7 5.4 
22953.1 22893.9 55.2 4.9 5.7 5.1 
23471.4 20283.3 53.2 5.4 5.6 5.1 
23656.8 22752.5 56.7 4.4 5.7 5.4 

28297.4 25566.0 72.6 7.1 6.6 6.4 
32349.7 31189.6 63.1 5.4 5.1 7.9 
28815.8 22955.4 70.5 7.5 6.5 6.5 
29190.7 31934.7 60.8 5.4 5.3 8.0 

26878.2 20878.3 47.7 4.6 4.8 6.8 
30037.3 24118.0 46.7 4.9 4.1 6.8 
27915.3 26080.7 50.0 4.9 4.2 7.0 
29961.7 22680.9 52.9 5.0 4.4 6.9 
27715.4 23675.3 65.3 4.6 6.0 5.9 
22961.6 24319.5 47.9 4.9 5.4 6.7 
28332.6 26854.1 51.0 4.1 4.1 6.9 
23923.1 28084.9 56.4 5.3 5.1 7.0 
25173.6 23614.4 52.1 3.8 4.8 6.9 
24756.2 22841.0 51.1 4.6 4.9 7.1 

28257.1 25417.1 57.2 4.2 4.3 7.0 
29961.7 22680.9 52.9 5.0 4.4 6.9 
22134.8 24252.3 66.7 6.0 6.2 6.0 
21257.0 27055.6 52.3 4.1 5.4 6.7 
20839.6 26282.2 51.3 4.9 5.5 6.9 
23905.2 27413.1 52.6 5.2 5.0 7.0 
24756.2 22841.0 51.1 4.6 4.9 7.1 

25216.1 27421.4 66.6 4.4 5.9 5.9 
25173.6 23614.4 52.1 3.8 4.8 6.9 
21257.0 27055.6 52.3 4.1 5.4 6.7 

24340.5 28858.3 57.4 4.5 5.0 6.8 
24175.2 20141.9 54.7 4.8 5.7 5.4 
22953.1 22893.9 55.2 4.9 5.7 5.1 
23923.1 28084.9 56.4 5.3 5.1 7.0 
23471.4 20283.3 53.2 5.4 5.6 5.1 
22134.8 24252.3 66.7 6.0 6.2 6.0 
22653.2 21641.7 64.6 6.5 6.1 6.0 
23905.2 27413.1 52.6 5.2 5.0 7.0 

24340.5 28858.3 57.4 4.5 5.0 6.8 
27915.3 26080.7 50.0 4.9 4.2 7.0 
24175.2 20141.9 54.7 4.8 5.7 5.4 
23471.4 20283.3 53.2 5.4 5.6 5.1 
23923.1 28084.9 56.4 5.3 5.1 7.0 
20839.6 26282.2 51.3 4.9 5.5 6.9 
20764.1 28830.0 54.2 5.3 5.3 7.1 
23656.8 22752.5 56.7 4.4 5.7 5.4 

26675.6 31841.9 55.5 4.5 5.6 7.9 
24665.9 33288.8 56.4 4.9 5.8 8.2 
24016.0 31062.6 59.5 4.5 6.0 8.0 
25208.8 30718.1 58.9 4.5 6.4 8.2 
25950.2 32163.5 61.5 4.4 5.6 7.9 

28257.1 25417.1 57.2 4.2 4.3 7.0 
27839.8 24643.7 56.2 5.0 4.4 7.1 
27897.4 25408.9 46.2 4.8 4.2 7.1 
23923.1 28084.9 56.4 5.3 5.1 7.0 
30640.1 21345.6 56.5 5.1 4.7 7.1 
26370.0 19664.2 53.6 5.6 5.9 5.1 
23905.2 27413.1 52.6 5.2 5.0 7.0 
27821.8 23971.9 52.4 4.9 4.4 7.2 

24175.2 20141.9 54.7 4.8 5.7 5.4 
23471.4 20283.3 53.2 5.4 5.6 5.1 
26370.0 19664.2 53.6 5.6 5.9 5.1 
27378.7 22955.4 58.1 5.8 5.5 4.8 
32000.5 28180.1 54.2 4.9 5.0 7.9 

28239.2 24745.3 53.4 4.1 4.3 7.0 
28257.1 25417.1 57.2 4.2 4.3 7.0 
24340.5 28858.3 57.4 4.5 5.0 6.8 
24322.6 28186.5 53.6 4.4 4.9 6.9 
24831.8 24278.0 44.8 4.5 4.7 7.0 
23905.2 27413.1 52.6 5.2 5.0 7.0 

28257.1 25417.1 57.2 4.2 4.3 7.0 
24340.5 28858.3 57.4 4.5 5.0 6.8 
24175.2 20141.9 54.7 4.8 5.7 5.4 
23923.1 28084.9 56.4 5.3 5.1 7.0 
25173.6 23614.4 52.1 3.8 4.8 6.9 
21257.0 27055.6 52.3 4.1 5.4 6.7 
20839.6 26282.2 51.3 4.9 5.5 6.9 
20764.1 28830.0 54.2 5.3 5.3 7.1 

34338.7 32200.9 88.0 6.9 7.5 8.1 

27530.0 21206.1 61.8 5.6 5.9 5.7 
29961.7 22680.9 52.9 5.0 4.4 6.9 
26370.0 19664.2 53.6 5.6 5.9 5.1 
22653.2 21641.7 64.6 6.5 6.1 6.0 
21257.0 27055.6 52.3 4.1 5.4 6.7 
24831.8 24278.0 44.8 4.5 4.7 7.0 
20839.6 26282.2 51.3 4.9 5.5 6.9 
27011.6 23816.7 63.8 5.2 6.0 5.6 
24756.2 22841.0 51.1 4.6 4.9 7.1 
24175.2 20141.9 54.7 4.8 5.7 5.4 
22961.6 24319.5 47.9 4.9 5.4 6.7 
22838.5 24110.9 68.1 5.5 6.2 6.2 
20764.1 28830.0 54.2 5.3 5.3 7.1 

28257.1 25417.1 57.2 4.2 4.3 7.0 
27915.3 26080.7 50.0 4.9 4.2 7.0 
27530.0 21206.1 61.8 5.6 5.9 5.7 
29943.8 22009.2 49.1 4.9 4.3 7.0 
27839.8 24643.7 56.2 5.0 4.4 7.1 
23142.7 23358.8 52.9 4.3 5.4 7.1 
21257.0 27055.6 52.3 4.1 5.4 6.7 
22649.8 25133.2 54.8 5.5 5.3 7.5 
20839.6 26282.2 51.3 4.9 5.5 6.9 
24756.2 22841.0 51.1 4.6 4.9 7.1 
23356.9 21500.3 66.1 5.9 6.2 6.2 
23640.0 22984.1 51.6 5.0 5.8 6.9 
22725.3 22585.4 51.9 5.1 5.5 7.3 
20764.1 28830.0 54.2 5.3 5.3 7.1 
27821.8 23971.9 52.4 4.9 4.4 7.2 
25551.8 21022.6 65.0 6.7 6.4 6.0 

24340.5 28858.3 57.4 4.5 5.0 6.8 
27915.3 26080.7 50.0 4.9 4.2 7.0 
27839.8 24643.7 56.2 5.0 4.4 7.1 
26045.1 26122.2 53.1 5.3 5.0 6.7 
23339.5 21309.2 74.0 5.9 6.0 6.1 
30640.1 21345.6 56.5 5.1 4.7 7.1 
20839.6 26282.2 51.3 4.9 5.5 6.9 
23905.2 27413.1 52.6 5.2 5.0 7.0 
22635.8 21450.6 72.6 6.4 5.9 5.9 
24756.2 22841.0 51.1 4.6 4.9 7.1 
22961.6 24319.5 47.9 4.9 5.4 6.7 
23923.1 28084.9 56.4 5.3 5.1 7.0 
24157.7 19950.8 62.6 4.8 5.5 5.3 
27821.8 23971.9 52.4 4.9 4.4 7.2 

26878.2 20878.3 47.7 4.6 4.8 6.8 
28724.0 26966.5 69.8 4.8 5.6 5.5 
29961.7 22680.9 52.9 5.0 4.4 6.9 
26045.1 26122.2 53.1 5.3 5.0 6.7 
24175.2 20141.9 54.7 4.8 5.7 5.4 
22961.6 24319.5 47.9 4.9 5.4 6.7 
23923.1 28084.9 56.4 5.3 5.1 7.0 
24157.7 19950.8 62.6 4.8 5.5 5.3 
26370.0 19664.2 53.6 5.6 5.9 5.1 

30037.3 24118.0 46.7 4.9 4.1 6.8 
27839.8 24643.7 56.2 5.0 4.4 7.1 
26045.1 26122.2 53.1 5.3 5.0 6.7 
26370.0 19664.2 53.6 5.6 5.9 5.1 
21257.0 27055.6 52.3 4.1 5.4 6.7 
26352.6 19473.1 61.5 5.6 5.7 5.1 
20839.6 26282.2 51.3 4.9 5.5 6.9 
23356.9 21500.3 66.1 5.9 6.2 6.2 
24175.2 20141.9 54.7 4.8 5.7 5.4 
22961.6 24319.5 47.9 4.9 5.4 6.7 
23454.0 20092.2 61.1 5.3 5.5 5.0 
28332.6 26854.1 51.0 4.1 4.1 6.9 
23923.1 28084.9 56.4 5.3 5.1 7.0 
24157.7 19950.8 62.6 4.8 5.5 5.3 
25249.1 25051.4 45.8 3.7 4.6 6.8 

24340.5 28858.3 57.4 4.5 5.0 6.8 
26045.1 26122.2 53.1 5.3 5.0 6.7 
29242.4 24355.9 67.7 5.3 5.5 5.6 
30794.0 23138.9 67.3 6.4 6.1 6.1 
25173.6 23614.4 52.1 3.8 4.8 6.9 
21257.0 27055.6 52.3 4.1 5.4 6.7 
30411.2 20395.9 70.1 5.8 6.0 5.6 
28216.3 20873.6 71.2 5.0 5.8 5.8 
20839.6 26282.2 51.3 4.9 5.5 6.9 
24756.2 22841.0 51.1 4.6 4.9 7.1 

24847.3 20622.7 48.6 5.1 5.4 7.1 
22953.1 22893.9 55.2 4.9 5.7 5.1 
21257.0 27055.6 52.3 4.1 5.4 6.7 
20839.6 26282.2 51.3 4.9 5.5 6.9 
24756.2 22841.0 51.1 4.6 4.9 7.1 

27064.4 25761.6 57.8 4.2 4.0 6.8 
22730.4 28429.4 57.1 5.3 4.7 6.8 
19571.3 29174.5 54.8 5.3 4.9 6.9 
23129.8 28531.0 54.2 4.4 4.6 6.7 
23147.8 29202.8 58.1 4.5 4.6 6.6 
27139.9 27198.6 51.6 4.1 3.8 6.7 
20064.2 27400.1 52.9 4.1 5.1 6.5 

33721.7 32367.4 58.7 6.0 6.3 8.3 
31078.5 36110.8 63.4 5.8 6.2 8.8 
34291.1 31130.5 66.3 7.5 7.2 9.1 
27269.5 34629.8 64.2 5.3 6.6 8.8 

22085.6 30895.4 52.6 4.5 6.0 7.2 
22838.5 24110.9 68.1 5.5 6.2 6.2 
22134.8 24252.3 66.7 6.0 6.2 6.0 
23971.3 27198.6 53.2 4.7 6.0 7.6 
27011.6 23816.7 63.8 5.2 6.0 5.6 

29943.8 22009.2 49.1 4.9 4.3 7.0 
26045.1 26122.2 53.1 5.3 5.0 6.7 
29961.7 22680.9 52.9 5.0 4.4 6.9 
22961.6 24319.5 47.9 4.9 5.4 6.7 
23923.1 28084.9 56.4 5.3 5.1 7.0 
21257.0 27055.6 52.3 4.1 5.4 6.7 
20839.6 26282.2 51.3 4.9 5.5 6.9 
23905.2 27413.1 52.6 5.2 5.0 7.0 

27530.0 21206.1 61.8 5.6 5.9 5.7 
30790.4 26520.7 53.2 5.4 5.0 7.4 
27715.4 23675.3 65.3 4.6 6.0 5.9 
28233.7 21064.7 63.3 5.1 6.0 5.9 
27706.9 24718.0 48.0 5.0 5.4 7.3 

23640.0 22984.1 51.6 5.0 5.8 6.9 
25173.6 23614.4 52.1 3.8 4.8 6.9 
21257.0 27055.6 52.3 4.1 5.4 6.7 
24831.8 24278.0 44.8 4.5 4.7 7.0 
20839.6 26282.2 51.3 4.9 5.5 6.9 
25249.1 25051.4 45.8 3.7 4.6 6.8 

23142.7 23358.8 52.9 4.3 5.4 7.1 
25173.6 23614.4 52.1 3.8 4.8 6.9 
21257.0 27055.6 52.3 4.1 5.4 6.7 
20839.6 26282.2 51.3 4.9 5.5 6.9 
25249.1 25051.4 45.8 3.7 4.6 6.8 
24756.2 22841.0 51.1 4.6 4.9 7.1 

23356.9 21500.3 66.1 5.9 6.2 6.2 
26002.2 27454.1 52.4 4.2 5.4 7.4 
25584.9 26680.7 51.4 5.0 5.5 7.5 
23923.1 28084.9 56.4 5.3 5.1 7.0 
22838.5 24110.9 68.1 5.5 6.2 6.2 
22134.8 24252.3 66.7 6.0 6.2 6.0 
23905.2 27413.1 52.6 5.2 5.0 7.0 
25660.4 28117.8 45.2 4.9 5.3 7.4 

28257.1 25417.1 57.2 4.2 4.3 7.0 
24340.5 28858.3 57.4 4.5 5.0 6.8 
21257.0 27055.6 52.3 4.1 5.4 6.7 
26370.0 19664.2 53.6 5.6 5.9 5.1 
21668.3 30122.0 51.6 5.3 6.1 7.4 

24021.8 23672.2 47.6 4.3 4.3 6.6 
26878.2 20878.3 47.7 4.6 4.8 6.8 
22961.6 24319.5 47.9 4.9 5.4 6.7 
25235.1 25516.4 55.9 5.1 4.6 6.3 
26068.2 20272.5 50.5 4.4 4.4 6.5 
22151.6 23713.7 50.7 4.7 5.0 6.3 

28257.1 25417.1 57.2 4.2 4.3 7.0 
24340.5 28858.3 57.4 4.5 5.0 6.8 
27915.3 26080.7 50.0 4.9 4.2 7.0 
27839.8 24643.7 56.2 5.0 4.4 7.1 
21257.0 27055.6 52.3 4.1 5.4 6.7 
20839.6 26282.2 51.3 4.9 5.5 6.9 
22725.3 22585.4 51.9 5.1 5.5 7.3 
23656.8 22752.5 56.7 4.4 5.7 5.4 
24756.2 22841.0 51.1 4.6 4.9 7.1 

27451.0 30724.0 53.9 5.3 6.0 8.3 
34500.9 29699.4 57.3 5.4 6.6 8.5 
30794.0 23138.9 67.3 6.4 6.1 6.1 
27868.4 31497.4 54.9 4.5 5.9 8.1 
33929.3 30328.3 78.5 6.8 5.8 6.4 
29052.5 30763.9 81.3 7.6 6.0 6.8 

30772.5 25848.9 49.4 5.3 4.9 7.4 
24175.2 20141.9 54.7 4.8 5.7 5.4 
23790.2 28159.2 48.2 5.3 6.0 7.1 
25584.9 30665.6 48.1 5.3 5.0 7.6 
24157.7 19950.8 62.6 4.8 5.5 5.3 
24751.8 31924.6 56.8 5.7 5.7 7.4 
26370.0 19664.2 53.6 5.6 5.9 5.1 
23714.7 30707.1 51.1 5.7 5.8 7.3 
27706.9 24718.0 48.0 5.0 5.4 7.3 
25660.4 28117.8 45.2 4.9 5.3 7.4 
28668.4 28483.4 56.6 5.4 5.0 7.6 

28257.1 25417.1 57.2 4.2 4.3 7.0 
23356.9 21500.3 66.1 5.9 6.2 6.2 
27839.8 24643.7 56.2 5.0 4.4 7.1 
24175.2 20141.9 54.7 4.8 5.7 5.4 
23923.1 28084.9 56.4 5.3 5.1 7.0 
30640.1 21345.6 56.5 5.1 4.7 7.1 
25173.6 23614.4 52.1 3.8 4.8 6.9 
23905.2 27413.1 52.6 5.2 5.0 7.0 
27821.8 23971.9 52.4 4.9 4.4 7.2 
27011.6 23816.7 63.8 5.2 6.0 5.6 
24756.2 22841.0 51.1 4.6 4.9 7.1 

28257.1 25417.1 57.2 4.2 4.3 7.0 
24340.5 28858.3 57.4 4.5 5.0 6.8 
27915.3 26080.7 50.0 4.9 4.2 7.0 
18829.9 27729.1 52.2 5.4 5.7 7.2 
27839.8 24643.7 56.2 5.0 4.4 7.1 
21971.1 26312.2 50.6 5.3 5.5 7.1 
22746.5 24287.8 52.0 5.1 5.1 7.4 
21257.0 27055.6 52.3 4.1 5.4 6.7 
18905.5 25181.3 49.3 5.0 6.0 7.0 
20839.6 26282.2 51.3 4.9 5.5 6.9 
23656.8 22752.5 56.7 4.4 5.7 5.4 
23905.2 27413.1 52.6 5.2 5.0 7.0 
24175.2 20141.9 54.7 4.8 5.7 5.4 
23923.1 28084.9 56.4 5.3 5.1 7.0 
20764.1 28830.0 54.2 5.3 5.3 7.1 
22388.4 27085.6 51.6 4.5 5.4 6.9 

25734.5 24810.8 64.5 4.9 5.8 5.9 
27633.6 26484.1 46.3 4.5 5.1 7.6 
25717.1 24619.7 72.5 4.8 5.6 5.8 
24512.4 27562.8 65.1 5.0 5.8 5.6 
24831.8 24278.0 44.8 4.5 4.7 7.0 

26697.9 28321.2 47.3 4.8 5.2 7.7 
27715.4 23675.3 65.3 4.6 6.0 5.9 
30640.1 21345.6 56.5 5.1 4.7 7.1 
28216.3 20873.6 71.2 5.0 5.8 5.8 
30622.2 20673.8 52.7 5.0 4.6 7.2 
23905.2 27413.1 52.6 5.2 5.0 7.0 
27821.8 23971.9 52.4 4.9 4.4 7.2 
24756.2 22841.0 51.1 4.6 4.9 7.1 

23923.2 28084.9 56.4 5.3 5.1 7.0 
26953.7 22315.3 41.5 4.5 4.6 6.7 
22961.6 24319.5 47.9 4.9 5.4 6.7 
21257.0 27055.6 52.3 4.1 5.4 6.7 
24831.8 24278.0 44.8 4.5 4.7 7.0 
25249.1 25051.4 45.8 3.7 4.6 6.8 
20839.6 26282.2 51.3 4.9 5.5 6.9 

24771.8 23170.5 51.5 5.5 5.2 7.3 
24847.3 20622.7 48.6 5.1 5.4 7.1 
23142.7 23358.8 52.9 4.3 5.4 7.1 
22961.6 24319.5 47.9 4.9 5.4 6.7 
23471.4 20283.3 53.2 5.4 5.6 5.1 
29338.3 23748.0 41.9 5.2 5.1 7.5 
26370.0 19664.2 53.6 5.6 5.9 5.1 
22725.3 22585.4 51.9 5.1 5.5 7.3 
27930.8 22425.4 53.7 5.4 5.0 7.1 

27064.4 25761.6 57.8 4.2 4.0 6.8 
28239.2 24745.3 53.4 4.1 4.3 7.0 
28257.1 25417.1 57.2 4.2 4.3 7.0 
22730.4 28429.4 57.1 5.3 4.7 6.8 
24175.2 20141.9 54.7 4.8 5.7 5.4 
22712.5 27757.6 53.3 5.2 4.7 6.9 
25173.6 23614.4 52.1 3.8 4.8 6.9 
19646.9 26626.7 51.9 4.9 5.2 6.7 
23147.8 29202.8 58.1 4.5 4.6 6.6 
28769.0 23025.5 53.5 4.9 4.0 6.7 
24756.2 22841.0 51.1 4.6 4.9 7.1 

28257.1 25417.1 57.2 4.2 4.3 7.0 
29242.4 24356.0 67.7 5.3 5.5 5.6 
25098.0 26162.2 54.9 4.2 4.5 7.1 
29961.7 22680.9 52.9 5.0 4.4 6.9 
23339.5 21309.2 74.0 5.9 6.0 6.1 
30640.1 21345.6 56.5 5.1 4.7 7.1 
25173.6 23614.4 52.1 3.8 4.8 6.9 
21257.0 27055.6 52.3 4.1 5.4 6.7 
24831.8 24278.0 44.8 4.5 4.7 7.0 
20839.6 26282.2 51.3 4.9 5.5 6.9 
24756.2 22841.0 51.1 4.6 4.9 7.1 
23356.9 21500.3 66.1 5.9 6.2 6.2 
24175.2 20141.9 54.7 4.8 5.7 5.4 
25249.1 25051.4 45.8 3.7 4.6 6.8 

21181.4 29603.4 55.1 4.5 5.2 6.9 
24680.7 25388.8 54.0 5.0 4.6 7.3 
26878.2 20878.3 47.7 4.6 4.8 6.8 
27839.8 24643.7 56.2 5.0 4.4 7.1 
29961.7 22680.9 52.9 5.0 4.4 6.9 
23923.1 28084.9 56.4 5.3 5.1 7.0 
25173.6 23614.4 52.1 3.8 4.8 6.9 
21257.0 27055.6 52.3 4.1 5.4 6.7 
20839.6 26282.2 51.3 4.9 5.5 6.9 
24756.2 22841.0 51.1 4.6 4.9 7.1 

24340.5 28858.3 57.4 4.5 5.0 6.8 
27915.3 26080.7 50.0 4.9 4.2 7.0 
24322.6 28186.5 53.6 4.4 4.9 6.9 
27839.8 24643.7 56.2 5.0 4.4 7.1 
26045.1 26122.2 53.1 5.3 5.0 6.7 
29961.7 22680.9 52.9 5.0 4.4 6.9 
28332.7 26854.1 51.0 4.1 4.1 6.9 
21971.1 26312.2 50.6 5.3 5.5 7.1 
23471.4 20283.3 53.2 5.4 5.6 5.1 
18905.5 25181.3 49.3 5.0 6.0 7.0 
24831.8 24278.0 44.8 4.5 4.7 7.0 
20839.6 26282.2 51.3 4.9 5.5 6.9 
23905.2 27413.1 52.6 5.2 5.0 7.0 
28332.6 26854.1 51.0 4.1 4.1 6.9 
26323.0 24316.1 55.2 4.3 4.8 7.0 
20764.1 28830.0 54.2 5.3 5.3 7.1 

33904.3 27991.7 66.9 7.2 6.7 9.1 
24103.8 32928.3 61.6 7.1 7.5 8.9 
33886.9 27800.6 74.8 7.1 6.5 9.0 
24521.2 33701.8 62.6 6.3 7.4 8.7 
31104.0 31289.8 66.6 7.1 6.4 9.1 
27187.4 34731.0 66.8 7.4 7.1 9.0 

26002.2 27454.1 52.4 4.2 5.4 7.4 
25584.9 26680.7 51.4 5.0 5.5 7.5 
29067.8 28585.1 53.7 4.5 4.9 7.5 
28385.2 23382.6 51.7 5.1 5.7 7.5 
22838.5 24110.9 68.1 5.5 6.2 6.2 
23656.8 22752.5 56.7 4.4 5.8 5.4 
29085.8 29256.8 57.6 4.6 4.9 7.4 

28257.1 25417.1 57.2 4.2 4.3 7.0 
24680.7 25388.8 54.0 5.0 4.6 7.3 
27839.8 24643.7 56.2 5.0 4.4 7.1 
29961.7 22680.9 52.9 5.0 4.4 6.9 
25173.6 23614.4 52.1 3.8 4.8 6.9 
20839.6 26282.2 51.3 4.9 5.5 6.9 
20764.1 28830.0 54.2 5.3 5.3 7.1 
24756.2 22841.0 51.1 4.6 4.9 7.1 
25183.8 23433.1 59.1 5.0 5.2 5.0 

29943.9 24287.3 56.4 5.7 6.5 8.0 
27560.9 28358.8 57.1 4.8 6.1 7.8 
31497.7 22997.5 68.8 5.9 6.1 6.4 
26102.5 26043.7 73.7 6.3 6.4 6.7 
27706.9 24718.0 48.0 5.0 5.4 7.3 

