28803.4 33695.4 40.8 5.2 5.3 6.3 
29455.5 32316.5 41.4 4.7 4.7 6.1 
32087.6 30403.9 37.2 5.5 5.3 6.4 

31676.0 30144.1 50.0 6.8 6.8 6.6 
33341.2 33023.6 44.3 4.9 4.5 6.5 
29475.5 31614.7 48.4 4.6 4.6 6.1 
30677.4 31041.2 54.5 5.1 5.6 6.1 
35195.2 31071.2 50.9 5.0 5.0 6.3 
32578.1 30767.2 47.9 5.7 7.0 6.2 

32533.2 29692.6 49.6 6.5 6.9 6.6 
33341.2 33023.6 44.3 4.9 4.5 6.5 
30307.7 30595.5 44.7 5.9 6.9 6.3 
29405.9 28143.1 43.1 6.7 6.6 6.2 
32689.1 34402.5 43.7 5.3 5.1 6.7 
28823.4 32993.6 47.8 5.0 5.2 6.4 

29475.5 31614.7 48.4 4.6 4.6 6.1 
29455.5 32316.5 41.4 4.7 4.7 6.1 
30690.7 31066.0 44.7 5.8 5.2 7.6 
35141.0 30847.8 38.7 6.0 5.3 7.8 
28823.4 32993.6 47.8 5.0 5.2 6.4 
29576.8 31041.6 38.5 6.4 5.0 7.1 

33341.2 33023.6 44.3 4.9 4.5 6.5 
30307.7 30595.5 44.7 5.9 6.9 6.3 
29459.3 32536.3 45.2 4.7 5.5 6.3 
29405.9 28143.1 43.1 6.7 6.6 6.2 
30111.4 31157.4 45.8 4.3 4.9 6.1 
29455.5 32316.5 41.4 4.7 4.7 6.1 
33435.0 32145.0 51.2 5.7 7.2 6.6 

28803.4 33695.4 40.8 5.2 5.3 6.3 
29405.9 28143.1 43.1 6.7 6.6 6.2 
29635.7 26209.2 44.2 6.3 6.5 5.4 
32689.1 34402.5 43.7 5.3 5.1 6.7 

32533.2 29692.6 49.6 6.5 6.9 6.6 
32107.5 29702.0 44.2 5.3 5.2 6.4 
32942.3 27827.5 45.2 5.2 5.5 6.4 
32087.6 30403.9 37.2 5.5 5.3 6.4 
35973.2 31110.9 40.1 5.6 5.2 6.8 
28823.4 32993.6 47.8 5.0 5.2 6.4 

29658.1 31119.1 48.8 4.9 5.4 6.4 
29654.3 30899.3 44.9 5.0 4.6 6.2 
30310.2 29740.2 49.3 4.5 4.9 6.2 

29635.7 26209.2 44.2 6.3 6.6 5.4 
30307.7 30595.5 44.7 5.9 6.9 6.3 
29405.9 28143.1 43.1 6.7 6.6 6.2 
29635.7 26209.2 44.2 6.3 6.5 5.4 
29002.2 32278.2 44.4 5.4 5.2 6.4 
29926.4 31577.1 45.4 5.4 5.3 5.9 

30307.7 30595.5 44.7 5.9 6.9 6.3 
29459.3 32536.3 45.2 4.7 5.5 6.3 
33341.2 33023.6 44.3 4.9 4.5 6.5 
29475.5 31614.7 48.4 4.6 4.6 6.1 
33941.6 28451.5 43.8 5.6 5.8 6.2 
32689.1 34402.5 43.7 5.3 5.1 6.7 
28823.4 32993.6 47.8 5.0 5.2 6.4 

24358.8 25099.5 28.8 4.6 4.0 6.0 
21522.9 24640.0 31.5 4.8 4.2 5.9 
29405.9 28143.1 43.1 6.7 6.6 6.2 

30307.7 30595.5 44.7 5.9 6.9 6.3 
31772.0 32705.3 46.4 4.6 5.7 6.6 
29405.9 28143.1 43.1 6.7 6.6 6.2 
29002.2 32278.2 44.4 5.4 5.2 6.4 
32689.1 34402.5 43.7 5.3 5.1 6.7 
28823.4 32993.6 47.8 5.0 5.2 6.4 

33341.2 33023.6 44.3 4.9 4.5 6.5 
29405.9 28143.1 43.1 6.7 6.6 6.2 
29475.5 31614.7 48.4 4.6 4.6 6.1 
32689.1 34402.5 43.7 5.3 5.1 6.7 

32533.2 29692.6 49.6 6.5 6.9 6.6 
34676.1 40837.8 43.4 5.6 6.1 7.0 
30307.7 30595.5 44.7 5.9 6.9 6.3 
29752.5 28326.0 39.7 5.5 5.4 7.9 
29405.9 28143.1 43.1 6.7 6.6 6.2 

33341.2 33023.6 44.3 4.9 4.5 6.5 
29405.9 28143.1 43.1 6.7 6.6 6.2 
30111.4 31157.4 45.8 4.3 4.9 6.1 
29455.5 32316.5 41.4 4.7 4.7 6.1 
35973.2 31110.9 40.1 5.6 5.2 6.8 

29635.7 26209.2 44.2 6.3 6.6 5.4 
33951.4 32137.5 43.9 6.0 6.9 6.4 
29405.9 28143.1 43.1 6.7 6.6 6.2 
32689.1 34402.5 43.7 5.3 5.1 6.7 
28823.4 32993.6 47.8 5.0 5.2 6.4 

33341.2 33023.6 44.3 4.9 4.5 6.5 
28887.4 26621.3 43.5 5.6 6.4 5.7 
29455.5 32316.5 41.4 4.7 4.7 6.1 
27985.6 24168.9 41.9 6.3 6.1 5.6 

33345.0 33243.3 48.1 4.8 5.3 6.7 
36629.1 29951.8 44.5 5.1 5.4 6.7 
29479.3 31834.5 52.3 4.5 5.4 6.3 
27985.6 24168.9 41.9 6.3 6.1 5.6 
28823.4 32993.6 47.8 5.0 5.2 6.4 

29635.7 26209.2 44.2 6.3 6.6 5.4 
33341.2 33023.6 44.3 4.9 4.5 6.5 
29405.9 28143.1 43.1 6.7 6.6 6.2 

30422.5 36252.4 45.6 5.8 5.7 7.0 
30875.8 36290.7 42.5 5.1 5.2 6.7 
30223.7 37669.6 42.0 5.5 5.8 6.9 
31056.0 30183.4 45.4 6.7 7.0 6.0 
31074.6 34873.5 46.1 5.3 5.1 6.8 

33648.3 40956.9 61.9 6.7 6.8 8.1 
40833.3 42808.7 49.6 8.3 7.9 9.9 
33339.1 44990.3 63.5 7.9 7.6 9.1 
38205.0 44941.2 57.6 7.5 8.0 9.8 
46692.1 40869.2 59.9 9.2 8.2 9.7 
42687.3 40856.3 56.2 8.4 8.3 9.6 

33997.1 31864.5 48.7 4.4 4.8 6.5 
29635.7 26209.2 44.2 6.3 6.6 5.4 
29459.3 32536.3 45.2 4.7 5.5 6.3 
30307.7 30595.5 44.7 5.9 6.9 6.3 
30111.4 31157.4 45.8 4.3 4.9 6.1 
29405.9 28143.1 43.1 6.7 6.6 6.2 
31309.6 30364.1 48.0 4.8 5.2 5.9 
29455.5 32316.5 41.4 4.7 4.7 6.1 
28823.4 32993.6 47.8 5.0 5.2 6.4 

32533.2 29692.6 49.6 6.5 6.9 6.6 
32689.1 34402.5 43.7 5.3 5.1 6.7 
35973.2 31110.9 40.1 5.6 5.2 6.8 
28823.4 32993.6 47.8 5.0 5.2 6.4 

33834.5 30513.0 48.1 5.8 5.5 6.3 
30307.7 30595.5 44.7 5.9 6.9 6.3 
30537.5 28661.6 45.7 5.6 6.9 5.5 
29405.9 28143.1 43.1 6.7 6.6 6.2 
30111.4 31157.4 45.8 4.3 4.9 6.1 
31328.3 33844.3 40.9 6.1 5.6 6.8 
30131.4 30455.6 52.8 4.1 4.8 6.1 
29479.3 31834.5 52.3 4.5 5.4 6.3 
28823.4 32993.6 47.8 5.0 5.2 6.4 

28803.4 33695.4 40.8 5.2 5.3 6.3 
33341.2 33023.6 44.3 4.9 4.5 6.5 
29459.3 32536.3 45.2 4.7 5.5 6.3 
30307.7 30595.5 44.7 5.9 6.9 6.3 
29405.9 28143.1 43.1 6.7 6.6 6.2 
31309.6 30364.1 48.0 4.8 5.2 5.9 
29475.5 31614.7 48.4 4.6 4.6 6.1 
34424.0 30090.8 49.3 5.1 6.2 6.9 
28823.4 32993.6 47.8 5.0 5.2 6.4 

28803.4 33695.4 40.8 5.2 5.3 6.3 
33997.1 31864.5 48.7 4.4 4.8 6.5 
29459.3 32536.3 45.2 4.7 5.5 6.3 
33341.2 33023.6 44.3 4.9 4.5 6.5 
29002.2 32278.2 44.4 5.4 5.2 6.4 
29475.5 31614.7 48.4 4.6 4.6 6.1 
29455.5 32316.5 41.4 4.7 4.7 6.1 
32087.6 30403.9 37.2 5.5 5.3 6.4 
28823.4 32993.6 47.8 5.0 5.2 6.4 

28803.4 33695.4 40.8 5.2 5.3 6.3 
33341.2 33023.6 44.3 4.9 4.5 6.5 
30537.5 28661.6 45.7 5.6 6.9 5.5 
29455.5 32316.5 41.4 4.7 4.7 6.1 
32087.6 30403.9 37.2 5.5 5.3 6.4 
35973.2 31110.9 40.1 5.6 5.2 6.8 

28803.4 33695.4 40.8 5.2 5.3 6.3 
33341.2 33023.6 44.3 4.9 4.5 6.5 
30111.4 31157.4 45.8 4.3 4.9 6.1 
31309.6 30364.1 48.0 4.8 5.2 5.9 
29654.3 30899.3 44.9 5.0 4.6 6.2 
29455.5 32316.5 41.4 4.7 4.7 6.1 
28823.4 32993.6 47.8 5.0 5.2 6.4 

33341.2 33023.6 44.3 4.9 4.5 6.5 
32689.1 34402.5 43.7 5.3 5.1 6.7 

32107.5 29702.0 44.2 5.3 5.2 6.4 
29459.3 32536.3 45.2 4.7 5.5 6.3 
29405.9 28143.1 43.1 6.7 6.6 6.2 
29475.5 31614.7 48.4 4.6 4.6 6.1 
30131.4 30455.6 52.8 4.1 4.8 6.1 
29479.3 31834.5 52.3 4.5 5.4 6.3 
32689.1 34402.5 43.7 5.3 5.1 6.7 
28823.4 32993.6 47.8 5.0 5.2 6.4 

30504.6 31129.6 44.0 6.0 5.5 7.4 
30307.7 30595.5 44.7 5.9 6.9 6.3 
31119.9 34084.2 45.9 5.0 6.2 6.8 
35086.3 30366.2 42.0 6.0 5.7 6.9 
32689.1 34402.5 43.7 5.3 5.1 6.7 
29576.8 31041.6 38.5 6.4 5.0 7.1 

35562.8 40721.7 59.6 5.9 6.9 7.9 
37133.3 35562.1 43.6 6.3 6.4 7.5 
38847.0 37430.1 56.0 6.2 7.0 8.0 

29635.7 26209.2 44.2 6.3 6.6 5.4 
30307.7 30595.5 44.7 5.9 6.9 6.3 
29405.9 28143.1 43.1 6.7 6.6 6.2 

28803.4 33695.4 40.8 5.2 5.3 6.3 
30111.4 31157.4 45.8 4.3 4.9 6.1 
29455.5 32316.5 41.4 4.7 4.7 6.1 
32087.6 30403.9 37.2 5.5 5.3 6.4 

33997.1 31864.5 48.7 4.4 4.8 6.5 
33341.2 33023.6 44.3 4.9 4.5 6.5 
34612.5 30552.7 37.3 6.4 5.7 6.8 
30111.4 31157.4 45.8 4.3 4.9 6.1 
29455.5 32316.5 41.4 4.7 4.7 6.1 

28803.4 33695.4 40.8 5.2 5.3 6.3 
29635.7 26209.2 44.2 6.3 6.6 5.4 
29635.7 26209.2 44.2 6.3 6.5 5.4 

33843.0 35118.8 42.3 4.8 5.2 6.6 

33341.2 33023.6 44.3 4.9 4.5 6.5 
29405.9 28143.1 43.1 6.7 6.6 6.2 
32689.1 34402.5 43.7 5.3 5.1 6.7 
40344.8 34263.7 39.0 7.2 7.2 8.5 
39443.0 31811.4 37.5 7.9 6.9 8.4 
28823.4 32993.6 47.8 5.0 5.2 6.4 

28803.4 33695.4 40.8 5.2 5.3 6.3 
29455.5 32316.5 41.4 4.7 4.7 6.1 

29635.7 26209.2 44.2 6.3 6.6 5.4 
29455.5 32316.5 41.4 4.7 4.7 6.1 
30677.4 31041.2 54.5 5.1 5.6 6.1 

28803.4 33695.4 40.8 5.2 5.3 6.3 
33341.2 33023.6 44.3 4.9 4.5 6.5 
29475.5 31614.7 48.4 4.6 4.6 6.1 
29455.5 32316.5 41.4 4.7 4.7 6.1 

31348.3 33142.5 47.9 5.9 5.5 6.8 
32636.4 31306.3 45.9 5.2 5.3 6.5 
31328.3 33844.3 40.9 6.1 5.6 6.8 
35214.0 34551.3 43.8 6.2 5.4 7.1 

28803.4 33695.4 40.8 5.2 5.3 6.3 
29459.3 32536.3 45.2 4.7 5.5 6.3 
30307.7 30595.5 44.7 5.9 6.9 6.3 
30111.4 31157.4 45.8 4.3 4.9 6.1 

33341.2 33023.6 44.3 4.9 4.5 6.5 
30307.7 30595.5 44.7 5.9 6.9 6.3 
30131.4 30455.6 52.8 4.1 4.8 6.1 
29455.5 32316.5 41.4 4.7 4.7 6.1 
29479.3 31834.5 52.3 4.5 5.4 6.3 
32087.6 30403.9 37.2 5.5 5.3 6.4 
28823.4 32993.6 47.8 5.0 5.2 6.4 

29635.7 26209.2 44.2 6.3 6.6 5.4 
33341.2 33023.6 44.3 4.9 4.5 6.5 
29459.3 32536.3 45.2 4.7 5.5 6.3 
30307.7 30595.5 44.7 5.9 6.9 6.3 
29405.9 28143.1 43.1 6.7 6.6 6.2 
30111.4 31157.4 45.8 4.3 4.9 6.1 
26717.7 26502.7 35.5 4.9 4.6 6.6 
29455.5 32316.5 41.4 4.7 4.7 6.1 

33843.0 35118.8 42.3 4.8 5.2 6.6 
29475.5 31614.7 48.4 4.6 4.6 6.1 
32689.1 34402.5 43.7 5.3 5.1 6.7 

29635.7 26209.2 44.2 6.3 6.6 5.4 
29459.3 32536.3 45.2 4.7 5.5 6.3 
33341.2 33023.6 44.3 4.9 4.5 6.5 
29405.9 28143.1 43.1 6.7 6.6 6.2 
29002.2 32278.2 44.4 5.4 5.2 6.4 
32689.1 34402.5 43.7 5.3 5.1 6.7 

29459.3 32536.3 45.2 4.7 5.5 6.3 
33341.2 33023.6 44.3 4.9 4.5 6.5 
30111.4 31157.4 45.8 4.3 4.9 6.1 
32689.1 34402.5 43.7 5.3 5.1 6.7 

32107.5 29702.0 44.2 5.3 5.2 6.4 
34265.4 32322.5 45.3 4.9 4.7 6.0 
33341.2 33023.6 44.3 4.9 4.5 6.5 
30307.7 30595.5 44.7 5.9 6.9 6.3 
29405.9 28143.1 43.1 6.7 6.6 6.2 
29635.7 26209.2 44.2 6.3 6.5 5.4 
32689.1 34402.5 43.7 5.3 5.1 6.7 
35973.2 31110.9 40.1 5.6 5.2 6.8 

31822.3 33506.5 52.0 5.7 5.9 6.8 
30644.1 33597.9 56.9 5.0 5.6 7.0 
30624.2 34299.8 49.8 5.2 5.7 7.0 

32529.5 28741.2 37.5 5.6 5.0 7.3 
25496.0 29203.3 40.7 5.7 4.8 6.9 
33341.2 33023.6 44.3 4.9 4.5 6.5 
29405.9 28143.1 43.1 6.7 6.6 6.2 
28331.9 29662.8 38.0 5.5 4.6 7.0 
32529.5 28741.2 37.4 5.6 5.0 7.3 
32782.2 29444.6 32.0 5.7 4.6 7.3 
32689.1 34402.5 43.7 5.3 5.1 6.7 

24358.8 25099.5 28.8 4.6 4.0 6.0 
34023.2 29011.4 45.1 6.4 7.0 5.9 
25703.0 25728.3 31.6 4.6 4.0 6.1 

28803.4 33695.4 40.8 5.2 5.3 6.3 
29635.7 26209.2 44.2 6.3 6.6 5.4 
30307.7 30595.5 44.7 5.9 6.9 6.3 
29459.3 32536.3 45.2 4.7 5.5 6.3 
29405.9 28143.1 43.1 6.7 6.6 6.2 
29635.7 26209.2 44.2 6.3 6.5 5.4 
32689.1 34402.5 43.7 5.3 5.1 6.7 

32107.5 29702.0 44.2 5.3 5.2 6.4 
29635.7 26209.2 44.2 6.3 6.6 5.4 
33341.2 33023.6 44.3 4.9 4.5 6.5 
30537.5 28661.6 45.7 5.6 6.9 5.5 
29002.2 32278.2 44.4 5.4 5.2 6.4 
29455.5 32316.5 41.4 4.7 4.7 6.1 
31329.5 29662.3 55.0 4.7 5.0 5.9 
28823.4 32993.6 47.8 5.0 5.2 6.4 
33961.5 27749.6 50.8 5.4 5.7 6.2 
29405.9 28143.1 43.1 6.7 6.6 6.2 
29635.7 26209.2 44.2 6.3 6.5 5.4 
29475.5 31614.7 48.4 4.6 4.6 6.1 
35973.2 31110.9 40.1 5.6 5.2 6.8 

33341.2 33023.6 44.3 4.9 4.5 6.5 
29459.3 32536.3 45.2 4.7 5.5 6.3 
30307.7 30595.5 44.7 5.9 6.9 6.3 
29002.2 32278.2 44.4 5.4 5.2 6.4 
29455.5 32316.5 41.4 4.7 4.7 6.1 
32743.5 29244.8 41.6 5.0 5.5 6.4 

29405.9 28143.1 43.1 6.7 6.6 6.2 
32689.1 34402.5 43.7 5.3 5.1 6.7 
35973.2 31110.9 40.1 5.6 5.2 6.8 

33341.2 33023.6 44.3 4.9 4.5 6.5 
29635.7 26209.2 44.2 6.3 6.5 5.4 
32689.1 34402.5 43.7 5.3 5.1 6.7 
25908.5 29674.7 37.2 5.6 4.7 7.0 
28823.4 32993.6 47.8 5.0 5.2 6.4 

28803.4 33695.4 40.8 5.2 5.3 6.3 
32107.5 29702.0 44.2 5.3 5.2 6.4 
33341.2 33023.6 44.3 4.9 4.5 6.5 
28887.4 26621.3 43.5 5.6 6.4 5.7 
29475.5 31614.7 48.4 4.6 4.6 6.1 
29455.5 32316.5 41.4 4.7 4.7 6.1 

29405.9 28143.1 43.1 6.7 6.6 6.2 
29635.7 26209.2 44.2 6.3 6.5 5.4 
29684.8 25330.8 35.2 4.6 4.6 6.5 

36629.1 29951.8 44.5 5.1 5.4 6.7 
29459.3 32536.3 45.2 4.7 5.5 6.3 
29405.9 28143.1 43.1 6.7 6.6 6.2 
29635.7 26209.2 44.2 6.3 6.5 5.4 
33941.6 28451.5 43.8 5.6 5.8 6.2 
32689.1 34402.5 43.7 5.3 5.1 6.7 
32743.5 29244.8 41.6 5.0 5.5 6.4 

29635.7 26209.2 44.2 6.3 6.6 5.4 
28887.4 26621.3 43.5 5.6 6.4 5.7 
27985.6 24168.9 41.9 6.3 6.1 5.6 

30307.7 30595.5 44.7 5.9 6.9 6.3 
33341.2 33023.6 44.3 4.9 4.5 6.5 
29405.9 28143.1 43.1 6.7 6.6 6.2 
31309.6 30364.1 48.0 4.8 5.2 5.9 
29455.5 32316.5 41.4 4.7 4.7 6.1 

29635.7 26209.2 44.2 6.3 6.6 5.4 
30307.7 30595.5 44.7 5.9 6.9 6.3 
30537.5 28661.6 45.7 5.6 6.9 5.5 
29405.9 28143.1 43.1 6.7 6.6 6.2 

32533.2 29692.6 49.6 6.5 6.9 6.6 
33345.0 33243.3 48.1 4.8 5.3 6.7 
29405.9 28143.1 43.1 6.7 6.6 6.2 
31329.5 29662.3 55.0 4.7 5.0 5.9 
32689.1 34402.5 43.7 5.3 5.1 6.7 
30677.4 31041.2 54.5 5.1 5.6 6.1 
30657.4 31743.0 47.4 5.3 5.7 6.1 

32533.2 29692.6 49.6 6.5 6.9 6.6 
29459.3 32536.3 45.2 4.7 5.5 6.3 
33341.2 33023.6 44.3 4.9 4.5 6.5 
30111.4 31157.4 45.8 4.3 4.9 6.1 
29455.5 32316.5 41.4 4.7 4.7 6.1 
35973.2 31110.9 40.1 5.6 5.2 6.8 
28823.4 32993.6 47.8 5.0 5.2 6.4 

24358.8 25099.5 28.8 4.6 4.0 6.0 
21522.9 24640.0 31.5 4.8 4.2 5.9 
25973.2 24421.8 25.5 5.0 4.2 6.2 
29405.9 28143.1 43.1 6.7 6.6 6.2 

33997.1 31864.5 48.7 4.4 4.8 6.5 
29459.3 32536.3 45.2 4.7 5.5 6.3 
29658.1 31119.1 48.8 4.9 5.4 6.4 
29002.2 32278.2 44.4 5.4 5.2 6.4 
30310.2 29740.2 49.3 4.5 4.9 6.2 
32743.5 29244.8 41.6 5.0 5.5 6.4 

28803.4 33695.4 40.8 5.2 5.3 6.3 
29635.7 26209.2 44.2 6.3 6.6 5.4 
29459.3 32536.3 45.2 4.7 5.5 6.3 
33341.2 33023.6 44.3 4.9 4.5 6.5 
29405.9 28143.1 43.1 6.7 6.6 6.2 
29002.2 32278.2 44.4 5.4 5.2 6.4 
29658.1 31119.1 48.8 4.9 5.4 6.4 
29455.5 32316.5 41.4 4.7 4.7 6.1 
32087.6 30403.9 37.2 5.5 5.3 6.4 

28803.4 33695.4 40.8 5.2 5.3 6.3 
29459.3 32536.3 45.2 4.7 5.5 6.3 
29405.9 28143.1 43.1 6.7 6.6 6.2 
31309.6 30364.1 48.0 4.8 5.2 5.9 
32743.5 29244.8 41.6 5.0 5.5 6.4 

28803.4 33695.4 40.8 5.2 5.3 6.3 
33341.2 33023.6 44.3 4.9 4.5 6.5 
29459.3 32536.3 45.2 4.7 5.5 6.3 
30307.7 30595.5 44.7 5.9 6.9 6.3 
32087.6 30403.9 37.2 5.5 5.3 6.4 
32743.5 29244.8 41.6 5.0 5.5 6.4 
28823.4 32993.6 47.8 5.0 5.2 6.4 

29635.7 26209.2 44.2 6.3 6.6 5.4 
30307.7 30595.5 44.7 5.9 6.9 6.3 
33341.2 33023.6 44.3 4.9 4.5 6.5 
29459.3 32536.3 45.2 4.7 5.5 6.3 
30537.5 28661.6 45.7 5.6 6.9 5.5 
29405.9 28143.1 43.1 6.7 6.6 6.2 
29635.7 26209.2 44.2 6.3 6.5 5.4 
29002.2 32278.2 44.4 5.4 5.2 6.4 
29654.3 30899.3 44.9 5.0 4.6 6.2 
28823.4 32993.6 47.8 5.0 5.2 6.4 

33997.1 31864.5 48.7 4.4 4.8 6.5 
28803.4 33695.4 40.8 5.2 5.3 6.3 
29459.3 32536.3 45.2 4.7 5.5 6.3 
29475.5 31614.7 48.4 4.6 4.6 6.1 
30131.4 30455.6 52.8 4.1 4.8 6.1 
33941.6 28451.5 43.8 5.6 5.8 6.2 
32763.4 28542.9 48.6 4.8 5.4 6.4 
32743.5 29244.8 41.6 5.0 5.5 6.4 

30307.7 30595.5 44.7 5.9 6.9 6.3 
29405.9 28143.1 43.1 6.7 6.6 6.2 

28332.0 25825.0 32.2 5.3 4.8 6.8 
30307.7 30595.5 44.7 5.9 6.9 6.3 
29405.9 28143.1 43.1 6.7 6.6 6.2 
31957.8 32635.8 46.9 5.9 7.3 6.1 

46479.1 42179.4 68.5 6.9 8.8 8.7 
45577.3 39727.1 66.9 7.7 8.5 8.6 
37883.5 35714.4 51.5 7.8 8.0 7.5 
45823.2 43338.6 64.1 7.4 8.6 8.8 

29635.7 26209.2 44.2 6.3 6.6 5.4 
33341.2 33023.6 44.3 4.9 4.5 6.5 
30537.5 28661.6 45.7 5.6 6.9 5.5 
30111.4 31157.4 45.8 4.3 4.9 6.1 
29002.2 32278.2 44.4 5.4 5.2 6.4 
29455.5 32316.5 41.4 4.7 4.7 6.1 
30310.2 29740.2 49.3 4.5 4.9 6.2 
32087.6 30403.9 37.2 5.5 5.3 6.4 
28803.4 33695.4 40.8 5.2 5.3 6.3 
30307.7 30595.5 44.7 5.9 6.9 6.3 
29405.9 28143.1 43.1 6.7 6.6 6.2 
34140.4 27034.2 47.4 5.8 5.7 6.2 
31508.3 28946.9 51.5 5.1 5.1 6.0 

28803.4 33695.4 40.8 5.2 5.3 6.3 
33341.2 33023.6 44.3 4.9 4.5 6.5 
31772.0 32705.3 46.4 4.6 5.7 6.6 
29405.9 28143.1 43.1 6.7 6.6 6.2 
29475.5 31614.7 48.4 4.6 4.6 6.1 
29455.5 32316.5 41.4 4.7 4.7 6.1 
32087.6 30403.9 37.2 5.5 5.3 6.4 
28823.4 32993.6 47.8 5.0 5.2 6.4 

30879.6 36510.5 46.4 5.0 6.0 6.9 
30875.8 36290.7 42.5 5.1 5.2 6.7 
35417.4 35838.6 49.9 4.7 5.2 7.0 
31531.7 35131.6 47.0 4.6 5.4 6.7 

29635.7 26209.2 44.2 6.3 6.6 5.4 
30537.5 28661.6 45.7 5.6 6.9 5.5 
29635.7 26209.2 44.2 6.3 6.5 5.4 

28803.4 33695.4 40.8 5.2 5.3 6.3 
33341.2 33023.6 44.3 4.9 4.5 6.5 
29459.3 32536.3 45.2 4.7 5.5 6.3 
30111.4 31157.4 45.8 4.3 4.9 6.1 
29405.9 28143.1 43.1 6.7 6.6 6.2 
29475.5 31614.7 48.4 4.6 4.6 6.1 
29455.5 32316.5 41.4 4.7 4.7 6.1 
28823.4 32993.6 47.8 5.0 5.2 6.4 

35790.2 40906.8 55.7 6.7 6.7 8.7 
29405.9 28143.1 43.1 6.7 6.6 6.2 

33997.1 31864.5 48.7 4.4 4.8 6.5 
36629.1 29951.8 44.5 5.1 5.4 6.7 
33341.2 33023.6 44.3 4.9 4.5 6.5 
29475.5 31614.7 48.4 4.6 4.6 6.1 
30131.4 30455.6 52.8 4.1 4.8 6.1 
29455.5 32316.5 41.4 4.7 4.7 6.1 
35973.2 31110.9 40.1 5.6 5.2 6.8 

31309.6 30364.1 48.0 4.8 5.2 5.9 

32286.3 28986.6 40.8 5.7 5.3 6.5 
33341.2 33023.6 44.3 4.9 4.5 6.5 
29002.2 32278.2 44.4 5.4 5.2 6.4 
29635.7 26209.2 44.2 6.3 6.5 5.4 
29654.3 30899.3 44.9 5.0 4.6 6.2 
29455.5 32316.5 41.4 4.7 4.7 6.1 
35973.2 31110.9 40.1 5.6 5.2 6.8 
28823.4 32993.6 47.8 5.0 5.2 6.4 

30875.8 36290.7 42.5 5.1 5.2 6.7 
30223.7 37669.6 42.0 5.5 5.8 6.9 
36387.8 34565.8 49.4 5.6 5.4 7.1 
31980.5 32465.4 41.4 5.7 5.0 6.6 

25910.7 22131.2 32.9 4.5 4.9 6.8 
25577.2 25627.0 38.9 5.6 4.6 6.8 
28413.1 26086.6 36.2 5.4 4.5 6.9 
27985.6 24168.9 41.9 6.3 6.1 5.6 

33341.2 33023.6 44.3 4.9 4.5 6.5 
29459.3 32536.3 45.2 4.7 5.5 6.3 
30307.7 30595.5 44.7 5.9 6.9 6.3 
29405.9 28143.1 43.1 6.7 6.6 6.2 
37827.3 29158.5 46.7 5.7 5.6 6.5 
29475.5 31614.7 48.4 4.6 4.6 6.1 
28823.4 32993.6 47.8 5.0 5.2 6.4 

32533.2 29692.6 49.6 6.5 6.9 6.6 
30307.7 30595.5 44.7 5.9 6.9 6.3 
29405.9 28143.1 43.1 6.7 6.6 6.2 

29190.0 28162.9 41.1 6.0 5.1 8.0 
23386.9 28875.3 44.1 6.5 5.3 8.0 
26354.1 27703.4 43.8 6.2 5.3 7.9 

29635.7 26209.2 44.2 6.3 6.6 5.4 
29405.9 28143.1 43.1 6.7 6.6 6.2 
29635.7 26209.2 44.2 6.3 6.5 5.4 

29635.7 26209.2 44.2 6.3 6.6 5.4 
29635.7 26209.2 44.2 6.3 6.5 5.4 
28887.4 26621.3 43.5 5.6 6.4 5.7 
27985.6 24168.9 41.9 6.3 6.1 5.6 

41625.5 43807.6 54.3 6.6 7.5 9.4 
39553.9 34868.0 60.3 6.1 8.1 6.9 
36063.4 32946.3 50.9 6.9 7.2 7.0 

33341.2 33023.6 44.3 4.9 4.5 6.5 
30307.7 30595.5 44.7 5.9 6.9 6.3 
29405.9 28143.1 43.1 6.7 6.6 6.2 
29475.5 31614.7 48.4 4.6 4.6 6.1 
29479.3 31834.5 52.3 4.5 5.4 6.3 
32763.4 28542.9 48.6 4.8 5.4 6.4 
32689.1 34402.5 43.7 5.3 5.1 6.7 
33435.0 32145.0 51.2 5.7 7.2 6.6 
28823.4 32993.6 47.8 5.0 5.2 6.4 

36416.7 41202.2 58.0 6.2 6.9 8.0 
35764.6 42581.1 57.5 6.6 7.4 8.2 

35185.6 30894.6 39.5 5.2 5.2 6.9 
31901.4 34186.2 43.2 4.9 5.1 6.8 
29869.8 31526.7 46.9 4.9 5.7 6.2 

30856.2 30325.8 51.0 5.5 5.6 6.2 
33341.2 33023.6 44.3 4.9 4.5 6.5 
34602.8 29375.4 45.8 5.6 6.2 6.9 
29405.9 28143.1 43.1 6.7 6.6 6.2 
29002.2 32278.2 44.4 5.4 5.2 6.4 
29635.7 26209.2 44.2 6.3 6.5 5.4 
29654.3 30899.3 44.9 5.0 4.6 6.2 
29455.5 32316.5 41.4 4.7 4.7 6.1 

34163.8 33218.9 42.8 5.3 6.0 6.9 
32107.5 29702.0 44.2 5.3 5.2 6.4 
29635.7 26209.2 44.2 6.3 6.6 5.4 
31119.9 34084.2 45.9 5.0 6.2 6.8 
29405.9 28143.1 43.1 6.7 6.6 6.2 
29475.5 31614.7 48.4 4.6 4.6 6.1 
32689.1 34402.5 43.7 5.3 5.1 6.7 
34424.0 30090.8 49.3 5.1 6.2 6.9 

28803.4 33695.4 40.8 5.2 5.3 6.3 
33341.2 33023.6 44.3 4.9 4.5 6.5 
32738.0 35317.9 58.4 6.2 7.4 7.1 
29455.5 32316.5 41.4 4.7 4.7 6.1 
33911.7 35704.5 46.6 4.8 5.9 6.4 

33341.2 33023.6 44.3 4.9 4.5 6.5 
29459.3 32536.3 45.2 4.7 5.5 6.3 
29405.9 28143.1 43.1 6.7 6.6 6.2 
37827.3 29158.5 46.7 5.7 5.6 6.5 
29475.5 31614.7 48.4 4.6 4.6 6.1 
31329.5 29662.3 55.0 4.7 5.0 5.9 
30657.4 31743.0 47.4 5.3 5.7 6.1 
30677.4 31041.2 54.5 5.1 5.6 6.1 
35195.2 31071.2 50.9 5.0 5.0 6.3 

28803.4 33695.4 40.8 5.2 5.3 6.3 
33341.2 33023.6 44.3 4.9 4.5 6.5 
30111.4 31157.4 45.8 4.3 4.9 6.1 
31309.6 30364.1 48.0 4.8 5.2 5.9 
29475.5 31614.7 48.4 4.6 4.6 6.1 
29455.5 32316.5 41.4 4.7 4.7 6.1 

32533.2 29692.6 49.6 6.5 6.9 6.6 
33341.2 33023.6 44.3 4.9 4.5 6.5 
29475.5 31614.7 48.4 4.6 4.6 6.1 
29455.5 32316.5 41.4 4.7 4.7 6.1 
28823.4 32993.6 47.8 5.0 5.2 6.4 

37130.9 32047.0 42.5 5.1 6.0 6.9 
32286.3 28986.6 40.8 5.7 5.3 6.5 
29002.2 32278.2 44.4 5.4 5.2 6.4 
33941.6 28451.5 43.8 5.6 5.8 6.2 
32942.3 27827.5 45.2 5.2 5.5 6.4 
32087.6 30403.9 37.2 5.5 5.3 6.4 
33961.5 27749.6 50.8 5.4 5.7 6.2 
36159.4 35507.5 47.3 4.7 6.1 7.1 

29459.3 32536.3 45.2 4.7 5.5 6.3 
29455.5 32316.5 41.4 4.7 4.7 6.1 
30657.4 31743.0 47.4 5.3 5.7 6.1 

33341.2 33023.6 44.3 4.9 4.5 6.5 
30537.5 28661.6 45.7 5.6 6.9 5.5 
30307.7 30595.5 44.7 5.9 6.9 6.3 
29405.9 28143.1 43.1 6.7 6.6 6.2 
29002.2 32278.2 44.4 5.4 5.2 6.4 
29658.1 31119.1 48.8 4.9 5.4 6.4 
29635.7 26209.2 44.2 6.3 6.5 5.4 
31970.8 31288.1 50.0 4.8 5.6 6.7 
32942.3 27827.5 45.2 5.2 5.5 6.4 
32689.1 34402.5 43.7 5.3 5.1 6.7 

29658.1 31119.1 48.8 4.9 5.4 6.4 
29002.2 32278.2 44.4 5.4 5.2 6.4 
29654.3 30899.3 44.9 5.0 4.6 6.2 
30310.2 29740.2 49.3 4.5 4.9 6.2 
32689.1 34402.5 43.7 5.3 5.1 6.7 

33341.2 33023.6 44.3 4.9 4.5 6.5 
29405.9 28143.1 43.1 6.7 6.6 6.2 

33341.2 33023.6 44.3 4.9 4.5 6.5 
31309.6 30364.1 48.0 4.8 5.2 5.9 
32689.1 34402.5 43.7 5.3 5.1 6.7 

35005.5 34791.2 48.8 5.1 6.0 7.2 
30875.8 36290.7 42.5 5.1 5.2 6.7 
30223.7 37669.6 42.0 5.5 5.8 6.9 
31139.8 33382.4 52.9 4.8 6.1 6.8 
32623.6 37540.7 48.7 5.5 6.1 6.7 
31791.9 32003.5 53.4 4.4 5.6 6.6 

34265.4 32322.5 45.3 4.9 4.7 6.0 
30111.4 31157.4 45.8 4.3 4.9 6.1 
29635.7 26209.2 44.2 6.3 6.5 5.4 
31035.6 30456.4 46.8 4.3 5.1 5.6 
28887.4 26621.3 43.5 5.6 6.4 5.7 
29747.5 32292.6 48.8 5.0 5.3 5.9 
27985.6 24168.9 41.9 6.3 6.1 5.6 
29727.6 32994.4 41.8 5.2 5.4 5.8 

32533.2 29692.6 49.6 6.5 6.9 6.6 
31167.9 26284.5 29.5 5.1 4.7 6.9 
25603.8 26478.3 29.3 5.5 4.4 6.1 
29405.9 28143.1 43.1 6.7 6.6 6.2 
26717.7 26502.7 35.5 4.9 4.6 6.6 

28803.4 33695.4 40.8 5.2 5.3 6.3 
29635.7 26209.2 44.2 6.3 6.6 5.4 
33341.2 33023.6 44.3 4.9 4.5 6.5 
30307.7 30595.5 44.7 5.9 6.9 6.3 
30111.4 31157.4 45.8 4.3 4.9 6.1 
29475.5 31614.7 48.4 4.6 4.6 6.1 
29455.5 32316.5 41.4 4.7 4.7 6.1 
28823.4 32993.6 47.8 5.0 5.2 6.4 

32533.2 29692.6 49.6 6.5 6.9 6.6 
34265.4 32322.5 45.3 4.9 4.7 6.0 
33341.2 33023.6 44.3 4.9 4.5 6.5 
29405.9 28143.1 43.1 6.7 6.6 6.2 
28331.9 29662.8 38.0 5.5 4.6 7.0 
32696.2 32004.3 47.4 4.6 5.8 6.1 

33997.1 31864.5 48.7 4.4 4.8 6.5 
30111.4 31157.4 45.8 4.3 4.9 6.1 
29455.5 32316.5 41.4 4.7 4.7 6.1 
32087.6 30403.9 37.2 5.5 5.3 6.4 

32533.2 29692.6 49.6 6.5 6.9 6.6 
30856.2 30325.8 51.0 5.5 5.6 6.2 
30307.7 30595.5 44.7 5.9 6.9 6.3 
33341.2 33023.6 44.3 4.9 4.5 6.5 
31309.6 30364.1 48.0 4.8 5.2 5.9 
37827.3 29158.5 46.7 5.7 5.6 6.5 
30657.4 31743.0 47.4 5.3 5.7 6.1 
32689.1 34402.5 43.7 5.3 5.1 6.7 

31366.8 27648.3 36.4 5.9 5.6 8.1 
29405.9 28143.1 43.1 6.7 6.6 6.2 
26916.6 27866.5 42.4 5.6 5.6 7.8 
33435.0 32145.0 51.2 5.7 7.2 6.6 
25802.6 27842.0 36.2 6.3 5.4 7.3 

33341.2 33023.6 44.3 4.9 4.5 6.5 
28887.4 26621.3 43.5 5.6 6.4 5.7 
27985.6 24168.9 41.9 6.3 6.1 5.6 
32689.1 34402.5 43.7 5.3 5.1 6.7 

29635.7 26209.2 44.2 6.3 6.6 5.4 
30307.7 30595.5 44.7 5.9 6.9 6.3 
29405.9 28143.1 43.1 6.7 6.6 6.2 

39718.6 42375.3 52.2 6.2 6.4 8.7 
42031.3 42544.3 53.4 6.1 6.6 9.0 
37036.4 42958.0 49.1 7.1 7.0 8.9 
36031.8 40251.0 52.9 6.3 6.5 8.4 
35833.0 41668.2 49.3 6.0 6.6 8.3 

28803.4 33695.4 40.8 5.2 5.3 6.3 
33341.2 33023.6 44.3 4.9 4.5 6.5 
29459.3 32536.3 45.2 4.7 5.5 6.3 
30307.7 30595.5 44.7 5.9 6.9 6.3 
29475.5 31614.7 48.4 4.6 4.6 6.1 
29455.5 32316.5 41.4 4.7 4.7 6.1 

28803.4 33695.4 40.8 5.2 5.3 6.3 
29635.7 26209.2 44.2 6.3 6.6 5.4 
30537.5 28661.6 45.7 5.6 6.9 5.5 
29405.9 28143.1 43.1 6.7 6.6 6.2 
29475.5 31614.7 48.4 4.6 4.6 6.1 
29455.5 32316.5 41.4 4.7 4.7 6.1 
31791.9 32003.5 53.4 4.4 5.6 6.6 
28823.4 32993.6 47.8 5.0 5.2 6.4 

33341.2 33023.6 44.3 4.9 4.5 6.5 
33477.7 32106.2 44.7 4.5 4.7 6.1 
29405.9 28143.1 43.1 6.7 6.6 6.2 
32553.5 32807.3 43.7 4.5 4.6 6.6 
29592.1 31399.2 41.8 4.4 4.9 5.8 

32656.3 30604.5 52.9 5.0 5.2 6.5 
28803.4 33695.4 40.8 5.2 5.3 6.3 
28823.4 32993.6 47.8 5.0 5.2 6.4 

28803.4 33695.4 40.8 5.2 5.3 6.3 
33341.2 33023.6 44.3 4.9 4.5 6.5 
30111.4 31157.4 45.8 4.3 4.9 6.1 
35697.0 33166.4 48.9 4.9 5.6 6.4 
29455.5 32316.5 41.4 4.7 4.7 6.1 
32087.6 30403.9 37.2 5.5 5.3 6.4 

28803.4 33695.4 40.8 5.2 5.3 6.3 
30537.5 28661.6 45.7 5.6 6.9 5.5 
30307.7 30595.5 44.7 5.9 6.9 6.3 
29405.9 28143.1 43.1 6.7 6.6 6.2 

33341.2 33023.6 44.3 4.9 4.5 6.5 
31772.0 32705.3 46.4 4.6 5.7 6.6 
29405.9 28143.1 43.1 6.7 6.6 6.2 
29475.5 31614.7 48.4 4.6 4.6 6.1 
29455.5 32316.5 41.4 4.7 4.7 6.1 

32533.2 29692.6 49.6 6.5 6.9 6.6 
33341.2 33023.6 44.3 4.9 4.5 6.5 
29459.3 32536.3 45.2 4.7 5.5 6.3 
31309.6 30364.1 48.0 4.8 5.2 5.9 
29475.5 31614.7 48.4 4.6 4.6 6.1 
34023.2 29011.4 45.1 6.4 7.0 5.9 
29455.5 32316.5 41.4 4.7 4.7 6.1 

31901.4 34186.2 43.2 4.9 5.1 6.8 
32553.5 32807.3 43.7 4.5 4.6 6.6 

33341.2 33023.6 44.3 4.9 4.5 6.5 
33931.7 35002.7 53.7 4.6 5.8 6.4 
29405.9 28143.1 43.1 6.7 6.6 6.2 
32689.1 34402.5 43.7 5.3 5.1 6.7 
35973.2 31110.9 40.1 5.6 5.2 6.8 
28823.4 32993.6 47.8 5.0 5.2 6.4 

28803.4 33695.4 40.8 5.2 5.3 6.3 
29475.5 31614.7 48.4 4.6 4.6 6.1 
30677.4 31041.2 54.5 5.1 5.6 6.1 
31676.3 28314.9 46.4 6.4 6.7 6.2 
28823.4 32993.6 47.8 5.0 5.2 6.4 

33341.2 33023.6 44.3 4.9 4.5 6.5 
29635.7 26209.2 44.2 6.3 6.5 5.4 
29475.5 31614.7 48.4 4.6 4.6 6.1 
29654.3 30899.3 44.9 5.0 4.6 6.2 
29479.3 31834.5 52.3 4.5 5.4 6.3 
29455.5 32316.5 41.4 4.7 4.7 6.1 
28823.4 32993.6 47.8 5.0 5.2 6.4 

29459.3 32536.3 45.2 4.7 5.5 6.3 
34518.8 33257.8 53.7 4.2 5.3 6.6 
30111.4 31157.4 45.8 4.3 4.9 6.1 
33941.6 28451.5 43.8 5.6 5.8 6.2 
29455.5 32316.5 41.4 4.7 4.7 6.1 
32087.6 30403.9 37.2 5.5 5.3 6.4 
32743.5 29244.8 41.6 5.0 5.5 6.4 
35973.2 31110.9 40.1 5.6 5.2 6.8 

28803.4 33695.4 40.8 5.2 5.3 6.3 
30307.7 30595.5 44.7 5.9 6.9 6.3 
29405.9 28143.1 43.1 6.7 6.6 6.2 
30111.4 31157.4 45.8 4.3 4.9 6.1 
29455.5 32316.5 41.4 4.7 4.7 6.1 
32743.5 29244.8 41.6 5.0 5.5 6.4 

29459.3 32536.3 45.2 4.7 5.5 6.3 
29405.9 28143.1 43.1 6.7 6.6 6.2 
30111.4 31157.4 45.8 4.3 4.9 6.1 
32689.1 34402.5 43.7 5.3 5.1 6.7 
28267.3 31077.9 43.9 5.9 5.3 7.6 
28823.4 32993.6 47.8 5.0 5.2 6.4 

32533.2 29692.6 49.6 6.5 6.9 6.6 
32107.5 29702.0 44.2 5.3 5.2 6.4 
33931.7 35002.7 53.7 4.6 5.8 6.4 
29475.5 31614.7 48.4 4.6 4.6 6.1 
31791.9 32003.5 53.4 4.4 5.6 6.6 
31329.5 29662.3 55.0 4.7 5.0 5.9 
28823.4 32993.6 47.8 5.0 5.2 6.4 

31167.9 26284.5 29.5 5.1 4.7 6.9 
26717.7 26502.7 35.5 4.9 4.6 6.6 
33610.7 25726.5 28.8 5.1 4.5 6.1 

36030.2 36903.8 59.5 6.8 8.2 7.8 
35128.4 34451.5 58.0 7.5 7.9 7.7 
38060.1 31647.8 53.7 7.5 7.6 7.4 
39710.2 33688.1 56.0 7.5 8.0 7.2 
38060.0 31647.8 53.7 7.5 7.6 7.4 

36371.7 35487.4 46.2 5.7 6.2 7.2 
39655.8 32195.9 42.6 6.0 6.3 7.3 
34498.9 33959.7 46.7 4.3 5.4 6.6 
36475.0 33206.1 38.1 5.5 5.8 6.9 
40253.5 35974.7 45.3 5.9 5.3 7.4 

28887.4 26621.3 43.5 5.6 6.4 5.7 
27985.6 24168.9 41.9 6.3 6.1 5.6 

37830.8 33393.9 43.9 5.5 6.9 7.4 
39028.9 32600.6 46.1 6.1 7.1 7.2 
37174.9 34553.0 39.5 6.0 6.7 7.4 
35744.7 35892.2 49.7 5.8 7.1 7.1 

34265.4 32322.5 45.3 4.9 4.7 6.0 
31035.6 30456.4 46.8 4.3 5.1 5.6 
30399.6 30913.7 49.4 4.6 4.8 5.7 
29727.6 32994.4 41.8 5.2 5.4 5.8 

28803.4 33695.4 40.8 5.2 5.3 6.3 
29635.7 26209.2 44.2 6.3 6.6 5.4 
33341.2 33023.6 44.3 4.9 4.5 6.5 
30307.7 30595.5 44.7 5.9 6.9 6.3 
30111.4 31157.4 45.8 4.3 4.9 6.1 
29405.9 28143.1 43.1 6.7 6.6 6.2 

30307.7 30595.5 44.7 5.9 6.9 6.3 
29459.3 32536.3 45.2 4.7 5.5 6.3 
33341.2 33023.6 44.3 4.9 4.5 6.5 
29405.9 28143.1 43.1 6.7 6.6 6.2 
29475.5 31614.7 48.4 4.6 4.6 6.1 
31329.5 29662.3 55.0 4.7 5.0 5.9 
30657.4 31743.0 47.4 5.3 5.7 6.1 
32689.1 34402.5 43.7 5.3 5.1 6.7 
33911.7 35704.5 46.6 4.8 5.9 6.4 

30307.7 30595.5 44.7 5.9 6.9 6.3 
33341.2 33023.6 44.3 4.9 4.5 6.5 
30111.4 31157.4 45.8 4.3 4.9 6.1 
29455.5 32316.5 41.4 4.7 4.7 6.1 
32087.6 30403.9 37.2 5.5 5.3 6.4 

29635.7 26209.2 44.2 6.3 6.6 5.4 
33341.2 33023.6 44.3 4.9 4.5 6.5 
30307.7 30595.5 44.7 5.9 6.9 6.3 
29475.5 31614.7 48.4 4.6 4.6 6.1 
29455.5 32316.5 41.4 4.7 4.7 6.1 
34424.0 30090.8 49.3 5.1 6.2 6.9 

33341.2 33023.6 44.3 4.9 4.5 6.5 
29405.9 28143.1 43.1 6.7 6.6 6.2 
32689.1 34402.5 43.7 5.3 5.1 6.7 
30677.4 31041.2 54.5 5.1 5.6 6.1 
28823.4 32993.6 47.8 5.0 5.2 6.4 

29405.9 28143.1 43.1 6.7 6.6 6.2 
28887.4 26621.3 43.5 5.6 6.4 5.7 
31056.0 30183.4 45.4 6.7 7.0 6.0 

28887.4 26621.3 43.5 5.6 6.4 5.7 
27985.6 24168.9 41.9 6.3 6.1 5.6 
28823.4 32993.6 47.8 5.0 5.2 6.4 

29405.9 28143.1 43.1 6.7 6.6 6.2 
29635.7 26209.2 44.2 6.3 6.5 5.4 
32689.1 34402.5 43.7 5.3 5.1 6.7 

23881.8 26043.2 38.2 5.1 4.8 6.5 
28332.0 25825.0 32.2 5.3 4.8 6.8 
28061.9 27131.5 38.3 4.9 4.6 6.7 
29405.9 28143.1 43.1 6.7 6.6 6.2 
26717.7 26502.7 35.5 4.9 4.6 6.6 

30875.8 36290.7 42.5 5.1 5.2 6.7 
33345.0 33243.3 48.1 4.8 5.3 6.7 
30223.7 37669.6 42.0 5.5 5.8 6.9 
29635.7 26209.2 44.2 6.3 6.6 5.4 
33341.2 33023.6 44.3 4.9 4.5 6.5 
29405.9 28143.1 43.1 6.7 6.6 6.2 
29635.7 26209.2 44.2 6.3 6.5 5.4 
32689.1 34402.5 43.7 5.3 5.1 6.7 

29459.3 32536.3 45.2 4.7 5.5 6.3 
30307.7 30595.5 44.7 5.9 6.9 6.3 
32689.1 34402.5 43.7 5.3 5.1 6.7 
34543.1 32450.0 50.3 5.4 5.5 6.5 
28823.4 32993.6 47.8 5.0 5.2 6.4 

32533.2 29692.6 49.6 6.5 6.9 6.6 
29405.9 28143.1 43.1 6.7 6.6 6.2 
32689.1 34402.5 43.7 5.3 5.1 6.7 
33435.0 32145.0 51.2 5.7 7.2 6.6 

30307.7 30595.5 44.7 5.9 6.9 6.3 
31119.9 34084.2 45.9 5.0 6.2 6.8 
30537.5 28661.6 45.7 5.6 6.9 5.5 
33341.2 33023.6 44.3 4.9 4.5 6.5 
34498.9 33959.7 46.7 4.3 5.4 6.6 
38384.5 34666.7 49.6 4.5 5.2 7.0 
29405.9 28143.1 43.1 6.7 6.6 6.2 
32689.1 34402.5 43.7 5.3 5.1 6.7 
28823.4 32993.6 47.8 5.0 5.2 6.4 

29459.3 32536.3 45.2 4.7 5.5 6.3 
30111.4 31157.4 45.8 4.3 4.9 6.1 
31309.6 30364.1 48.0 4.8 5.2 5.9 
37827.3 29158.5 46.7 5.7 5.6 6.5 
33941.6 28451.5 43.8 5.6 5.8 6.2 
32743.5 29244.8 41.6 5.0 5.5 6.4 

30307.7 30595.5 44.7 5.9 6.9 6.3 
33341.2 33023.6 44.3 4.9 4.5 6.5 
31119.9 34084.2 45.9 5.0 6.2 6.8 
33259.6 37083.4 46.1 5.2 6.4 6.6 
29405.9 28143.1 43.1 6.7 6.6 6.2 
32689.1 34402.5 43.7 5.3 5.1 6.7 
33435.0 32145.0 51.2 5.7 7.2 6.6 

33341.2 33023.6 44.3 4.9 4.5 6.5 
30537.5 28661.6 45.7 5.6 6.9 5.5 
30307.7 30595.5 44.7 5.9 6.9 6.3 
29405.9 28143.1 43.1 6.7 6.6 6.2 
29658.1 31119.1 48.8 4.9 5.4 6.4 
29002.2 32278.2 44.4 5.4 5.2 6.4 
31309.6 30364.1 48.0 4.8 5.2 5.9 
29475.5 31614.7 48.4 4.6 4.6 6.1 
28823.4 32993.6 47.8 5.0 5.2 6.4 

31272.2 30625.4 39.2 6.9 4.9 7.3 
32386.1 30649.9 45.4 6.3 5.1 7.9 
29405.9 28143.1 43.1 6.7 6.6 6.2 
34023.1 37138.4 56.1 4.7 5.4 7.1 
36836.4 30431.6 39.4 6.5 5.1 8.1 
32689.1 34402.5 43.7 5.3 5.1 6.7 
33435.0 32145.0 51.2 5.7 7.2 6.6 

29635.7 26209.2 44.2 6.3 6.6 5.4 
30307.7 30595.5 44.7 5.9 6.9 6.3 
33341.2 33023.6 44.3 4.9 4.5 6.5 
29635.7 26209.2 44.2 6.3 6.5 5.4 
29455.5 32316.5 41.4 4.7 4.7 6.1 

31309.6 30364.1 48.0 4.8 5.2 5.9 
30657.4 31743.0 47.4 5.3 5.7 6.1 

30875.8 36290.7 42.5 5.1 5.2 6.7 
34761.5 36997.8 45.4 5.2 5.0 7.1 

28803.4 33695.4 40.8 5.2 5.3 6.3 
33341.2 33023.6 44.3 4.9 4.5 6.5 
33460.5 37137.6 44.2 5.4 6.1 6.7 
29002.2 32278.2 44.4 5.4 5.2 6.4 
29654.3 30899.3 44.9 5.0 4.6 6.2 
29455.5 32316.5 41.4 4.7 4.7 6.1 
32087.6 30403.9 37.2 5.5 5.3 6.4 
35973.2 31110.9 40.1 5.6 5.2 6.8 
28823.4 32993.6 47.8 5.0 5.2 6.4 

33341.2 33023.6 44.3 4.9 4.5 6.5 
26717.7 26502.7 35.5 4.9 4.6 6.6 
29455.5 32316.5 41.4 4.7 4.7 6.1 

28803.4 33695.4 40.8 5.2 5.3 6.3 
29405.9 28143.1 43.1 6.7 6.6 6.2 
32689.1 34402.5 43.7 5.3 5.1 6.7 
28823.4 32993.6 47.8 5.0 5.2 6.4 

34921.7 39719.2 52.2 5.3 5.3 7.5 
31039.8 39232.0 53.2 5.1 6.3 7.3 
30511.1 33583.1 56.0 7.8 7.5 8.0 
34003.2 37840.2 49.0 4.9 5.5 7.1 
31691.9 37853.1 53.7 4.7 5.7 7.1 

28803.4 33695.4 40.8 5.2 5.3 6.3 
33345.0 33243.3 48.1 4.8 5.3 6.7 
29405.9 28143.1 43.1 6.7 6.6 6.2 
29475.5 31614.7 48.4 4.6 4.6 6.1 
30131.4 30455.6 52.8 4.1 4.8 6.1 
29479.3 31834.5 52.3 4.5 5.4 6.3 
32763.4 28542.9 48.6 4.8 5.4 6.4 
28823.4 32993.6 47.8 5.0 5.2 6.4 

31559.1 35559.3 54.3 7.4 7.6 7.2 

33345.0 33243.3 48.1 4.8 5.3 6.7 
30307.7 30595.5 44.7 5.9 6.9 6.3 
33341.2 33023.6 44.3 4.9 4.5 6.5 
29405.9 28143.1 43.1 6.7 6.6 6.2 
32689.1 34402.5 43.7 5.3 5.1 6.7 

32107.5 29702.0 44.2 5.3 5.2 6.4 
28803.4 33695.4 40.8 5.2 5.3 6.3 
33341.2 33023.6 44.3 4.9 4.5 6.5 
29405.9 28143.1 43.1 6.7 6.6 6.2 
29002.2 32278.2 44.4 5.4 5.2 6.4 
29475.5 31614.7 48.4 4.6 4.6 6.1 
29455.5 32316.5 41.4 4.7 4.7 6.1 
28823.4 32993.6 47.8 5.0 5.2 6.4 

32729.8 34338.3 49.2 5.2 5.6 6.5 
32748.6 37818.5 42.1 6.5 6.1 7.3 
31531.7 35131.6 47.0 4.6 5.4 6.7 

29635.7 26209.2 44.2 6.3 6.6 5.4 
30307.7 30595.5 44.7 5.9 6.9 6.3 
39773.5 35658.0 41.0 6.1 6.1 7.1 
29405.9 28143.1 43.1 6.7 6.6 6.2 
35887.8 34950.9 38.1 6.0 6.3 6.7 

28803.4 33695.4 40.8 5.2 5.3 6.3 
34265.4 32322.5 45.3 4.9 4.7 6.0 
29405.9 28143.1 43.1 6.7 6.6 6.2 
29747.5 32292.6 48.8 5.0 5.3 5.9 
35348.2 29389.8 50.3 5.2 6.3 6.4 
29455.5 32316.5 41.4 4.7 4.7 6.1 
29727.6 32994.4 41.8 5.2 5.4 5.8 
28823.4 32993.6 47.8 5.0 5.2 6.4 

31884.2 39217.5 42.6 5.8 6.5 7.4 
32540.2 38058.4 47.0 5.4 6.7 7.4 

32533.2 29692.6 49.6 6.5 6.9 6.6 
29459.3 32536.3 45.2 4.7 5.5 6.3 
29405.9 28143.1 43.1 6.7 6.6 6.2 
29455.5 32316.5 41.4 4.7 4.7 6.1 
32743.5 29244.8 41.6 5.0 5.5 6.4 
28823.4 32993.6 47.8 5.0 5.2 6.4 

23881.8 26043.2 38.2 5.1 4.8 6.5 
32533.2 29692.6 49.6 6.5 6.9 6.6 
30307.7 30595.5 44.7 5.9 6.9 6.3 
25603.8 26478.3 29.3 5.5 4.4 6.1 
26717.7 26502.7 35.5 4.9 4.6 6.6 
22767.8 26018.7 32.0 5.7 4.6 6.0 
33435.0 32145.0 51.2 5.7 7.2 6.6 

28803.4 33695.4 40.8 5.2 5.3 6.3 
29635.7 26209.2 44.2 6.3 6.6 5.4 
30307.7 30595.5 44.7 5.9 6.9 6.3 
30537.5 28661.6 45.7 5.6 6.9 5.5 
29635.7 26209.2 44.2 6.3 6.5 5.4 
29475.5 31614.7 48.4 4.6 4.6 6.1 
29455.5 32316.5 41.4 4.7 4.7 6.1 

34404.0 30792.6 42.2 5.3 6.3 6.9 
29635.7 26209.2 44.2 6.3 6.6 5.4 
30307.7 30595.5 44.7 5.9 6.9 6.3 
29459.3 32536.3 45.2 4.7 5.5 6.3 
29405.9 28143.1 43.1 6.7 6.6 6.2 
30111.4 31157.4 45.8 4.3 4.9 6.1 
29635.7 26209.2 44.2 6.3 6.5 5.4 
29455.5 32316.5 41.4 4.7 4.7 6.1 

33341.2 33023.6 44.3 4.9 4.5 6.5 
29475.5 31614.7 48.4 4.6 4.6 6.1 
29455.5 32316.5 41.4 4.7 4.7 6.1 

32107.5 29702.0 44.2 5.3 5.2 6.4 
33341.2 33023.6 44.3 4.9 4.5 6.5 
29405.9 28143.1 43.1 6.7 6.6 6.2 
29475.5 31614.7 48.4 4.6 4.6 6.1 
32763.4 28542.9 48.6 4.8 5.4 6.4 
29479.3 31834.5 52.3 4.5 5.4 6.3 
28823.4 32993.6 47.8 5.0 5.2 6.4 

29635.7 26209.2 44.2 6.3 6.6 5.4 
30307.7 30595.5 44.7 5.9 6.9 6.3 
33341.2 33023.6 44.3 4.9 4.5 6.5 
29459.3 32536.3 45.2 4.7 5.5 6.3 
31309.6 30364.1 48.0 4.8 5.2 5.9 
29455.5 32316.5 41.4 4.7 4.7 6.1 
32087.6 30403.9 37.2 5.5 5.3 6.4 
32743.5 29244.8 41.6 5.0 5.5 6.4 
28823.4 32993.6 47.8 5.0 5.2 6.4 
29576.8 31041.6 38.5 6.4 5.0 7.1 

28803.4 33695.4 40.8 5.2 5.3 6.3 
29635.7 26209.2 44.2 6.3 6.6 5.4 
33341.2 33023.6 44.3 4.9 4.5 6.5 
29405.9 28143.1 43.1 6.7 6.6 6.2 
29635.7 26209.2 44.2 6.3 6.5 5.4 
31309.6 30364.1 48.0 4.8 5.2 5.9 
29455.5 32316.5 41.4 4.7 4.7 6.1 

32286.3 28986.6 40.8 5.7 5.3 6.5 
30307.7 30595.5 44.7 5.9 6.9 6.3 
29405.9 28143.1 43.1 6.7 6.6 6.2 
29002.2 32278.2 44.4 5.4 5.2 6.4 
29658.1 31119.1 48.8 4.9 5.4 6.4 
29654.3 30899.3 44.9 5.0 4.6 6.2 

28803.4 33695.4 40.8 5.2 5.3 6.3 
29635.7 26209.2 44.2 6.3 6.6 5.4 
33341.2 33023.6 44.3 4.9 4.5 6.5 
29405.9 28143.1 43.1 6.7 6.6 6.2 
32689.1 34402.5 43.7 5.3 5.1 6.7 
28823.4 32993.6 47.8 5.0 5.2 6.4 

28803.4 33695.4 40.8 5.2 5.3 6.3 
32107.5 29702.0 44.2 5.3 5.2 6.4 
33341.2 33023.6 44.3 4.9 4.5 6.5 
29455.5 32316.5 41.4 4.7 4.7 6.1 
35973.2 31110.9 40.1 5.6 5.2 6.8 
28823.4 32993.6 47.8 5.0 5.2 6.4 

28803.4 33695.4 40.8 5.2 5.3 6.3 
33341.2 33023.6 44.3 4.9 4.5 6.5 
38349.0 30551.9 51.7 5.5 6.1 6.7 
32553.5 32807.3 43.7 4.5 4.6 6.6 

36629.1 29951.8 44.5 5.1 5.4 6.7 
29635.7 26209.2 44.2 6.3 6.6 5.4 
33341.2 33023.6 44.3 4.9 4.5 6.5 
30111.4 31157.4 45.8 4.3 4.9 6.1 
29405.9 28143.1 43.1 6.7 6.6 6.2 
29475.5 31614.7 48.4 4.6 4.6 6.1 
30677.4 31041.2 54.5 5.1 5.6 6.1 
32689.1 34402.5 43.7 5.3 5.1 6.7 
35973.2 31110.9 40.1 5.6 5.2 6.8 
28823.4 32993.6 47.8 5.0 5.2 6.4 

33210.8 35795.8 48.7 5.1 5.6 6.8 
36345.2 35438.0 47.8 6.0 7.8 6.6 
30895.7 35588.9 49.6 4.9 5.1 6.7 
31551.6 34429.8 54.0 4.4 5.3 6.7 
30243.6 36967.8 49.0 5.3 5.7 6.9 
30899.5 35808.7 53.4 4.9 5.9 6.9 
34183.7 32517.1 49.8 5.2 5.9 7.0 

32533.2 29692.6 49.6 6.5 6.9 6.6 
28803.4 33695.4 40.8 5.2 5.3 6.3 
33341.2 33023.6 44.3 4.9 4.5 6.5 
29405.9 28143.1 43.1 6.7 6.6 6.2 
30111.4 31157.4 45.8 4.3 4.9 6.1 
29455.5 32316.5 41.4 4.7 4.7 6.1 
32087.6 30403.9 37.2 5.5 5.3 6.4 

44297.3 48621.6 49.7 7.9 7.8 9.7 
34667.6 40879.0 67.5 6.9 7.0 7.9 

42036.7 47907.9 56.3 7.7 8.6 8.6 
41380.8 49067.0 51.9 8.1 8.4 8.7 

39163.9 50783.6 69.4 8.0 8.6 9.4 

32533.2 29692.6 49.6 6.5 6.9 6.6 
34265.4 32322.5 45.3 4.9 4.7 6.0 
33341.2 33023.6 44.3 4.9 4.5 6.5 
34921.3 31163.4 49.7 4.4 4.9 6.0 
26717.7 26502.7 35.5 4.9 4.6 6.6 

31167.9 26284.5 29.5 5.1 4.7 6.9 
25603.8 26478.3 29.3 5.5 4.4 6.1 
26717.7 26502.7 35.5 4.9 4.6 6.6 

33341.2 33023.6 44.3 4.9 4.5 6.5 
30111.4 31157.4 45.8 4.3 4.9 6.1 
29405.9 28143.1 43.1 6.7 6.6 6.2 
31309.6 30364.1 48.0 4.8 5.2 5.9 
29455.5 32316.5 41.4 4.7 4.7 6.1 

32970.1 31912.0 48.6 5.2 5.9 6.4 
29635.7 26209.2 44.2 6.3 6.6 5.4 
29459.3 32536.3 45.2 4.7 5.5 6.3 
25603.8 26478.3 29.3 5.5 4.4 6.1 
29405.9 28143.1 43.1 6.7 6.6 6.2 
26717.7 26502.7 35.5 4.9 4.6 6.6 
29455.5 32316.5 41.4 4.7 4.7 6.1 
31029.0 25959.5 38.1 4.6 4.5 6.6 

32286.3 28986.6 40.8 5.7 5.3 6.5 
30307.7 30595.5 44.7 5.9 6.9 6.3 
29002.2 32278.2 44.4 5.4 5.2 6.4 
29654.3 30899.3 44.9 5.0 4.6 6.2 
31116.1 33864.4 42.0 5.1 5.5 6.6 
32689.1 34402.5 43.7 5.3 5.1 6.7 
35973.2 31110.9 40.1 5.6 5.2 6.8 

26740.9 30582.0 41.2 6.6 5.2 7.0 
27854.8 30606.5 47.4 6.0 5.4 7.5 

28803.4 33695.4 40.8 5.2 5.3 6.3 
33341.2 33023.6 44.3 4.9 4.5 6.5 
29459.3 32536.3 45.2 4.7 5.5 6.3 
30111.4 31157.4 45.8 4.3 4.9 6.1 
29455.5 32316.5 41.4 4.7 4.7 6.1 

33341.2 33023.6 44.3 4.9 4.5 6.5 
30307.7 30595.5 44.7 5.9 6.9 6.3 
29405.9 28143.1 43.1 6.7 6.6 6.2 
32689.1 34402.5 43.7 5.3 5.1 6.7 

28803.4 33695.4 40.8 5.2 5.3 6.3 
33341.2 33023.6 44.3 4.9 4.5 6.5 
29405.9 28143.1 43.1 6.7 6.6 6.2 
29475.5 31614.7 48.4 4.6 4.6 6.1 
32087.6 30403.9 37.2 5.5 5.3 6.4 
28823.4 32993.6 47.8 5.0 5.2 6.4 

29635.7 26209.2 44.2 6.3 6.6 5.4 
30307.7 30595.5 44.7 5.9 6.9 6.3 
31772.0 32705.3 46.4 4.6 5.7 6.6 
29405.9 28143.1 43.1 6.7 6.6 6.2 
29635.7 26209.2 44.2 6.3 6.5 5.4 

30307.7 30595.5 44.7 5.9 6.9 6.3 
29405.9 28143.1 43.1 6.7 6.6 6.2 

