48862.1 52831.2 97.9 7.4 10.5 11.6 
49481.1 52545.8 93.7 7.9 10.0 12.4 
42283.1 52721.1 98.9 7.9 10.0 12.4 
50949.3 52884.9 94.7 7.4 9.7 12.0 
43751.3 53060.2 99.9 7.3 9.7 12.0 
45000.1 51585.6 104.2 7.2 10.4 11.9 
43195.3 51652.3 93.1 8.6 9.8 12.2 
46145.1 53966.6 92.6 8.0 10.1 12.1 

47863.0 51473.7 105.8 8.1 10.2 12.0 
46274.5 52747.6 105.7 9.9 10.2 13.5 

46614.2 52948.3 101.5 8.2 9.6 12.1 
52485.1 61214.0 93.5 8.4 10.8 12.6 
50527.9 61866.2 100.1 9.1 10.9 12.3 
42939.0 56093.4 94.8 8.8 9.5 11.9 
49748.2 62322.5 104.7 9.3 9.8 12.4 
43408.2 55075.1 103.7 9.0 9.1 11.9 
50004.5 57743.7 109.2 8.2 9.3 13.2 
46798.4 59870.5 111.4 8.9 8.8 13.0 
46145.1 53966.6 92.6 8.0 10.1 12.1 

45487.2 55301.1 107.6 8.8 11.1 13.4 

44339.0 53969.7 103.3 8.6 10.8 12.4 
44444.1 50177.7 97.4 8.5 10.4 12.1 
44339.0 53969.7 103.3 8.5 10.8 12.4 
43195.3 51652.3 93.1 8.6 9.8 12.2 

49006.0 59147.2 85.2 9.9 10.8 12.5 
54710.1 52796.1 89.3 11.2 9.6 12.3 
52474.1 57307.6 83.8 10.4 10.1 12.5 
55153.7 56688.7 99.6 10.6 10.3 12.2 
51241.9 54635.7 90.7 10.8 10.3 12.2 
58621.8 54849.2 98.2 11.0 9.6 12.2 
58576.0 57322.4 90.3 10.3 9.1 12.1 

46614.2 52948.3 101.5 8.2 9.6 12.1 
47863.0 51473.7 105.8 8.1 10.2 12.0 
47393.9 52492.0 96.9 7.9 10.7 12.0 
45619.1 51300.2 100.0 7.8 9.9 12.8 
49481.1 52545.8 93.7 7.9 10.0 12.4 
42283.1 52721.1 98.9 7.9 10.0 12.4 
43195.3 51652.3 93.1 8.6 9.8 12.2 
43531.9 51246.4 103.1 7.8 10.6 12.3 

55733.1 57619.4 132.3 11.1 12.5 16.4 
55541.5 59969.6 126.8 11.8 12.4 16.8 
56726.1 62362.1 128.9 10.7 12.1 17.0 
66463.7 71618.1 127.2 13.2 11.3 15.0 
59805.6 62343.8 134.8 10.3 11.8 16.5 
58315.6 62595.8 138.5 10.9 11.7 16.8 
53497.1 62131.0 126.8 10.3 13.0 16.7 

44536.2 52018.3 94.8 8.5 10.3 12.0 
47393.9 52492.0 96.9 7.9 10.7 12.0 
42375.2 54561.6 96.3 7.8 9.9 12.3 
42283.1 52721.1 98.9 7.9 10.0 12.4 
43624.0 53087.0 100.6 7.7 10.5 12.2 
46145.1 53966.6 92.6 8.0 10.1 12.1 
43531.9 51246.4 103.1 7.8 10.6 12.3 

46614.2 52948.3 101.5 8.2 9.6 12.1 
47863.0 51473.7 105.8 8.1 10.2 12.0 
49950.2 51527.5 102.6 8.1 9.5 12.4 
43322.0 54990.5 103.3 8.1 10.0 13.1 
46531.3 50231.5 94.2 8.5 9.7 12.5 
47393.9 52492.0 96.9 7.9 10.7 12.0 
49481.1 52545.8 93.7 7.9 10.0 12.4 
45619.1 51300.2 100.0 7.8 9.9 12.8 
46145.1 53966.6 92.6 8.0 10.1 12.1 
43531.9 51246.4 103.1 7.8 10.6 12.3 

46614.2 52948.3 101.5 8.2 9.6 12.1 
47393.9 52492.0 96.9 7.9 10.7 12.0 
42283.1 52721.1 98.9 7.9 10.0 12.4 
47570.2 52501.0 98.7 8.7 9.8 13.2 
43195.3 51652.3 93.1 8.6 9.8 12.2 
46145.1 53966.6 92.6 8.0 10.1 12.1 
43531.9 51246.4 103.1 7.8 10.6 12.3 

47863.0 51473.7 105.8 8.1 10.2 12.0 
47393.9 52492.0 96.9 7.9 10.7 12.0 
44444.1 50177.7 97.4 8.5 10.4 12.1 
49481.1 52545.8 93.7 7.9 10.0 12.4 
42283.1 52721.1 98.9 7.9 10.0 12.4 
46145.1 53966.6 92.6 8.0 10.1 12.1 

43531.9 51246.5 103.1 7.8 10.6 12.3 
46531.3 50231.5 94.2 8.5 9.7 12.5 
44536.3 52018.3 94.8 8.5 10.3 12.0 
44444.1 50177.7 97.4 8.5 10.4 12.1 
46099.7 53638.6 96.2 8.3 10.3 11.7 
42680.8 52342.6 87.8 8.6 10.5 11.8 
43195.3 51652.3 93.1 8.6 9.8 12.2 
46016.8 50921.7 88.9 8.5 10.4 12.2 
43531.9 51246.4 103.1 7.8 10.6 12.3 

45673.3 57516.5 106.6 7.8 9.7 13.5 
47850.0 49608.9 91.8 8.7 9.5 12.2 
46992.0 56893.9 104.2 8.1 9.4 13.1 
50854.0 58139.4 97.9 8.2 9.5 12.8 
46531.3 50231.5 94.2 8.5 9.7 12.5 
47393.9 52492.0 96.9 7.9 10.7 12.0 
49481.1 52545.8 93.7 7.9 10.0 12.4 
46922.2 56041.9 110.9 7.7 10.3 13.4 
49535.3 58762.1 100.3 8.0 9.8 13.1 
43531.9 51246.4 103.1 7.8 10.6 12.3 
50799.8 51923.2 91.3 8.2 9.7 12.1 

44494.5 56652.0 96.8 8.7 10.8 13.0 
45619.1 51300.2 100.0 7.8 9.9 12.8 
42283.1 52721.1 98.9 7.9 10.0 12.4 
46145.1 53966.6 92.6 8.0 10.1 12.1 

46614.2 52948.3 101.5 8.2 9.6 12.1 
47863.0 51473.7 105.8 8.1 10.2 12.0 
49950.2 51527.5 102.6 8.1 9.5 12.4 
46531.3 50231.5 94.2 8.5 9.7 12.5 
44444.1 50177.7 97.4 8.5 10.4 12.1 
49481.1 52545.8 93.7 7.9 10.0 12.4 
42283.1 52721.1 98.9 7.9 10.0 12.4 
43195.3 51652.3 93.1 8.6 9.8 12.2 
43531.9 51246.4 103.1 7.8 10.6 12.3 

46614.2 52948.3 101.5 8.2 9.6 12.1 
47863.0 51473.7 105.8 8.1 10.2 12.0 
47393.9 52492.0 96.9 7.9 10.7 12.0 
44444.1 50177.7 97.4 8.5 10.4 12.1 
45619.1 51300.2 100.0 7.8 9.9 12.8 
42283.1 52721.1 98.9 7.9 10.0 12.4 
43195.3 51652.3 93.1 8.6 9.8 12.2 

52059.5 55063.0 111.4 8.3 10.3 12.2 
47863.0 51473.7 105.8 8.1 10.2 12.0 
43531.9 51246.5 103.1 7.8 10.6 12.3 
49950.2 51527.5 102.6 8.1 9.5 12.4 
44444.1 50177.7 97.4 8.5 10.4 12.1 
45619.1 51300.2 100.0 7.8 9.9 12.8 
49481.1 52545.8 93.7 7.9 10.0 12.4 
42283.1 52721.1 98.9 7.9 10.0 12.4 
46145.1 53966.6 92.6 8.0 10.1 12.1 
43531.9 51246.4 103.1 7.8 10.6 12.3 

47863.0 51473.7 105.8 8.1 10.2 12.0 
47393.9 52492.0 96.9 7.9 10.7 12.0 
42283.1 52721.1 98.9 7.9 10.0 12.4 
43531.9 51246.4 103.1 7.8 10.6 12.3 
46145.1 53966.6 92.6 8.0 10.1 12.1 

52473.6 57857.4 106.2 8.1 9.9 13.7 
47863.0 51473.7 105.8 8.1 10.2 12.0 
49137.6 59278.2 105.1 8.2 10.0 13.3 
51442.1 56098.2 82.2 10.9 10.3 12.5 
47393.9 52492.0 96.9 7.9 10.7 12.0 
55553.6 57289.3 89.7 10.0 9.8 12.0 
53869.7 49471.1 93.7 11.4 9.3 12.1 
51633.7 53982.7 88.2 10.5 9.7 12.4 
57789.6 52777.7 95.2 10.9 9.3 11.7 
50520.0 54815.3 98.1 8.2 10.0 13.1 

52085.5 59128.8 91.1 9.6 10.5 12.0 
57789.6 52777.7 95.2 10.9 9.3 11.7 
54321.4 54617.3 96.6 10.4 10.0 11.7 

43531.9 51246.5 103.1 7.8 10.6 12.3 
46657.7 51383.4 97.1 8.0 9.4 12.6 
49950.2 51527.5 102.6 8.1 9.5 12.4 
47863.0 51473.7 105.7 8.1 10.2 12.0 
46531.3 50231.5 94.2 8.5 9.7 12.5 
47393.9 52492.0 96.9 7.9 10.7 12.0 
44444.1 50177.7 97.4 8.5 10.4 12.1 
46271.5 55118.5 95.5 7.5 9.7 12.1 
43531.9 51246.4 103.1 7.8 10.6 12.3 
46145.1 53966.6 92.6 8.0 10.1 12.1 

46614.2 52948.3 101.5 8.2 9.6 12.1 
47863.0 51473.7 105.8 8.1 10.2 12.0 
47393.9 52492.0 96.9 7.9 10.7 12.0 
45619.1 51300.2 100.0 7.8 9.9 12.8 
42283.1 52721.1 98.9 7.9 10.0 12.4 
62256.0 67613.4 106.3 10.1 8.6 12.6 
43195.3 51652.3 93.1 8.6 9.8 12.2 
62301.8 65140.1 114.2 10.8 9.1 12.8 
43531.9 51246.4 103.1 7.8 10.6 12.3 

55531.9 52036.1 96.5 10.8 9.5 11.8 
48143.8 50569.0 96.4 10.9 10.1 12.2 
55553.6 57289.3 89.7 10.0 9.8 12.0 
53869.7 49471.1 93.7 11.4 9.3 12.1 
53295.9 56547.6 91.0 10.0 9.9 12.1 
57789.6 52777.7 95.2 10.9 9.3 11.7 
51612.0 48729.5 95.0 11.3 9.4 12.2 
52063.7 53875.6 97.9 10.4 10.2 11.8 

47710.4 54528.2 97.5 8.7 10.3 12.6 
47710.4 54528.2 97.5 8.6 10.3 12.6 
43848.4 53282.6 103.7 8.5 10.2 13.0 

43531.9 51246.5 103.1 7.8 10.6 12.3 
47863.0 51473.7 105.7 8.1 10.2 12.0 
46531.3 50231.5 94.2 8.5 9.7 12.5 
47393.9 52492.0 96.9 7.9 10.7 12.0 
44444.1 50177.7 97.4 8.5 10.4 12.1 
45619.1 51300.2 100.0 7.8 9.9 12.8 
49481.1 52545.8 93.7 7.9 10.0 12.4 
42283.1 52721.1 98.9 7.9 10.0 12.4 
43531.9 51246.4 103.1 7.8 10.6 12.3 

53130.4 55145.4 119.8 9.9 10.4 15.0 

47850.0 49608.9 91.8 8.7 9.5 12.2 
45762.8 49555.1 95.0 8.8 10.2 11.7 
42283.1 52721.1 98.9 7.9 10.0 12.4 
43195.3 51652.3 93.1 8.6 9.8 12.2 
43531.9 51246.4 103.1 7.8 10.6 12.3 
46145.1 53966.6 92.6 8.0 10.1 12.1 

45929.5 53879.4 111.0 8.6 11.0 13.4 
48179.5 53509.9 106.3 8.8 9.8 12.7 
49791.5 55125.0 104.7 8.7 11.1 13.0 

47863.0 51473.7 105.8 8.1 10.2 12.0 
47393.9 52492.0 96.9 7.9 10.7 12.0 
61101.0 55517.1 100.4 11.0 9.2 12.0 
43531.9 51246.4 103.1 7.8 10.6 12.3 

52309.9 52467.0 103.1 7.9 10.2 11.7 
46439.6 54835.0 97.1 9.2 8.8 11.9 
51530.2 52923.3 107.7 8.1 9.2 11.8 
50535.1 51275.2 106.1 7.7 9.5 12.5 
49360.1 50152.7 103.6 8.4 10.0 11.8 
51061.1 53941.6 98.8 8.0 9.6 11.8 
47393.9 52492.0 96.9 7.9 10.7 12.0 
48111.3 51627.3 99.3 8.5 9.4 11.9 
48447.9 51221.4 109.3 7.7 10.1 12.0 
43195.3 51652.3 93.1 8.6 9.8 12.2 
43531.9 51246.4 103.1 7.8 10.6 12.3 

47863.0 51473.7 105.8 8.1 10.2 12.0 
49950.2 51527.5 102.6 8.1 9.5 12.4 
46531.3 50231.5 94.2 8.5 9.7 12.5 
44444.1 50177.7 97.4 8.5 10.4 12.1 
45619.1 51300.2 100.0 7.8 9.9 12.8 
49481.1 52545.8 93.7 7.9 10.0 12.4 
42283.1 52721.1 98.9 7.9 10.0 12.4 
43531.9 51246.4 103.1 7.8 10.6 12.3 

46614.2 52948.3 101.5 8.2 9.6 12.1 
58721.8 69370.2 104.3 10.9 9.3 13.1 
47393.9 52492.0 96.9 7.9 10.7 12.0 
44444.1 50177.7 97.4 8.5 10.4 12.1 
49481.1 52545.8 93.7 7.9 10.0 12.4 
45619.1 51300.2 100.0 7.8 9.9 12.8 
42283.1 52721.1 98.9 7.9 10.0 12.4 
60816.2 68878.3 102.8 10.8 9.3 12.8 
43531.9 51246.4 103.1 7.8 10.6 12.3 

46614.2 52948.3 101.5 8.2 9.6 12.1 
48726.9 52067.2 96.2 8.5 9.1 12.7 
49578.4 53311.0 108.0 7.7 10.1 11.9 
48329.6 54785.6 103.7 7.8 9.5 12.0 
49589.5 54327.7 98.9 7.9 10.1 12.1 
46740.6 54100.2 104.4 7.7 9.3 12.1 
43998.5 54558.3 101.1 7.4 9.8 12.3 
45390.9 53488.0 95.1 8.6 9.2 12.3 

48099.8 50865.9 96.1 8.3 9.5 12.1 
43851.6 53355.5 100.8 7.7 9.7 12.0 
47187.6 51934.6 101.9 7.6 9.7 12.4 
45100.5 51880.9 105.1 7.6 10.4 11.9 
51518.8 52161.9 104.5 7.9 9.3 12.0 
44444.1 50177.7 97.4 8.5 10.4 12.1 
49431.6 52108.1 107.7 7.9 10.0 11.6 
48962.5 53126.4 98.8 7.8 10.5 11.6 
44763.8 52286.7 95.1 8.4 9.6 11.8 
46012.6 50812.1 99.3 8.3 10.2 11.7 

68258.1 69638.1 154.5 13.5 13.6 19.4 

57598.0 54893.3 89.2 11.2 9.9 11.8 
57743.7 55251.0 87.3 10.2 8.9 11.6 
57789.6 52777.7 95.2 10.9 9.3 11.7 

46531.3 50231.5 94.2 8.5 9.7 12.5 
49481.1 52545.8 93.7 7.9 10.0 12.4 
45619.1 51300.2 100.0 7.8 9.9 12.8 
48179.5 53509.9 106.3 8.8 9.8 12.7 
60862.1 66405.0 110.6 11.5 9.8 12.9 

43322.0 54990.5 103.3 8.1 10.0 13.1 
42283.1 52721.1 98.9 7.9 10.0 12.4 
43195.3 51652.3 93.1 8.6 9.8 12.2 
43531.9 51246.4 103.1 7.8 10.6 12.3 
44234.2 53921.8 97.6 8.8 9.9 12.9 

39989.2 53779.1 95.4 9.3 9.3 12.0 
42283.1 52721.1 98.9 7.9 10.0 12.4 
43408.2 55075.1 103.7 9.0 9.1 11.9 
39077.0 54847.8 101.1 8.6 9.4 12.2 
39077.0 54847.8 101.1 8.6 9.5 12.2 
53468.7 59505.5 107.7 8.5 9.7 13.0 
53129.5 61229.7 102.2 9.0 9.5 13.1 
49137.6 59278.2 105.1 8.2 10.0 13.3 
39989.3 53779.1 95.4 9.3 9.3 12.0 
42939.0 56093.4 94.8 8.8 9.5 11.9 
40325.9 53373.2 105.4 8.5 10.1 12.1 
41238.1 52304.5 99.7 9.3 9.9 11.9 
43195.3 51652.3 93.1 8.6 9.8 12.2 
45804.8 58066.8 97.2 9.4 9.3 12.2 

46614.2 52948.3 101.5 8.2 9.6 12.1 
44444.1 50177.7 97.4 8.5 10.4 12.1 
45619.1 51300.2 100.0 7.8 9.9 12.8 
49481.1 52545.8 93.7 7.9 10.0 12.4 
42283.1 52721.1 98.9 7.9 10.0 12.4 
43195.3 51652.3 93.1 8.6 9.8 12.2 
43531.9 51246.4 103.1 7.8 10.6 12.3 
46145.1 53966.6 92.6 8.0 10.1 12.1 

45283.2 57902.0 99.2 8.4 10.1 12.0 
48282.6 56887.0 90.3 9.1 9.2 12.2 
47072.0 53132.6 101.1 8.8 10.7 12.6 
45797.7 57211.7 104.5 8.4 9.4 12.3 
44034.4 59376.6 95.0 8.5 9.5 12.1 

43134.7 56648.2 99.4 9.0 8.7 11.9 
44859.3 54092.8 97.5 8.2 10.5 11.9 
42633.7 54858.1 101.4 8.5 10.0 11.7 
43148.2 54167.9 106.7 8.4 9.3 12.1 
43869.0 55863.8 98.4 9.0 10.0 11.4 
42620.2 57338.4 94.1 9.0 9.4 11.5 
44893.6 53404.1 103.0 7.7 10.3 12.0 
43610.5 55567.4 93.3 8.3 9.9 12.0 
42668.0 54169.4 106.9 8.0 9.7 11.9 
42668.0 54169.4 106.9 8.0 9.8 11.9 
44383.5 55173.6 103.7 8.9 9.4 11.8 
43531.9 51246.4 103.1 7.8 10.6 12.3 

46531.3 50231.5 94.2 8.5 9.7 12.5 
49481.1 52545.8 93.7 7.9 10.0 12.4 
42283.1 52721.1 98.9 7.9 10.0 12.4 
43195.3 51652.3 93.1 8.6 9.8 12.2 
43531.9 51246.4 103.1 7.8 10.6 12.3 
46145.1 53966.6 92.6 8.0 10.1 12.1 

53306.3 59379.1 86.7 10.5 10.3 13.0 
51211.9 59871.0 88.3 10.7 10.3 13.3 
53459.2 57781.2 91.2 10.2 9.8 12.3 
51622.4 51560.9 90.7 11.9 9.9 13.1 
56335.8 57456.7 93.8 11.5 10.1 12.6 
53657.6 54631.0 90.1 11.3 10.3 13.4 
49528.0 52052.9 92.3 12.1 9.8 13.5 
54642.7 55104.6 97.6 11.1 10.0 13.2 
55695.2 53269.7 96.7 11.0 9.3 12.0 

50058.6 53309.4 107.8 8.1 9.6 12.1 
46639.7 52013.4 99.4 8.5 9.8 12.2 
45050.7 51328.1 100.1 8.4 9.6 12.4 

43089.9 58706.9 104.3 9.0 7.9 12.7 
46951.9 59952.4 98.0 9.2 8.0 12.4 
45333.8 58880.4 110.1 9.4 8.3 11.9 
44714.1 59606.8 102.9 10.0 8.9 12.0 
43801.9 60675.5 108.7 9.3 9.0 12.2 
47663.9 61921.1 102.4 9.4 9.1 11.8 
47208.1 55511.4 96.3 9.0 8.3 12.7 

47863.0 51473.7 105.8 8.1 10.2 12.0 
46531.3 50231.5 94.2 8.5 9.7 12.5 
47393.9 52492.0 96.9 7.9 10.7 12.0 
49481.1 52545.8 93.7 7.9 10.0 12.4 
45619.1 51300.2 100.0 7.8 9.9 12.8 
42283.1 52721.1 98.9 7.9 10.0 12.4 
46145.1 53966.6 92.6 8.0 10.1 12.1 
43531.9 51246.4 103.1 7.8 10.6 12.3 
45619.1 51300.2 99.9 7.8 9.9 12.8 

46614.2 52948.3 101.5 8.2 9.6 12.1 
43322.0 54990.5 103.3 8.1 10.0 13.1 
49950.2 51527.5 102.6 8.1 9.5 12.4 
47393.9 52492.0 96.9 7.9 10.7 12.0 
45619.1 51300.2 100.0 7.8 9.9 12.8 
50520.0 54815.3 98.1 8.2 10.0 13.1 
43195.3 51652.3 93.1 8.6 9.8 12.2 
46658.0 53569.7 104.4 8.0 9.9 13.5 
46145.1 53966.6 92.6 8.0 10.1 12.1 

47393.9 52492.0 96.9 7.9 10.7 12.0 
49481.1 52545.8 93.7 7.9 10.0 12.4 
45619.1 51300.2 100.0 7.8 9.9 12.8 
42283.1 52721.1 98.9 7.9 10.0 12.4 
43195.3 51652.3 93.1 8.6 9.8 12.2 
60816.2 68878.3 102.8 10.8 9.3 12.8 
43531.9 51246.4 103.1 7.8 10.6 12.3 

64542.1 74045.5 130.0 13.4 10.9 15.6 
57331.8 67705.3 115.4 14.0 10.7 15.7 
57994.5 75903.4 125.5 13.3 11.9 16.1 
55095.9 72216.8 109.9 13.2 11.1 15.9 
57994.5 75903.4 125.6 13.3 11.9 16.1 
62951.7 82552.1 130.3 12.5 11.5 15.9 

44138.5 52396.8 105.9 7.7 9.8 12.6 
47863.0 51473.7 105.8 8.1 10.2 12.0 
48000.5 53642.4 99.6 7.8 9.9 12.2 
43017.4 51936.7 97.9 7.8 11.3 11.9 
47393.9 52492.0 96.9 7.9 10.7 12.0 
45727.5 53082.2 105.1 7.8 10.0 12.4 
45050.7 51328.1 100.1 8.4 9.6 12.4 
43195.3 51652.3 93.1 8.6 9.8 12.2 
48469.6 52624.1 108.5 8.0 9.4 12.3 
46145.1 53966.6 92.6 8.0 10.1 12.1 

50535.1 51275.2 106.1 7.7 9.5 12.5 
45619.1 51300.2 100.0 7.8 9.9 12.8 
49481.1 52545.8 93.7 7.9 10.0 12.4 
42283.1 52721.1 98.9 7.9 10.0 12.4 
43195.3 51652.3 93.1 8.6 9.8 12.2 
46145.1 53966.6 92.6 8.0 10.1 12.1 

47863.0 51473.7 105.8 8.1 10.2 12.0 
46531.3 50231.5 94.2 8.5 9.7 12.5 
44444.1 50177.7 97.4 8.5 10.4 12.1 
45619.1 51300.2 100.0 7.8 9.9 12.8 
49481.1 52545.8 93.7 7.9 10.0 12.4 
42283.1 52721.1 98.9 7.9 10.0 12.4 
43195.3 51652.3 93.1 8.6 9.8 12.2 
43531.9 51246.4 103.1 7.8 10.6 12.3 

46531.3 50231.5 94.2 8.5 9.7 12.5 
44444.1 50177.7 97.4 8.5 10.4 12.1 
43848.4 53282.6 103.7 8.5 10.2 13.0 

44444.1 50177.7 97.4 8.5 10.4 12.1 
47393.9 52492.0 96.9 7.9 10.7 12.0 
43531.9 51246.4 103.1 7.8 10.6 12.3 

45958.0 50711.5 105.2 9.1 10.6 12.8 
44709.2 52186.1 100.9 9.2 10.0 12.9 

61502.7 70592.1 107.7 11.9 10.6 13.5 

56964.6 64416.8 109.5 11.1 9.5 13.4 
59998.3 66871.7 107.6 10.0 8.8 12.7 
44444.1 50177.7 97.4 8.5 10.4 12.1 
47393.9 52492.0 96.9 7.9 10.7 12.0 
59222.3 65158.5 108.2 11.1 9.4 13.3 
56964.6 64416.9 109.5 11.1 9.5 13.4 
43195.3 51652.3 93.1 8.6 9.8 12.2 
56918.7 66890.1 101.7 10.4 9.1 13.2 
60044.1 64398.5 115.5 10.7 9.2 12.9 
60065.9 69651.7 108.7 9.9 9.5 13.0 
57808.1 68910.0 110.0 9.9 9.7 13.1 

48862.1 52831.2 97.9 7.4 10.5 11.6 
44183.2 51993.0 94.4 7.6 10.0 11.6 
45912.3 50516.9 98.5 7.9 10.2 11.7 
45745.5 52452.1 102.9 7.2 9.5 12.8 
46607.1 51640.9 101.2 6.8 10.1 12.1 
44519.9 51587.2 104.4 6.8 10.8 11.7 
43271.0 53061.8 100.1 6.9 10.2 11.8 
45000.1 51585.6 104.2 7.2 10.4 11.9 
45432.1 50518.4 98.7 7.5 10.7 11.5 
43195.3 51652.3 93.1 8.6 9.8 12.2 
42409.5 53873.0 101.8 7.3 9.6 12.4 
43531.9 51246.4 103.1 7.8 10.6 12.3 

57598.0 54893.3 89.2 11.2 9.9 11.8 
54710.1 52796.1 89.3 11.2 9.6 12.3 
57743.7 55251.0 87.3 10.2 8.9 11.6 
52085.5 59128.8 91.1 9.6 10.5 12.0 
54664.2 55269.3 81.4 10.5 9.2 12.1 
57789.6 52777.7 95.2 10.9 9.3 11.7 
54321.4 54617.3 96.6 10.4 10.0 11.7 

44485.6 52275.8 98.9 7.3 11.0 11.6 
43929.6 50868.0 92.1 8.5 11.1 11.7 
43929.6 50868.0 92.1 8.6 11.1 11.7 
45912.3 50516.9 98.5 7.9 10.2 11.7 
43017.4 51936.7 97.9 7.8 11.3 11.9 
41768.6 53411.3 93.6 7.9 10.7 12.0 
48816.7 52503.1 101.5 7.6 10.7 11.2 

46614.2 52948.3 101.5 8.2 9.6 12.1 
47863.0 51473.7 105.8 8.1 10.2 12.0 
47393.9 52492.0 96.9 7.9 10.7 12.0 
44444.1 50177.7 97.4 8.5 10.4 12.1 
45619.1 51300.2 100.0 7.8 9.9 12.8 
49481.1 52545.8 93.7 7.9 10.0 12.4 
42283.1 52721.1 98.9 7.9 10.0 12.4 
43531.9 51246.4 103.1 7.8 10.6 12.3 

54423.3 56112.1 101.5 8.3 11.2 11.9 
50269.7 57977.7 99.3 8.0 11.1 12.7 
47220.8 54098.7 104.2 8.1 8.8 12.4 
48880.2 55222.0 101.8 7.8 9.6 11.9 
48469.6 52624.1 108.5 8.0 9.4 12.3 
48212.4 52757.5 90.9 8.5 9.8 12.3 
44138.5 52396.8 105.9 7.7 9.8 12.6 
51473.5 53797.8 102.0 8.8 10.9 12.0 
51838.2 56016.8 117.1 7.6 9.9 13.1 
47393.9 52492.0 96.9 7.9 10.7 12.0 
42889.7 53871.4 101.6 7.8 9.2 12.7 
50074.9 58181.7 107.5 7.8 9.9 12.8 
56510.5 56165.8 98.3 8.3 10.5 12.3 
55185.7 57952.7 105.5 7.9 10.6 12.4 
46145.1 53966.6 92.6 8.0 10.1 12.1 

46614.2 52948.3 101.5 8.2 9.6 12.1 
44444.1 50177.7 97.4 8.5 10.4 12.1 
47393.9 52492.0 96.9 7.9 10.7 12.0 
43195.3 51652.3 93.1 8.6 9.8 12.2 
43531.9 51246.4 103.1 7.8 10.6 12.3 

59228.3 64166.9 120.0 11.9 9.8 14.0 
62301.8 65140.1 114.2 10.8 9.1 12.8 
59182.4 66640.1 112.2 11.2 9.4 13.9 

46776.8 50051.8 92.3 8.0 10.0 12.6 
48108.5 51294.0 103.9 7.7 10.5 12.0 
44047.4 52622.9 94.0 8.0 9.2 12.5 
46471.2 52270.8 100.8 7.2 9.3 13.1 
49481.1 52545.8 93.7 7.9 10.0 12.4 
50802.3 52498.1 103.4 7.5 9.0 12.8 
48715.2 52444.3 106.6 7.6 9.7 12.3 
45864.6 51120.5 98.1 7.3 10.1 12.8 
47383.4 51202.1 95.0 7.9 9.1 12.9 
44384.0 52217.1 104.0 7.2 10.0 12.6 
49726.6 52366.1 91.8 7.5 10.2 12.5 
49950.2 51527.5 102.6 8.1 9.5 12.4 
48246.0 53462.6 97.7 7.4 10.1 12.3 
50333.2 53516.4 94.5 7.4 9.4 12.8 

46614.2 52948.3 101.5 8.2 9.6 12.1 
44444.1 50177.7 97.4 8.5 10.4 12.1 
47393.9 52492.0 96.9 7.9 10.7 12.0 
49481.1 52545.8 93.7 7.9 10.0 12.4 
47570.2 52501.0 98.7 8.7 9.8 13.2 
43195.3 51652.3 93.1 8.6 9.8 12.2 
43531.9 51246.4 103.1 7.8 10.6 12.3 
45619.1 51300.2 99.9 7.8 9.9 12.8 
46145.1 53966.6 92.6 8.0 10.1 12.1 

46614.2 52948.3 101.5 8.2 9.6 12.1 
47863.0 51473.7 105.8 8.1 10.2 12.0 
47393.9 52492.0 96.9 7.9 10.7 12.0 
44444.1 50177.7 97.4 8.5 10.4 12.1 
59870.6 53374.6 102.5 10.9 10.2 12.1 
42283.1 52721.1 98.9 7.9 10.0 12.4 
43531.9 51246.4 103.1 7.8 10.6 12.3 

46531.3 50231.5 94.2 8.5 9.7 12.5 
47393.9 52492.0 96.9 7.9 10.7 12.0 
44444.1 50177.7 97.4 8.5 10.4 12.1 
45619.1 51300.2 100.0 7.8 9.9 12.8 
49481.1 52545.8 93.7 7.9 10.0 12.4 
42283.1 52721.1 98.9 7.9 10.0 12.4 
45612.4 56309.4 102.9 10.4 8.7 12.3 
43195.3 51652.3 93.1 8.6 9.8 12.2 
45005.8 55159.1 100.2 10.5 9.5 12.0 
48411.6 58331.9 104.1 10.7 9.1 12.2 
46145.1 53966.6 92.6 8.0 10.1 12.1 
43531.9 51246.4 103.1 7.8 10.6 12.3 

50436.2 57714.4 115.2 8.1 11.3 13.9 
52672.2 53202.8 120.7 8.9 10.9 13.7 
46730.5 52140.5 102.3 9.5 10.3 12.8 
45818.3 53209.2 108.0 8.8 10.5 13.0 
48773.0 56921.5 96.3 8.4 10.3 12.6 
52470.4 49713.0 119.0 10.0 10.6 13.6 

44444.1 50177.7 97.4 8.5 10.4 12.1 
42283.1 52721.1 98.9 7.9 10.0 12.4 
43195.3 51652.3 93.1 8.6 9.8 12.2 
46145.1 53966.6 92.6 8.0 10.1 12.1 
43531.9 51246.4 103.1 7.8 10.6 12.3 
48459.6 56639.2 101.0 8.0 10.6 12.5 

46614.2 52948.3 101.5 8.2 9.6 12.1 
44444.1 50177.7 97.4 8.5 10.4 12.1 
47570.2 52501.0 98.7 8.7 9.8 13.2 
44234.2 53921.8 97.6 8.8 9.9 12.9 
43531.9 51246.4 103.1 7.8 10.6 12.3 

43089.9 58706.9 104.3 9.0 7.9 12.7 
52309.9 52467.0 103.1 7.9 10.2 11.7 
50535.1 51275.2 106.1 7.7 9.5 12.5 
41002.7 58653.1 107.5 9.0 8.6 12.3 
44444.1 50177.7 97.4 8.5 10.4 12.1 
45619.1 51300.2 100.0 7.8 9.9 12.8 
42283.1 52721.1 98.9 7.9 10.0 12.4 
48447.9 51221.4 109.3 7.7 10.1 12.0 
43195.3 51652.3 93.1 8.6 9.8 12.2 
39753.9 60127.7 103.2 9.1 8.0 12.4 
46145.1 53966.6 92.6 8.0 10.1 12.1 

51232.0 56783.9 102.5 8.4 11.1 12.6 
47033.4 55944.2 98.8 9.0 10.2 12.8 

45707.1 53031.2 107.8 7.5 9.5 12.2 
43801.9 52802.7 95.8 8.5 9.0 12.5 
49969.8 59459.6 97.0 9.3 9.6 11.5 
48706.5 52016.3 98.9 8.2 8.7 12.4 
45050.7 51328.1 100.1 8.4 9.6 12.4 
50038.2 53258.5 110.4 7.8 9.2 11.9 
48182.7 53582.7 103.4 8.0 9.4 11.7 
43851.6 53355.5 100.8 7.7 9.7 12.0 
48000.5 53642.4 99.6 7.8 9.9 12.2 
45100.5 51880.9 105.1 7.6 10.4 11.9 
49569.1 54276.8 101.5 7.7 9.6 11.8 
49550.9 57139.4 96.5 8.2 9.6 12.3 
43195.3 51652.3 93.1 8.6 9.8 12.2 
46012.6 50812.1 99.3 8.3 10.2 11.7 

47863.0 51473.7 105.8 8.1 10.2 12.0 
42283.1 52721.1 98.9 7.9 10.0 12.4 
43195.3 51652.3 93.1 8.6 9.8 12.2 
43531.9 51246.4 103.1 7.8 10.6 12.3 
46145.1 53966.6 92.6 8.0 10.1 12.1 

46614.2 52948.3 101.5 8.2 9.6 12.1 
48182.7 53582.7 103.4 8.0 9.4 11.7 
43851.6 53355.5 100.8 7.7 9.7 12.0 
44586.0 52571.1 99.8 7.7 11.0 11.5 
45100.5 51880.9 105.1 7.6 10.4 11.9 
51809.4 53097.2 114.9 7.1 10.5 11.8 
49431.6 52108.1 107.7 7.9 10.0 11.6 
47199.1 55291.3 89.2 7.9 10.5 11.3 
44763.8 52286.7 95.1 8.4 9.6 11.8 
48917.1 52798.4 102.4 8.0 10.7 11.2 
46012.6 50812.1 99.3 8.3 10.2 11.7 

53729.1 74561.6 111.4 10.0 10.9 14.4 
58833.7 66979.7 115.6 10.3 9.8 12.7 
54913.8 63673.1 114.1 10.9 9.7 13.1 
55302.4 61851.9 106.7 11.7 9.3 13.7 
56608.6 53206.0 100.9 10.8 9.6 12.8 
54722.2 65788.7 108.2 11.2 10.3 13.2 
53862.6 63116.8 103.2 12.3 10.0 13.8 

43195.3 51652.3 93.1 8.6 9.8 12.2 

50103.3 56436.0 111.5 9.2 9.5 13.8 
55384.5 58296.3 122.4 11.3 10.7 13.8 
49050.6 56118.1 103.0 8.9 9.5 13.7 
53270.8 57384.8 116.8 8.6 10.2 13.3 
52559.2 59858.7 113.1 9.9 9.4 13.8 
50570.6 57842.2 107.1 9.8 10.1 13.4 
58334.3 60610.6 121.9 10.7 11.0 13.7 
49964.0 56691.9 104.4 9.9 10.9 13.1 

50886.2 56894.7 112.1 9.5 10.1 14.0 

46614.2 52948.3 101.5 8.2 9.6 12.1 
46751.7 55117.0 95.3 7.9 9.3 12.3 
47220.8 54098.7 104.2 8.1 8.8 12.4 
42889.7 53871.4 101.6 7.8 9.2 12.7 
43801.9 52802.7 95.8 8.5 9.0 12.5 
46145.1 53966.6 92.6 8.0 10.1 12.1 

47850.0 49608.9 91.8 8.7 9.5 12.2 
44850.6 50623.8 100.7 8.0 10.3 12.0 
46937.8 50677.6 97.5 8.0 9.6 12.4 
45762.8 49555.1 95.0 8.8 10.2 11.7 
49481.1 52545.8 93.7 7.9 10.0 12.4 
44850.6 50623.8 100.7 8.0 10.4 12.0 
42283.1 52721.1 98.9 7.9 10.0 12.4 
51268.9 50904.9 100.2 8.4 9.3 12.1 
43195.3 51652.3 93.1 8.6 9.8 12.2 
43531.9 51246.4 103.1 7.8 10.6 12.3 
46145.1 53966.6 92.6 8.0 10.1 12.1 

46790.2 52782.9 108.1 9.3 10.9 13.3 

42401.0 49132.4 98.2 7.4 9.8 12.2 
46881.0 46561.5 95.2 7.9 10.0 12.5 
43545.0 47982.3 94.1 8.0 10.1 12.1 
43881.7 47576.4 104.1 7.2 10.9 12.3 
46263.0 50378.0 91.9 7.5 9.9 11.8 
43649.9 47657.8 102.5 7.3 10.4 12.1 
47743.7 48822.0 97.8 7.4 11.0 11.9 
42632.8 49051.0 99.8 7.3 10.3 12.4 
46494.8 50296.6 93.6 7.5 10.4 12.0 
46145.1 53966.6 92.6 8.0 10.1 12.1 

46531.3 50231.5 94.2 8.5 9.7 12.5 
44444.1 50177.7 97.4 8.5 10.4 12.1 
43582.3 57720.8 102.5 8.0 10.9 13.2 
47570.2 52501.0 98.7 8.7 9.8 13.2 
60624.6 70993.9 96.8 11.1 9.9 12.9 

46614.2 52948.3 101.5 8.2 9.6 12.1 
47863.0 51473.7 105.8 8.1 10.2 12.0 
49950.2 51527.5 102.6 8.1 9.5 12.4 
47393.9 52492.0 96.9 7.9 10.7 12.0 
44444.1 50177.7 97.4 8.5 10.4 12.1 
49481.1 52545.8 93.7 7.9 10.0 12.4 
43195.3 51652.3 93.1 8.6 9.8 12.2 
46145.1 53966.6 92.6 8.0 10.1 12.1 

48862.1 52831.2 97.9 7.4 10.5 11.6 
45912.3 50516.9 98.5 7.9 10.2 11.7 
44444.1 50177.7 97.4 8.5 10.4 12.1 
44663.5 51991.5 94.2 8.0 9.6 11.8 
47393.9 52492.0 96.9 7.9 10.7 12.0 
42283.1 52721.1 98.9 7.9 10.0 12.4 
47087.3 51639.4 101.0 7.2 9.7 12.4 
45000.1 51585.6 104.2 7.2 10.4 11.9 

48021.7 61144.6 116.4 9.7 12.4 15.3 
53281.1 57445.8 121.5 8.6 10.9 14.4 
53145.6 58730.3 121.9 10.4 12.2 14.7 
49571.3 56238.0 114.6 8.2 11.1 14.3 
53099.7 61203.5 114.0 9.7 11.8 14.5 

59361.1 62328.4 138.2 12.4 12.4 16.4 

46614.2 52948.3 101.5 8.2 9.6 12.1 
52309.9 52467.0 103.1 7.9 10.2 11.7 
50535.1 51275.2 106.1 7.7 9.5 12.5 
49360.1 50152.7 103.6 8.4 10.0 11.8 
49950.2 51527.5 102.6 8.1 9.5 12.4 
46531.3 50231.5 94.2 8.5 9.7 12.5 
47393.9 52492.0 96.9 7.9 10.7 12.0 
49481.1 52545.8 93.7 7.9 10.0 12.4 
42283.1 52721.1 98.9 7.9 10.0 12.4 
48447.9 51221.4 109.3 7.7 10.1 12.0 
43195.3 51652.3 93.1 8.6 9.8 12.2 

46614.2 52948.3 101.5 8.2 9.6 12.1 
42401.0 49132.4 98.2 7.4 9.8 12.2 
57736.7 68896.6 96.8 11.1 9.6 13.3 
46263.0 50378.0 91.9 7.5 9.9 11.8 
57736.7 68896.6 96.9 11.1 9.6 13.3 
43649.9 47657.8 102.5 7.3 10.4 12.1 
46732.2 49359.7 100.8 7.7 9.5 11.9 
42283.1 52721.1 98.9 7.9 10.0 12.4 
44562.1 46589.1 96.8 8.0 10.3 11.8 
43313.3 48063.7 92.5 8.1 9.6 12.0 
43195.3 51652.3 93.1 8.6 9.8 12.2 

44760.6 52213.9 98.0 9.2 10.0 12.8 
45627.4 58638.2 101.2 10.3 10.0 13.1 

47863.0 51473.7 105.8 8.1 10.2 12.0 
46531.3 50231.5 94.2 8.5 9.7 12.5 
44444.1 50177.7 97.4 8.5 10.4 12.1 
45619.1 51300.2 100.0 7.8 9.9 12.8 
47570.2 52501.0 98.7 8.7 9.8 13.2 
48179.5 53509.9 106.3 8.8 9.8 12.7 
43531.9 51246.4 103.1 7.8 10.6 12.3 

43777.4 51066.7 101.3 7.3 10.8 12.4 
44384.0 52217.1 104.0 7.2 10.0 12.6 
43511.0 55602.1 90.6 8.7 9.4 12.1 
45864.6 51120.5 98.1 7.3 10.1 12.8 
42598.8 56670.9 96.4 8.0 9.6 12.4 
45619.1 51300.2 99.9 7.8 9.9 12.8 

47863.0 51473.7 105.8 8.1 10.2 12.0 
44444.1 50177.7 97.4 8.5 10.4 12.1 
47393.9 52492.0 96.9 7.9 10.7 12.0 
49481.1 52545.8 93.7 7.9 10.0 12.4 
43195.3 51652.3 93.1 8.6 9.8 12.2 
43531.9 51246.4 103.1 7.8 10.6 12.3 

46614.2 52948.3 101.5 8.2 9.6 12.1 
47863.0 51473.7 105.8 8.1 10.2 12.0 
42283.1 52721.1 98.9 7.9 10.0 12.4 
43195.3 51652.3 93.1 8.6 9.8 12.2 
46145.1 53966.6 92.6 8.0 10.1 12.1 

54710.1 52796.1 89.3 11.2 9.6 12.3 
55379.6 50942.7 97.3 10.7 9.2 12.1 
52300.1 50961.0 91.4 11.1 9.5 12.6 
50064.1 55472.6 85.8 10.2 9.9 12.9 

50319.5 55666.3 101.0 7.6 10.7 11.9 
44570.5 51329.6 100.3 8.0 10.1 12.1 
49950.2 51527.5 102.6 8.1 9.5 12.4 
50788.6 54648.0 109.9 7.8 10.3 11.9 
43658.3 52398.4 106.1 7.2 10.2 12.3 
46657.7 51383.4 97.1 8.0 9.4 12.6 
47989.4 52625.6 108.7 7.6 9.9 12.0 
47393.9 52492.0 96.9 7.9 10.7 12.0 
49481.1 52545.8 93.7 7.9 10.0 12.4 
45619.1 51300.2 100.0 7.8 9.9 12.8 
50319.5 55666.3 101.0 7.7 10.7 11.9 

49681.5 56645.9 106.7 9.5 11.1 13.1 
48089.5 57782.6 111.8 9.4 11.8 14.1 
48696.1 58933.0 114.5 9.3 11.0 14.4 
50196.0 55955.7 112.0 9.4 10.4 13.5 

50628.3 57074.8 113.7 9.8 11.3 13.9 

60249.3 72712.0 112.0 10.1 10.7 13.7 
62485.2 68200.5 117.5 11.0 10.3 13.4 

48295.8 52702.1 107.2 10.2 10.5 13.3 
47710.4 54528.2 97.4 8.6 10.3 12.6 
47710.4 54528.2 97.5 8.7 10.3 12.6 
47184.0 56236.1 97.0 8.3 10.1 12.8 
47710.4 54528.2 97.4 8.7 10.3 12.6 

48809.9 54038.1 105.6 10.8 11.8 13.8 
47802.5 56368.8 94.9 8.6 10.1 12.5 
44852.7 54054.5 95.4 9.2 9.9 12.7 

49950.2 51527.5 102.6 8.1 9.5 12.4 
45619.1 51300.2 100.0 7.8 9.9 12.8 
49481.1 52545.8 93.7 7.9 10.0 12.4 
43195.3 51652.3 93.1 8.6 9.8 12.2 
48098.7 57008.8 100.7 7.9 10.0 12.6 

59005.4 72691.9 115.6 12.1 10.8 14.6 
57615.9 71535.9 111.3 11.6 11.6 13.9 
61241.3 68180.4 121.1 13.0 10.3 14.4 

44709.2 52186.1 100.9 9.2 10.0 12.9 
43624.0 53087.0 100.6 7.7 10.5 12.2 
48045.2 50765.2 102.0 9.1 9.9 13.3 
43531.9 51246.4 103.1 7.8 10.6 12.3 

43929.6 50868.0 92.1 8.6 11.1 11.7 
47220.8 54098.7 104.2 8.1 8.8 12.4 
46531.3 50231.5 94.2 8.5 9.7 12.5 
47393.9 52492.0 96.9 7.9 10.7 12.0 
49481.1 52545.8 93.7 7.9 10.0 12.4 
54601.4 52094.5 108.8 10.1 9.6 13.9 
42375.2 54561.6 96.3 7.8 9.9 12.3 
48469.6 52624.1 108.5 8.0 9.4 12.3 
43531.9 51246.4 103.1 7.8 10.6 12.3 

66340.3 65407.2 145.8 12.5 13.7 17.7 

44760.6 52213.9 98.0 9.2 10.0 12.7 
47067.1 51734.6 112.3 8.7 11.1 12.9 
45818.3 53209.2 108.0 8.8 10.5 13.0 
47710.4 54528.2 97.5 8.7 10.3 12.6 
48179.5 53509.9 106.3 8.8 9.8 12.6 

48709.5 49233.7 104.0 7.3 10.4 12.0 
46934.7 48041.9 107.1 7.2 9.6 12.8 
45759.7 46919.4 104.6 7.9 10.1 12.1 
47393.9 52492.0 96.9 7.9 10.7 12.0 
49481.1 52545.8 93.7 7.9 10.0 12.4 
45619.1 51300.2 100.0 7.8 9.9 12.8 
42283.1 52721.1 98.9 7.9 10.0 12.4 
47846.9 46973.2 101.4 7.9 9.4 12.6 
43195.3 51652.3 93.1 8.6 9.8 12.2 
43531.9 51246.4 103.1 7.8 10.6 12.3 

46614.2 52948.3 101.5 8.2 9.6 12.1 
42283.1 52721.1 98.9 7.9 10.0 12.4 
43195.3 51652.3 93.1 8.6 9.8 12.2 

48880.0 58913.6 102.9 8.8 8.4 12.1 
44548.9 58686.3 100.3 8.4 8.8 12.4 
45461.1 57617.6 94.5 9.2 8.6 12.2 
42959.9 58000.9 101.0 8.4 8.6 12.6 
43872.1 56932.2 95.2 9.1 8.4 12.3 
46709.9 56143.0 98.8 9.1 9.2 12.1 
45797.7 57211.7 104.5 8.4 9.4 12.3 
47291.0 58228.2 103.6 8.7 8.2 12.2 

47506.7 56124.3 92.5 8.0 9.8 11.8 
44570.5 51329.6 100.3 8.0 10.1 12.1 
43644.7 54878.7 98.8 7.8 9.7 12.1 
44444.1 50177.7 97.4 8.5 10.4 12.1 
47393.9 52492.0 96.9 7.9 10.7 12.0 
43321.7 52804.2 96.1 8.1 9.5 12.2 
44893.6 53404.1 103.0 7.7 10.3 12.0 
45805.8 52335.4 97.3 8.4 10.1 11.8 
47975.9 55106.0 101.4 8.1 9.3 11.8 
43195.3 51652.3 93.1 8.6 9.8 12.2 

46751.7 55117.0 95.3 7.9 9.3 12.3 
47220.8 54098.7 104.2 8.1 8.8 12.4 
42283.1 52721.1 98.9 7.9 10.0 12.4 
42889.7 53871.4 101.6 7.8 9.2 12.7 
43801.9 52802.7 95.8 8.5 9.0 12.5 
43195.3 51652.3 93.1 8.6 9.8 12.2 
46145.1 53966.6 92.6 8.0 10.1 12.1 

60862.1 66405.1 110.6 11.5 9.8 12.9 
60670.5 68520.6 104.7 11.8 10.3 13.0 
57782.5 66423.4 104.7 11.8 10.1 13.4 
60816.2 68878.3 102.8 10.8 9.3 12.8 
57782.6 66423.4 104.7 11.8 10.1 13.4 

46614.2 52948.3 101.5 8.2 9.6 12.1 
61648.4 70949.7 105.8 10.9 9.6 13.3 
47393.9 52492.0 96.9 7.9 10.7 12.0 
49481.1 52545.8 93.7 7.9 10.0 12.4 
45619.1 51300.2 100.0 7.8 9.9 12.8 
42283.1 52721.1 98.9 7.9 10.0 12.4 
42889.7 53871.4 101.6 7.8 9.2 12.7 
43195.3 51652.3 93.1 8.6 9.8 12.2 
46145.1 53966.6 92.6 8.0 10.1 12.1 

47863.0 51473.7 105.8 8.1 10.2 12.0 
47393.9 52492.0 96.9 7.9 10.7 12.0 
44444.1 50177.7 97.4 8.5 10.4 12.1 
42283.1 52721.1 98.9 7.9 10.0 12.4 
43195.3 51652.3 93.1 8.6 9.8 12.2 
43531.9 51246.4 103.1 7.8 10.6 12.3 
46145.1 53966.6 92.6 8.0 10.1 12.1 

54710.1 52796.1 89.3 11.2 9.6 12.3 
49006.0 59147.2 85.2 9.9 10.8 12.5 
57743.7 55251.0 87.3 10.2 8.9 11.6 
55553.6 57289.3 89.7 10.0 9.8 12.0 
52085.5 59128.8 91.1 9.6 10.5 12.0 
57789.6 52777.7 95.2 10.9 9.3 11.7 
54321.4 54617.3 96.6 10.4 10.0 11.7 

47863.0 51473.7 105.8 8.1 10.2 12.0 
44760.6 52213.9 98.0 9.2 10.0 12.8 
47393.9 52492.0 96.9 7.9 10.7 12.0 
43848.4 53282.6 103.7 8.5 10.2 13.0 
43531.9 51246.4 103.1 7.8 10.6 12.3 

47863.0 51473.7 105.8 8.1 10.2 12.0 
47393.9 52492.0 96.9 7.9 10.7 12.0 
44444.1 50177.7 97.4 8.5 10.4 12.1 
49481.1 52545.8 93.7 7.9 10.0 12.4 
45619.1 51300.2 100.0 7.8 9.9 12.8 
42283.1 52721.1 98.9 7.9 10.0 12.4 
43195.3 51652.3 93.1 8.6 9.8 12.2 
46145.1 53966.6 92.6 8.0 10.1 12.1 

46614.2 52948.3 101.5 8.2 9.6 12.1 
49950.2 51527.5 102.6 8.1 9.5 12.4 
42283.1 52721.1 98.9 7.9 10.0 12.4 
43195.3 51652.3 93.1 8.6 9.8 12.2 
60816.2 68878.3 102.8 10.8 9.3 12.8 
46145.1 53966.6 92.6 8.0 10.1 12.1 

45912.3 50516.9 98.5 7.9 10.2 11.7 
44444.1 50177.7 97.4 8.5 10.4 12.1 
44663.5 51991.5 94.2 8.0 9.6 11.8 
49481.1 52545.8 93.7 7.9 10.0 12.4 
42283.1 52721.1 98.9 7.9 10.0 12.4 
43751.3 53060.2 99.9 7.3 9.7 12.0 
50949.3 52884.9 94.7 7.4 9.7 12.0 
43195.3 51652.3 93.1 8.6 9.8 12.2 
43531.9 51246.4 103.1 7.8 10.6 12.3 
46145.1 53966.6 92.6 8.0 10.1 12.1 

44138.5 52396.8 105.9 7.7 9.8 12.6 
46706.3 54788.9 98.9 8.2 9.5 12.0 
44698.6 57664.9 103.6 8.8 9.1 12.1 
47220.8 54098.7 104.2 8.1 8.8 12.4 
42375.2 54561.6 96.3 7.8 9.9 12.3 
43287.4 53492.9 90.6 8.5 9.7 12.1 
42889.7 53871.4 101.6 7.8 9.2 12.7 
43801.9 52802.7 95.8 8.5 9.0 12.5 
49550.9 57139.4 96.5 8.2 9.6 12.3 
46237.2 55807.2 90.0 8.0 9.9 12.0 

44737.2 54853.2 106.0 8.5 9.5 12.0 
46639.7 52013.4 99.4 8.5 9.8 12.2 
45649.4 53784.5 100.3 9.2 9.3 11.7 
45050.7 51328.1 100.1 8.4 9.6 12.4 
44060.4 53099.1 101.0 9.2 9.1 11.9 

48340.7 55802.3 94.6 8.0 9.5 12.2 
50259.7 54465.4 99.2 8.5 10.4 12.3 
52346.9 54519.2 96.0 8.5 9.7 12.7 
44478.7 54556.8 100.9 7.9 9.4 12.6 
55057.7 60190.9 107.0 8.6 9.9 12.9 

47863.0 51473.7 105.8 8.1 10.2 12.0 
50989.1 53797.0 107.0 8.3 9.6 13.1 
47863.0 51473.7 105.7 8.1 10.2 12.0 
47184.0 56236.1 97.0 8.3 10.1 12.8 
43195.3 51652.3 93.1 8.6 9.8 12.2 
44234.2 53921.8 97.6 8.8 9.9 12.9 

42959.9 58000.9 101.0 8.4 8.6 12.6 
46295.9 56580.1 102.1 8.3 8.5 12.9 
43872.1 56932.2 95.2 9.1 8.4 12.3 
50627.0 56807.4 104.7 8.6 8.1 12.6 
44444.1 50177.7 97.4 8.5 10.4 12.1 
49481.1 52545.8 93.7 7.9 10.0 12.4 
42283.1 52721.1 98.9 7.9 10.0 12.4 
47208.1 55511.4 96.3 9.0 8.3 12.7 
47291.0 58228.2 103.6 8.7 8.2 12.2 

42401.0 49132.4 98.2 7.4 9.8 12.2 
46263.0 50378.0 91.9 7.5 9.9 11.8 
43649.9 47657.8 102.5 7.3 10.4 12.1 
47511.9 48903.4 96.2 7.4 10.5 11.7 
44562.1 46589.1 96.8 8.0 10.3 11.8 
47981.0 47885.1 105.1 7.6 10.1 11.7 
46649.3 46642.9 93.6 8.0 9.6 12.3 

47863.0 51473.7 105.8 8.1 10.2 12.0 
43658.3 52398.4 106.1 7.3 10.2 12.3 
43728.1 53250.3 99.4 7.6 9.4 12.1 
44570.5 51329.6 100.3 8.0 10.1 12.1 
46937.8 50677.6 97.5 8.0 9.6 12.4 
45762.8 49555.1 95.0 8.8 10.2 11.7 
44976.9 51775.7 103.7 7.5 10.0 12.0 
57743.7 55251.0 87.3 10.2 8.9 11.6 
44850.6 50623.8 100.7 8.0 10.4 12.0 
57789.6 52777.7 95.2 10.9 9.3 11.7 
42409.5 53873.0 101.8 7.3 9.6 12.4 
43531.9 51246.4 103.1 7.8 10.6 12.3 

44920.0 55238.1 108.1 9.4 10.4 13.8 

44485.6 52275.8 98.9 7.3 11.0 11.6 
47485.0 51260.9 90.0 8.0 10.2 11.8 
45711.2 53140.8 97.4 7.7 9.8 12.7 
44149.0 52681.7 88.9 8.1 10.3 11.4 
46572.8 52329.6 95.7 7.3 10.3 12.0 
45912.3 50516.9 98.5 7.9 10.2 11.7 
44536.2 52018.3 94.8 8.5 10.3 12.0 
47087.3 51639.4 101.0 7.2 9.7 12.4 
45000.1 51585.6 104.2 7.2 10.4 11.9 
45397.8 51207.1 93.2 8.0 10.9 11.3 
48816.7 52503.1 101.5 7.6 10.7 11.2 

45737.1 47711.6 99.3 7.3 9.7 12.5 
43649.9 47657.8 102.5 7.3 10.4 12.1 
47511.9 48903.4 96.2 7.4 10.5 11.7 
49599.1 48957.2 93.0 7.4 9.8 12.2 
42283.1 52721.1 98.9 7.9 10.0 12.4 
43195.3 51652.3 93.1 8.6 9.8 12.2 
47981.0 47885.1 105.1 7.6 10.1 11.7 
60816.2 68878.3 102.8 10.8 9.3 12.8 

49950.2 51527.5 102.6 8.1 9.5 12.4 
44444.1 50177.7 97.4 8.5 10.4 12.1 
47393.9 52492.0 96.9 7.9 10.7 12.0 
57789.6 52777.7 95.2 10.9 9.3 11.7 

49950.2 51527.5 102.6 8.1 9.5 12.4 
45619.1 51300.2 100.0 7.8 9.9 12.8 
49481.1 52545.8 93.7 7.9 10.0 12.4 
62256.0 67613.4 106.3 10.1 8.6 12.6 
62301.8 65140.1 114.2 10.8 9.1 12.8 
43531.9 51246.4 103.1 7.8 10.6 12.3 

46614.2 52948.3 101.5 8.2 9.6 12.1 
47863.0 51473.7 105.8 8.1 10.2 12.0 
60909.4 57632.7 94.4 11.3 9.8 12.0 
47393.9 52492.0 96.9 7.9 10.7 12.0 
58021.5 55535.5 94.5 11.4 9.5 12.5 
61101.0 55517.1 100.4 11.0 9.2 12.0 
57789.6 52777.7 95.2 10.9 9.3 11.7 
43195.3 51652.3 93.1 8.6 9.8 12.2 
57975.6 58008.7 86.6 10.7 9.1 12.3 
46145.1 53966.6 92.6 8.0 10.1 12.1 

45755.7 54036.3 112.6 8.2 8.8 13.0 
43806.9 52652.7 109.0 9.5 8.9 12.5 
45242.8 54433.3 100.8 8.3 8.9 11.6 
48578.8 53012.4 101.8 8.2 8.8 12.0 
45835.7 49586.3 109.1 7.2 10.0 12.0 
42939.0 56093.4 94.8 8.8 9.5 11.9 
44709.2 52186.1 100.9 9.2 10.0 12.9 
42283.1 52721.1 98.9 7.9 10.0 12.4 
44187.9 54618.8 99.1 8.7 10.1 11.8 
46491.6 52958.6 105.0 8.2 9.5 11.5 
40115.9 57117.3 105.5 8.9 9.5 12.9 

46614.2 52948.3 101.5 8.2 9.6 12.1 
47863.0 51473.7 105.8 8.1 10.2 12.0 
47393.9 52492.0 96.9 7.9 10.7 12.0 
49481.1 52545.8 93.7 7.9 10.0 12.4 
42283.1 52721.1 98.9 7.9 10.0 12.4 
43195.3 51652.3 93.1 8.6 9.8 12.2 
43531.9 51246.4 103.1 7.8 10.6 12.3 
48045.2 50765.2 102.0 9.1 9.9 13.3 

79101.3 87294.6 162.0 16.1 13.0 19.3 
67668.5 66255.5 152.2 13.4 13.1 18.6 

39077.0 54847.8 101.1 8.6 9.5 12.2 
48241.3 52333.2 102.7 9.2 8.8 12.1 
50535.1 51275.2 106.1 7.7 9.5 12.5 
49573.0 53575.4 114.2 8.8 9.3 11.5 
45241.9 53348.2 111.6 8.5 9.6 11.8 
42413.1 53427.0 102.2 8.5 9.4 12.6 
54866.2 51502.4 108.8 8.0 9.1 12.2 
43325.3 52358.2 96.5 9.2 9.2 12.3 
47329.1 53401.9 108.4 8.5 8.9 12.3 

79604.4 91122.7 157.8 17.7 13.7 19.7 
77057.6 93079.3 174.0 18.7 14.7 20.7 
79604.4 91122.7 157.9 17.7 13.7 19.7 

48845.6 50842.9 98.3 8.5 10.7 11.4 
52309.9 52467.0 103.1 7.9 10.2 11.7 
49360.1 50152.7 103.6 8.4 10.0 11.8 
47393.9 52492.0 96.9 7.9 10.7 12.0 

47393.9 52492.0 96.9 7.9 10.7 12.0 
42283.1 52721.1 98.9 7.9 10.0 12.4 
43531.9 51246.4 103.1 7.8 10.6 12.3 

60862.1 66405.1 110.6 11.5 9.8 12.9 
44444.1 50177.7 97.4 8.5 10.4 12.1 
60816.2 68878.3 102.8 10.8 9.3 12.8 
44234.2 53921.8 97.6 8.8 9.9 12.9 

46531.3 50231.5 94.2 8.5 9.7 12.5 
47393.9 52492.0 96.9 7.9 10.7 12.0 
44444.1 50177.7 97.4 8.5 10.4 12.1 
49481.1 52545.8 93.7 7.9 10.0 12.4 
43195.3 51652.3 93.1 8.6 9.8 12.2 
49010.9 55940.0 94.9 8.6 9.8 12.4 

62532.8 71188.3 147.6 12.4 14.0 19.2 
65612.3 71169.9 153.6 12.0 13.7 18.7 

42401.0 49132.4 98.2 7.4 9.8 12.2 
46263.0 50378.0 91.9 7.5 9.9 11.8 
43649.9 47657.8 102.5 7.3 10.4 12.1 
47511.9 48903.4 96.2 7.4 10.5 11.7 
42401.1 49132.4 98.2 7.4 9.8 12.2 
49599.1 48957.2 93.0 7.4 9.8 12.2 
43313.3 48063.7 92.5 8.1 9.6 12.0 
44562.1 46589.1 96.8 8.0 10.3 11.8 
47981.0 47885.1 105.1 7.6 10.1 11.7 
43195.3 51652.3 93.1 8.6 9.8 12.2 
48469.6 52624.1 108.5 8.0 9.4 12.3 
45050.7 51328.1 100.1 8.4 9.6 12.4 

41384.9 56332.7 97.2 8.6 9.4 11.9 
42811.6 54573.7 96.7 9.2 8.5 12.0 
44536.3 52018.3 94.8 8.5 10.3 12.0 
46639.7 52013.4 99.4 8.5 9.8 12.2 
41768.6 53411.3 93.6 7.9 10.7 12.0 
45649.4 53784.5 100.3 9.2 9.3 11.7 

47863.0 51473.7 105.8 8.1 10.2 12.0 
60862.1 66405.1 110.6 11.5 9.8 12.9 
44444.1 50177.7 97.4 8.5 10.4 12.1 
45050.7 51328.1 100.1 8.4 9.6 12.4 
60816.2 68878.3 102.8 10.8 9.3 12.8 

45673.3 57516.5 106.6 7.8 9.7 13.5 
46614.2 52948.3 101.5 8.2 9.6 12.1 
58707.7 54460.5 117.2 7.6 9.0 13.0 
50363.8 53900.0 108.5 8.0 9.1 12.9 
54562.4 54739.6 112.3 7.3 9.9 12.7 
57118.7 53775.1 118.0 7.5 8.8 13.2 
53782.7 55195.9 116.9 7.6 8.9 12.8 
47262.3 58201.9 105.9 7.9 9.9 13.4 
49535.3 58762.1 100.3 8.0 9.8 13.1 
55031.6 53721.3 121.1 7.5 9.5 12.7 
46145.1 53966.6 92.6 8.0 10.1 12.1 
43531.9 51246.4 103.1 7.8 10.6 12.3 

60380.9 66373.0 135.2 10.8 12.6 16.8 
60254.5 65221.1 132.3 11.4 13.0 16.8 

52362.4 54112.8 108.5 9.7 10.9 13.7 
49026.4 55533.6 107.4 9.8 11.0 13.4 
45471.8 60667.8 104.3 8.7 11.7 14.0 
46790.4 60045.2 101.9 9.0 11.4 13.6 
48385.8 51112.0 109.9 9.0 10.9 12.5 
46790.5 60045.2 101.9 9.0 11.4 13.6 

55195.6 59729.5 126.8 10.6 10.8 15.7 
51692.5 58719.7 121.4 10.3 10.8 15.9 

59183.5 53986.1 90.9 9.5 8.2 11.5 
59229.3 51512.8 98.7 10.2 8.7 11.6 
54947.4 57670.4 87.7 9.8 9.1 11.7 
56387.1 56405.5 91.2 9.1 8.4 11.5 
57789.6 52777.7 95.2 10.9 9.3 11.7 
56433.0 53932.3 99.1 9.8 8.9 11.7 
54858.9 67431.8 93.4 9.3 10.9 12.9 

51045.3 51743.4 89.4 7.7 10.0 12.1 
46937.8 50677.6 97.5 8.0 9.6 12.4 
45096.1 50444.1 98.8 7.6 10.6 12.0 
49481.1 52545.8 93.7 7.9 10.0 12.4 
46471.2 52270.8 100.8 7.2 9.3 13.1 
45619.1 51300.2 100.0 7.8 9.9 12.8 
44850.6 50623.8 100.7 8.0 10.4 12.0 
47383.4 51202.1 95.0 7.9 9.1 12.9 
46531.3 50231.5 94.2 8.5 9.7 12.5 
47393.9 52492.0 96.9 7.9 10.7 12.0 
50333.2 53516.4 94.5 7.4 9.4 12.8 
46008.3 49375.3 93.1 8.3 10.4 11.8 
50799.8 51923.2 91.3 8.2 9.7 12.1 

47863.0 51473.7 105.8 8.1 10.2 12.0 
44138.5 52396.8 105.9 7.7 9.8 12.6 
48000.5 53642.4 99.6 7.8 9.9 12.2 
50556.8 52677.8 105.3 8.0 8.7 12.7 
48469.6 52624.1 108.5 8.0 9.4 12.3 
45050.7 51328.1 100.1 8.4 9.6 12.4 

46186.5 60551.8 111.8 8.8 11.2 14.5 
47573.7 57747.4 109.4 10.0 11.2 14.3 
48422.5 56040.3 117.3 9.7 10.8 14.3 

43851.6 53355.5 100.8 7.7 9.7 12.0 
47713.6 54601.0 94.5 7.9 9.8 11.7 
46531.3 50231.5 94.2 8.5 9.7 12.5 
44444.1 50177.7 97.4 8.5 10.4 12.1 
47393.9 52492.0 96.9 7.9 10.7 12.0 
45100.5 51880.9 105.1 7.6 10.4 11.9 
49481.1 52545.8 93.7 7.9 10.0 12.4 
42283.1 52721.1 98.9 7.9 10.0 12.4 
46012.6 50812.1 99.3 8.3 10.2 11.7 

46614.2 52948.3 101.5 8.2 9.6 12.1 
45619.1 51300.2 100.0 7.8 9.9 12.8 
49481.1 52545.8 93.7 7.9 10.0 12.4 
42283.1 52721.1 98.9 7.9 10.0 12.4 
43195.3 51652.3 93.1 8.6 9.8 12.2 

47863.0 51473.7 105.8 8.1 10.2 12.0 
44444.1 50177.7 97.4 8.5 10.4 12.1 
47393.9 52492.0 96.9 7.9 10.7 12.0 
43848.4 53282.6 103.7 8.5 10.2 13.0 
43195.3 51652.3 93.1 8.6 9.8 12.2 

46614.2 52948.3 101.5 8.2 9.6 12.1 
43531.9 51246.5 103.1 7.8 10.6 12.3 
46531.3 50231.5 94.2 8.5 9.7 12.5 
47393.9 52492.0 96.9 7.9 10.7 12.0 
44444.1 50177.7 97.4 8.5 10.4 12.1 
43195.3 51652.3 93.1 8.6 9.8 12.2 
43531.9 51246.4 103.1 7.8 10.6 12.3 
45619.1 51300.2 99.9 7.8 9.9 12.8 
46145.1 53966.6 92.6 8.0 10.1 12.1 

46732.2 49359.7 100.8 7.7 9.5 11.9 
44878.6 48625.3 97.4 8.7 9.9 12.5 
60816.2 68878.3 102.8 10.8 9.3 12.8 

46614.2 52948.3 101.5 8.2 9.6 12.1 
47863.0 51473.7 105.8 8.1 10.2 12.0 
47393.9 52492.0 96.9 7.9 10.7 12.0 
45619.1 51300.2 100.0 7.8 9.9 12.8 
49481.1 52545.8 93.7 7.9 10.0 12.4 
48111.3 51627.3 99.3 8.5 9.4 11.9 
42283.1 52721.1 98.9 7.9 10.0 12.4 
43195.3 51652.3 93.1 8.6 9.8 12.2 
43531.9 51246.4 103.1 7.8 10.6 12.3 

46531.3 50231.5 94.2 8.5 9.7 12.5 
47393.9 52492.0 96.9 7.9 10.7 12.0 
49481.1 52545.8 93.7 7.9 10.0 12.4 
42283.1 52721.1 98.9 7.9 10.0 12.4 
43531.9 51246.4 103.1 7.8 10.6 12.3 
44234.2 53921.8 97.6 8.8 9.9 12.9 

44485.6 52275.8 98.9 7.3 11.0 11.6 
43236.8 53750.4 94.6 7.4 10.4 11.7 
48347.6 53521.4 92.6 7.4 11.1 11.2 
45000.1 51585.6 104.2 7.2 10.4 11.9 
45397.8 51207.1 93.2 8.0 10.9 11.3 

47863.0 51473.7 105.8 8.1 10.2 12.0 
46295.9 56580.1 102.1 8.3 8.5 12.9 
43872.1 56932.2 95.2 9.1 8.4 12.3 
47393.9 52492.0 96.9 7.9 10.7 12.0 
44208.7 56526.3 105.2 8.3 9.2 12.5 
45120.9 55457.6 99.5 9.0 9.0 12.2 
47291.0 58228.2 103.6 8.7 8.2 12.2 
48539.8 56753.6 107.9 8.6 8.8 12.1 
43531.9 51246.4 103.1 7.8 10.6 12.3 

46614.2 52948.3 101.5 8.2 9.6 12.1 
47863.0 51473.7 105.8 8.1 10.2 12.0 
44536.2 52018.3 94.8 8.5 10.3 12.0 
47393.9 52492.0 96.9 7.9 10.7 12.0 
44444.1 50177.7 97.4 8.5 10.4 12.1 
45619.1 51300.2 100.0 7.8 9.9 12.8 
43624.0 53087.0 100.6 7.7 10.5 12.2 
47955.2 53314.3 103.2 8.1 10.1 11.9 
47486.0 54332.6 94.3 7.9 10.5 11.9 
43531.9 51246.4 103.1 7.8 10.6 12.3 

44570.5 51329.6 100.3 8.0 10.1 12.1 
49607.5 53697.7 96.6 7.4 9.6 12.4 
44283.6 52288.3 95.3 8.0 10.0 11.5 
48962.5 53126.4 98.8 7.8 10.5 11.6 
42715.0 51653.9 93.3 8.2 10.3 11.9 
43851.6 53355.5 100.8 7.7 9.7 12.0 
45532.4 50813.7 99.6 7.9 10.7 11.4 
46657.7 51383.4 97.1 8.0 9.4 12.6 
45745.5 52452.1 102.9 7.2 9.5 12.8 
46531.3 50231.5 94.2 8.5 9.7 12.5 
45100.5 51880.9 105.1 7.6 10.4 11.9 
44444.1 50177.7 97.4 8.5 10.4 12.1 
46012.6 50812.1 99.3 8.3 10.2 11.7 
44620.2 51882.4 105.3 7.2 10.8 11.7 
43531.9 51246.4 103.1 7.8 10.6 12.3 

48712.6 51869.4 94.5 8.2 10.4 11.6 
43601.7 52098.4 96.5 8.1 9.7 12.1 
53748.4 56613.4 100.9 8.5 9.4 11.9 
54997.3 55138.8 105.2 8.4 10.0 11.8 
57084.5 55192.6 102.0 8.4 9.3 12.3 
50666.1 54911.5 102.6 8.1 10.3 12.2 
51578.3 53842.8 96.8 8.8 10.2 11.9 
44850.6 50623.8 100.7 8.0 10.3 12.0 
45762.8 49555.1 95.0 8.8 10.2 11.7 
50666.1 54911.5 102.5 8.1 10.4 12.2 
47393.9 52492.0 96.9 7.9 10.7 12.0 
52753.3 54965.3 99.4 8.1 9.6 12.6 
43531.9 51246.4 103.1 7.8 10.6 12.3 
50799.8 51923.2 91.3 8.2 9.7 12.1 

45737.1 47711.6 99.3 7.3 9.7 12.5 
47393.9 52492.0 96.9 7.9 10.7 12.0 
43185.8 51373.7 100.6 7.8 10.1 12.3 
45727.6 47433.0 106.8 6.5 10.0 12.7 
43195.3 51652.3 93.1 8.6 9.8 12.2 
43640.4 47379.2 110.0 6.5 10.7 12.2 
43531.9 51246.4 103.1 7.8 10.6 12.3 
46145.1 53966.6 92.6 8.0 10.1 12.1 

46614.2 52948.3 101.5 8.2 9.6 12.1 
42283.1 52721.1 98.9 7.9 10.0 12.4 
43195.3 51652.3 93.1 8.6 9.8 12.2 
43531.9 51246.4 103.1 7.8 10.6 12.3 

46614.2 52948.3 101.5 8.2 9.6 12.1 
42401.0 49132.4 98.2 7.4 9.8 12.2 
46263.0 50378.0 91.9 7.5 9.9 11.8 
42401.1 49132.4 98.2 7.4 9.8 12.2 
47511.9 48903.4 96.2 7.4 10.5 11.7 
46732.2 49359.7 100.8 7.7 9.5 11.9 
43313.3 48063.7 92.5 8.1 9.6 12.0 

46614.2 52948.3 101.5 8.2 9.6 12.1 
47863.0 51473.7 105.8 8.1 10.2 12.0 
46531.3 50231.5 94.2 8.5 9.7 12.5 
44444.1 50177.7 97.4 8.5 10.4 12.1 
47393.9 52492.0 96.9 7.9 10.7 12.0 
49481.1 52545.8 93.7 7.9 10.0 12.4 
42283.1 52721.1 98.9 7.9 10.0 12.4 
43195.3 51652.3 93.1 8.6 9.8 12.2 
44234.2 53921.8 97.6 8.8 9.9 12.9 
46145.1 53966.6 92.6 8.0 10.1 12.1 
43531.9 51246.4 103.1 7.8 10.6 12.3 

46614.2 52948.3 101.5 8.2 9.6 12.1 
51729.4 52436.3 87.4 10.9 8.8 12.3 
47863.0 51473.7 105.8 8.1 10.2 12.0 
49539.3 54474.6 89.7 10.7 9.7 12.7 
53869.7 49471.1 93.7 11.4 9.3 12.1 
43848.4 53282.6 103.7 8.5 10.2 13.0 
46145.1 53966.6 92.6 8.0 10.1 12.1 

47653.1 55217.8 105.9 8.4 9.7 12.8 
56194.3 61476.3 86.7 10.5 10.6 12.6 
58430.2 56964.8 92.2 11.3 10.1 12.3 
58576.0 57322.4 90.3 10.3 9.1 12.1 
46145.1 53966.6 92.6 8.0 10.1 12.1 

51565.1 54583.9 114.9 9.3 10.2 14.4 

47769.4 54410.0 106.7 9.8 10.4 13.5 
53176.1 51962.2 114.4 10.1 11.7 14.3 
46730.5 52140.5 102.3 9.5 10.3 12.8 
47723.5 56883.2 98.9 9.1 9.9 13.3 
45533.4 58921.5 101.2 8.9 10.8 13.7 

45120.9 55457.6 99.5 9.0 9.0 12.2 
45483.0 52447.2 101.9 8.7 10.5 12.8 
49791.5 55125.0 104.7 8.7 11.1 13.0 

46614.2 52948.3 101.5 8.2 9.6 12.1 
59392.8 66429.9 99.6 10.4 9.1 12.5 
44444.1 50177.7 97.4 8.5 10.4 12.1 
49481.1 52545.8 93.7 7.9 10.0 12.4 
56313.3 66448.3 93.7 10.8 9.4 13.0 
59438.7 63956.7 107.5 11.1 9.6 12.6 
59201.3 68545.5 93.7 10.7 9.7 12.6 

49654.8 58344.2 116.7 10.0 12.0 14.7 
51844.9 56305.9 114.3 10.2 11.1 14.3 

46614.2 52948.3 101.5 8.2 9.6 12.1 
43322.0 54990.5 103.3 8.1 10.0 13.1 
44444.1 50177.7 97.4 8.5 10.4 12.1 
47393.9 52492.0 96.9 7.9 10.7 12.0 
45619.1 51300.2 100.0 7.8 9.9 12.8 
49481.1 52545.8 93.7 7.9 10.0 12.4 
43195.3 51652.3 93.1 8.6 9.8 12.2 

47863.0 51473.7 105.8 8.1 10.2 12.0 
49950.2 51527.5 102.6 8.1 9.5 12.4 
44444.1 50177.7 97.4 8.5 10.4 12.1 
47393.9 52492.0 96.9 7.9 10.7 12.0 
49481.1 52545.8 93.7 7.9 10.0 12.4 
42283.1 52721.1 98.9 7.9 10.0 12.4 
58406.2 67043.2 104.9 10.6 9.1 13.1 
43195.3 51652.3 93.1 8.6 9.8 12.2 
46145.1 53966.6 92.6 8.0 10.1 12.1 

39077.0 54847.8 101.1 8.6 9.5 12.2 
39077.1 54847.8 101.1 8.6 9.5 12.2 
41238.1 52304.5 99.6 9.3 9.9 11.9 
38693.4 57769.2 104.7 9.3 8.1 12.0 
39942.2 56294.6 109.0 9.2 8.8 11.9 
38693.4 57769.2 104.7 9.3 8.2 12.0 
42413.1 53427.0 102.2 8.5 9.4 12.6 
40325.9 53373.2 105.4 8.5 10.1 12.1 
41531.2 56980.0 108.3 9.3 9.0 11.8 
40854.4 55225.9 103.2 9.9 8.6 11.7 

43851.6 53355.5 100.8 7.7 9.7 12.0 
46531.3 50231.5 94.2 8.5 9.7 12.5 
45100.5 51880.9 105.1 7.6 10.4 11.9 
49481.1 52545.8 93.7 7.9 10.0 12.4 

44760.6 52213.9 98.0 9.2 10.0 12.8 
47163.5 50055.5 96.1 9.0 10.0 13.1 

50277.9 52430.9 99.3 8.8 10.6 12.2 
49498.2 52887.2 103.9 9.1 9.6 12.3 
47463.7 53344.0 90.2 8.3 9.8 11.7 
44513.9 51029.7 90.7 8.8 9.6 11.8 
46415.9 51185.4 105.6 8.7 10.6 12.5 
45120.5 52180.0 93.4 8.7 8.8 12.1 
45120.5 52180.1 93.4 8.7 8.8 12.1 
46009.4 50739.3 102.3 9.1 10.6 12.6 
50104.8 54037.6 106.6 9.0 8.8 12.6 
46415.9 51185.4 105.6 8.7 10.5 12.5 

58153.7 67485.7 136.4 12.2 13.4 17.5 
58271.7 63897.0 135.7 11.7 13.3 17.3 

47184.0 56236.1 97.0 8.3 10.1 12.8 
42283.1 52721.1 98.9 7.9 10.0 12.4 
43195.3 51652.3 93.1 8.6 9.8 12.2 

47863.0 51473.7 105.8 8.1 10.2 12.0 
44536.2 52018.3 94.8 8.5 10.3 12.0 
43017.4 51936.7 97.9 7.8 11.3 11.9 
44444.1 50177.7 97.4 8.5 10.4 12.1 
47393.9 52492.0 96.9 7.9 10.7 12.0 
42375.2 54561.6 96.3 7.8 9.9 12.3 
43624.0 53087.0 100.6 7.7 10.5 12.2 
46086.6 55515.3 91.7 8.8 10.1 12.0 
43195.3 51652.3 93.1 8.6 9.8 12.2 

58019.9 71297.7 103.1 10.4 9.5 12.9 
55829.8 73336.0 105.5 10.3 10.4 13.3 
55829.8 73336.0 105.5 10.3 10.4 13.2 

43322.0 54990.5 103.3 8.1 10.0 13.1 
46531.3 50231.5 94.2 8.5 9.7 12.5 
47393.9 52492.0 96.9 7.9 10.7 12.0 
49481.1 52545.8 93.7 7.9 10.0 12.4 
45619.1 51300.2 100.0 7.8 9.9 12.8 
43195.3 51652.3 93.1 8.6 9.8 12.2 
50520.0 54815.3 98.1 8.2 10.0 13.1 

54397.1 52520.7 99.9 7.9 9.5 12.1 
52309.9 52467.0 103.1 7.9 10.2 11.7 
50535.1 51275.2 106.1 7.7 9.5 12.5 
49360.1 50152.7 103.6 8.4 10.0 11.8 
46531.3 50231.5 94.2 8.5 9.7 12.5 
48111.3 51627.3 99.3 8.5 9.4 11.9 
45619.1 51300.2 100.0 7.8 9.9 12.8 
49481.1 52545.8 93.7 7.9 10.0 12.4 
42283.1 52721.1 98.9 7.9 10.0 12.4 
48447.9 51221.4 109.3 7.7 10.1 12.0 
43195.3 51652.3 93.1 8.6 9.8 12.2 

51749.8 59312.2 126.6 10.1 11.1 14.9 
50500.9 60786.8 122.3 10.2 10.5 15.0 

48182.7 53582.7 103.4 8.0 9.4 11.7 
43851.6 53355.5 100.8 7.7 9.7 12.0 
45100.5 51880.9 105.1 7.6 10.4 11.9 
42283.1 52721.1 98.9 7.9 10.0 12.4 
43195.3 51652.3 93.1 8.6 9.8 12.2 
46012.6 50812.1 99.3 8.3 10.2 11.7 

46145.1 53966.6 92.6 8.0 10.1 12.1 

46614.2 52948.3 101.5 8.2 9.6 12.1 
44444.1 50177.7 97.4 8.5 10.4 12.1 
47393.9 52492.0 96.9 7.9 10.7 12.0 
44835.5 53338.0 103.8 8.7 9.7 12.9 
43195.3 51652.3 93.1 8.6 9.8 12.2 
43531.9 51246.4 103.1 7.8 10.6 12.3 

47863.0 51473.7 105.8 8.1 10.2 12.0 
45958.0 50711.5 105.1 9.1 10.6 12.8 
45619.1 51300.2 100.0 7.8 9.9 12.8 
43531.9 51246.4 103.1 7.8 10.6 12.3 
48045.2 50765.2 102.0 9.1 9.9 13.3 

46706.3 54788.9 98.9 8.2 9.5 12.0 
43658.3 52398.4 106.1 7.2 10.2 12.3 
45748.6 51068.2 86.6 7.6 10.6 11.5 
41886.6 49822.7 92.9 7.4 10.5 11.8 
46217.7 50049.9 95.5 7.8 10.2 11.5 
45256.8 47713.1 99.5 6.8 10.2 12.3 
43169.6 47659.4 102.7 6.8 10.9 11.8 

47863.0 51473.7 105.8 8.1 10.2 12.0 
49950.2 51527.5 102.6 8.1 9.5 12.4 
46531.3 50231.5 94.2 8.5 9.7 12.5 
47393.9 52492.0 96.9 7.9 10.7 12.0 
49481.1 52545.8 93.7 7.9 10.0 12.4 
60816.2 68878.3 102.8 10.8 9.3 12.8 

47863.0 51473.7 105.8 8.1 10.2 12.0 
44760.6 52213.9 98.0 9.2 10.0 12.8 
47393.9 52492.0 96.9 7.9 10.7 12.0 
42283.1 52721.1 98.9 7.9 10.0 12.4 

