121645.4 120053.6 239.2 26.7 23.2 27.3 
120733.6 121543.8 243.7 27.2 22.6 27.0 
119310.7 117593.5 238.2 26.9 24.2 26.9 
120847.2 119519.0 244.1 27.5 23.2 27.0 
128709.4 119517.9 236.6 26.2 23.2 28.3 
121454.6 113418.7 246.3 25.8 23.2 27.7 
117734.7 119842.9 246.1 27.0 23.5 27.2 

288381.3 305243.4 529.7 53.9 55.9 63.5 
288704.8 301756.9 524.6 53.6 55.9 62.9 
288522.5 301991.0 523.3 53.5 55.8 63.8 
287849.2 303276.0 522.2 53.1 55.9 63.6 
291521.0 306232.2 530.5 54.5 56.0 63.8 
290918.7 303917.8 534.7 54.8 55.5 63.9 

158323.6 151172.9 267.9 28.9 27.3 31.7 
154979.8 154322.5 280.5 28.6 27.7 31.3 
154575.8 148731.4 273.6 29.6 26.6 31.4 

127722.4 118013.3 232.9 25.2 22.3 26.6 
132427.8 118957.8 238.5 26.4 21.7 27.1 
129349.6 124241.2 236.7 25.0 22.9 25.8 
124535.7 124258.9 233.2 24.9 23.5 25.9 

140059.6 134332.6 250.2 25.8 24.7 28.8 

94917.6 94097.0 203.0 19.8 18.2 20.3 
99620.6 83990.9 181.4 19.3 16.4 19.3 
100655.8 81714.8 182.6 18.9 16.5 19.9 
96604.6 83572.5 179.9 18.9 16.5 19.7 
99786.9 83058.6 178.1 19.0 16.6 19.7 
98863.8 82152.6 174.5 18.3 16.7 19.6 

138176.5 140478.0 266.7 26.2 26.2 28.5 
137560.8 142312.4 271.4 26.2 26.1 28.3 
140037.7 138278.0 268.0 26.9 25.6 29.1 
140908.1 139836.9 262.1 26.1 25.0 28.3 
137828.2 141277.9 262.9 25.6 26.3 28.5 

94281.8 88461.8 183.4 19.1 16.5 20.0 
96616.4 90921.9 184.4 18.9 15.5 20.3 
89576.2 91089.9 194.3 19.9 16.3 20.0 
90414.0 92327.6 194.0 19.8 16.4 20.2 
92705.7 90711.2 191.3 19.2 15.8 20.3 

149132.3 146442.6 281.0 28.5 26.6 30.1 
148784.0 147242.4 277.3 27.8 26.6 30.0 

143152.6 156574.6 269.4 28.5 31.1 33.2 
142027.7 155551.0 261.1 28.2 31.1 32.2 
148038.4 159559.8 271.8 30.4 30.8 33.2 
138996.6 151692.1 265.8 27.9 31.1 32.9 
135596.0 156487.6 283.7 29.7 29.4 33.2 
143539.8 160219.7 271.6 29.6 30.5 33.3 
131342.0 153320.5 277.8 28.6 31.2 32.8 
135085.8 151481.4 272.8 28.2 31.4 32.9 
142059.1 158041.8 274.1 28.7 30.6 33.2 
143635.2 155792.4 266.2 28.6 31.4 32.9 
147690.2 160359.7 268.0 29.7 30.9 33.2 
146082.7 160118.3 263.0 29.3 30.6 32.5 

91476.2 100476.6 172.3 19.8 22.6 23.5 
89821.4 101771.8 169.4 19.6 22.6 23.4 
87077.6 107887.5 166.8 19.3 19.8 22.6 
90686.8 98195.6 178.4 20.2 21.8 23.6 
90309.8 103720.1 180.4 19.9 22.5 23.3 
89219.1 99457.4 173.6 19.9 22.1 23.5 
87397.3 100101.1 181.7 19.7 21.0 23.1 
89020.8 99595.8 178.7 19.2 20.7 23.4 

145915.2 138155.5 246.4 26.9 25.5 29.5 
148831.5 139630.4 250.2 26.6 26.0 29.5 
147679.6 138940.7 246.7 27.2 25.6 29.3 

96698.0 82390.8 174.4 18.7 16.1 19.7 
93970.6 81487.4 178.9 18.9 16.1 19.6 
98791.0 81903.2 172.3 18.5 16.1 19.3 
96531.8 83323.1 177.7 19.1 16.0 19.3 
96063.5 80999.8 176.9 18.6 16.1 19.3 
89893.5 82209.0 189.2 19.5 16.2 19.3 
93804.3 82419.7 182.3 19.2 15.9 19.3 
83573.5 110830.0 187.1 19.8 20.0 22.3 
89007.9 93707.5 209.4 19.8 18.1 20.3 

126135.3 122273.5 235.8 24.1 22.9 26.2 
123110.5 123670.3 238.3 24.1 22.5 26.7 
129869.6 121514.0 232.5 24.8 23.0 26.8 

140640.3 131049.1 248.3 26.1 24.4 28.4 

253632.7 261513.7 472.0 54.9 49.5 56.2 
255578.0 257548.7 468.1 54.2 48.7 56.3 

148343.7 139875.3 265.2 27.8 25.6 29.5 
144403.8 139840.9 269.4 27.4 25.8 28.7 
144055.5 140640.8 265.7 26.7 25.8 28.7 
141219.4 139012.3 268.3 27.9 26.4 28.9 
147995.4 140675.2 261.4 27.2 25.6 29.4 

123483.8 111292.7 211.8 23.2 20.0 24.7 
123650.0 110360.4 208.4 22.9 20.2 25.1 
120985.0 109031.8 223.5 22.6 20.6 24.9 
126125.3 110386.2 218.4 22.3 20.3 24.9 
117574.7 109615.3 229.0 22.5 20.5 24.5 
126846.0 110639.4 210.9 22.8 20.2 24.9 
122929.3 110107.2 215.9 22.4 20.3 25.1 
122214.5 110175.5 225.4 22.6 20.6 24.8 

225246.9 245881.7 442.8 44.3 45.7 49.7 
226667.0 238811.6 424.7 44.3 46.6 49.3 
223399.4 244427.1 442.5 43.7 45.8 49.5 
228371.9 240839.7 422.3 45.0 47.2 49.0 

214169.9 231453.5 404.4 48.3 43.2 49.6 
210037.8 228331.9 399.3 47.4 43.2 49.6 
214126.2 233435.9 409.3 48.3 44.2 49.5 
209994.1 230314.3 404.2 47.4 44.2 49.4 
218786.8 233723.5 397.6 49.3 43.9 50.2 
210714.8 230567.5 396.7 47.9 44.0 49.4 

82974.0 101584.3 185.0 20.9 19.8 22.4 
87504.6 110373.3 177.3 20.7 21.9 22.5 
89128.1 109868.0 174.2 20.2 21.6 22.8 
85513.0 101557.8 189.9 20.1 21.0 22.7 
80250.1 98344.7 187.2 20.2 20.7 22.4 
83341.4 96577.5 189.0 20.0 20.1 22.8 
84471.9 101706.0 173.5 19.5 20.8 22.6 
89856.1 111555.4 178.5 20.8 20.8 22.8 

94266.7 92779.4 209.0 20.9 18.4 21.2 
93197.9 100179.8 204.4 20.7 19.6 21.4 
94170.5 94433.1 197.9 19.9 18.0 20.4 
92618.7 102026.4 224.2 21.5 19.9 21.5 
95698.5 100585.4 223.3 22.0 18.6 21.4 
78340.5 110876.5 176.3 20.1 19.3 22.2 

79404.5 100839.7 159.8 18.0 19.1 20.2 
81663.6 99419.8 154.4 17.4 19.2 20.2 
78003.7 110577.4 177.4 20.0 19.2 21.6 
76638.0 108407.3 178.2 19.9 19.5 21.7 
83148.3 99000.5 154.8 17.6 19.2 20.3 

151425.7 147736.3 270.0 27.9 27.3 30.4 
151825.3 143634.8 262.8 27.7 26.6 30.6 
150173.1 144009.2 266.4 28.1 27.1 31.5 

114044.6 109501.6 212.8 23.4 19.2 23.3 
113727.4 115402.9 233.9 22.9 21.0 24.3 
111708.1 112023.3 219.0 23.9 19.9 23.6 
114892.5 112851.8 220.2 23.4 19.2 23.4 
118460.7 116208.6 227.1 22.7 19.4 23.4 
116516.0 112346.5 217.2 22.9 19.0 23.7 

81056.8 108485.4 166.2 18.8 20.0 21.7 
97252.3 96557.2 204.0 19.6 17.2 20.6 
78797.7 109905.3 171.6 19.4 19.9 21.7 
77667.9 111399.2 184.8 19.6 19.4 21.8 
79729.3 106640.1 180.0 19.7 19.0 22.1 
75905.3 111054.3 183.2 19.9 19.5 22.1 
94070.0 97071.1 205.8 19.6 17.1 20.7 
76638.0 108407.3 178.2 19.9 19.5 21.7 
77134.8 112198.0 185.1 20.0 19.5 22.1 
81888.9 108138.2 173.4 19.2 19.3 22.1 

201051.6 189562.5 353.7 41.7 35.8 42.3 
203287.3 190663.5 351.8 41.3 35.4 42.3 
203156.2 190896.0 349.6 42.7 35.9 42.3 
201598.0 193240.8 354.7 41.4 37.4 43.3 

97218.1 111747.8 164.7 20.4 23.0 22.8 
94960.9 110728.6 166.0 20.5 22.4 22.8 
93474.2 113587.0 169.7 20.8 22.9 22.7 

142539.4 138257.1 259.2 27.0 24.9 28.4 
141077.6 139401.3 261.0 26.6 25.6 28.7 
140729.3 140201.2 257.2 25.9 25.6 28.6 

128663.4 142525.5 255.8 27.2 29.8 31.9 
129792.6 143365.4 254.1 26.5 28.7 31.5 
139579.8 139864.1 278.5 28.3 29.4 31.2 
132673.4 141459.7 259.8 27.3 29.0 32.0 
136823.9 141599.7 256.2 27.4 29.4 31.9 
127585.9 142803.3 251.2 26.3 27.9 31.9 
127421.5 145784.9 256.0 27.2 28.6 32.3 
136344.1 142171.0 275.6 28.2 29.9 31.1 

104037.0 94847.3 208.7 22.0 18.2 21.7 
108676.8 95407.6 205.0 22.1 18.3 22.0 
103316.3 94594.1 216.2 21.5 18.3 21.7 
105613.1 92597.9 200.8 21.9 19.0 21.4 
110042.5 97577.7 204.2 22.2 18.0 22.0 
79673.8 88808.5 184.8 17.3 19.8 19.2 

127234.6 129928.8 241.2 25.4 23.4 26.6 
125078.2 129883.2 234.8 26.1 24.0 26.6 
126905.0 136244.3 253.0 26.0 25.7 27.3 

88967.8 82773.1 167.5 18.2 14.9 18.7 
83428.9 84638.9 179.6 18.4 15.7 18.7 
87506.0 83917.3 169.4 17.8 15.6 19.0 
86817.0 82572.6 176.8 18.0 16.2 18.9 
84315.9 83959.9 168.8 18.5 15.7 19.0 
88735.5 85061.0 171.2 17.8 15.5 19.0 

150687.4 145395.5 266.8 28.3 26.2 30.8 

136414.4 132165.3 236.9 25.9 24.2 28.1 
137244.3 137410.5 245.9 26.2 24.8 27.9 

102771.0 110633.5 194.0 21.1 25.0 25.1 
105717.8 108490.3 193.3 21.3 24.9 24.9 
99730.3 107532.0 195.8 21.5 24.9 25.1 
96639.1 109299.1 194.0 21.7 25.4 24.7 
100549.8 109509.8 187.0 21.4 25.2 24.7 
103641.1 107742.7 188.8 21.3 24.6 25.1 
102626.6 110257.5 191.5 21.5 25.4 24.5 

143246.0 141311.9 262.2 26.9 26.2 29.4 
141052.7 143576.3 267.9 27.5 27.6 30.1 

143547.7 138772.5 248.5 27.3 25.1 29.8 
143896.0 137972.6 252.3 28.0 25.1 29.9 

252676.6 266893.0 468.7 56.8 50.0 58.9 
252760.0 267495.9 473.2 56.3 50.3 58.9 

240228.4 255349.8 432.9 54.0 46.9 53.9 
239108.0 259198.0 447.6 53.8 47.6 53.6 
239828.7 259451.3 440.1 54.3 47.5 53.6 
239507.7 255096.6 440.4 53.6 47.0 53.9 

144897.9 163983.2 302.5 32.1 34.8 36.6 
143692.3 165304.7 311.3 32.0 34.9 36.5 
142462.7 164160.9 309.4 31.9 35.0 36.5 
149870.7 159806.3 299.1 31.5 33.7 35.8 
144086.2 163655.7 306.4 31.4 34.7 36.8 
145554.0 162393.8 311.2 31.8 34.4 36.9 

85519.7 113618.7 179.2 19.9 20.4 22.2 
85733.1 112328.0 180.5 19.2 20.4 22.4 
83573.5 110830.0 187.1 19.8 20.0 22.3 
87317.3 108990.8 182.1 19.4 20.2 22.5 

121205.9 123776.2 245.8 24.5 23.2 25.9 
121932.3 123158.3 237.7 24.7 23.5 26.1 
121039.6 124708.5 249.2 24.8 23.0 25.6 
123966.4 119164.8 229.6 24.2 21.2 25.3 
121831.5 122304.7 239.2 24.8 21.9 26.0 

85519.7 113618.7 179.2 19.9 20.4 22.2 
85832.7 109410.1 181.7 19.2 20.2 22.3 
85197.0 110324.7 184.1 19.3 19.7 22.6 
83573.5 110830.0 187.1 19.8 20.0 22.3 
86614.2 113931.6 185.4 19.3 20.1 22.4 
84803.0 111973.7 189.0 19.9 20.0 22.3 

244812.2 234661.7 440.0 50.1 45.4 52.6 
244645.9 235594.0 443.3 50.4 45.3 52.3 
239991.5 244717.5 451.5 50.2 46.6 52.8 
246274.0 233517.4 438.2 50.5 44.7 52.3 

124639.7 124653.2 228.3 24.1 28.9 28.3 
127347.8 129739.0 219.6 24.4 28.3 28.2 
127347.8 129739.0 219.6 24.5 28.3 28.2 
117615.0 126804.5 219.0 24.4 28.1 27.8 
124639.7 124653.2 228.3 24.0 28.9 28.3 

91755.6 84303.2 180.4 17.8 16.4 19.8 
94060.2 82778.4 167.4 17.3 16.8 19.5 
98517.2 80425.3 187.6 18.2 14.9 20.2 
92832.3 84227.9 179.1 18.1 16.0 19.9 
92641.9 84935.7 183.1 18.6 15.2 19.7 
91035.7 83200.2 177.0 18.4 15.9 19.5 
100093.3 78175.9 179.7 18.1 15.6 19.9 
95680.0 85306.8 177.8 17.4 16.1 19.6 
95209.8 88686.9 177.6 18.2 15.8 19.5 
95666.3 84513.9 173.5 17.5 16.1 19.8 
93945.9 83883.5 173.5 17.9 15.4 19.5 
94217.9 82686.3 175.2 18.4 15.9 19.4 
92476.3 84556.5 172.9 18.3 16.3 19.8 
89459.6 85449.6 184.9 18.5 15.1 19.8 
94631.5 82553.4 187.3 19.6 14.4 20.3 
92317.8 85960.1 178.7 17.8 15.9 19.5 
92063.7 82845.8 186.7 18.8 15.3 19.6 

100218.7 96651.4 198.2 21.4 17.3 21.9 
107220.7 95095.0 193.1 20.9 16.5 22.4 
101359.0 100398.2 192.9 21.2 16.7 21.8 
99897.2 101542.5 194.7 20.7 17.4 22.0 

81139.1 107218.9 158.3 18.5 19.5 21.2 
78101.6 105082.3 169.5 18.7 19.2 21.2 
97958.8 84670.0 190.8 19.3 15.3 20.0 
79507.1 107468.1 169.9 19.5 18.8 21.3 
78277.6 106324.4 168.0 19.4 18.8 21.3 
94867.5 86437.1 189.0 19.5 15.9 19.6 
100187.4 82348.5 176.1 19.0 16.7 19.4 
97160.6 84135.4 195.7 20.1 15.3 19.8 
80536.8 104904.5 162.6 18.8 19.0 21.3 
94069.3 85902.6 193.9 20.3 15.8 19.3 
94162.7 84720.9 188.4 20.1 15.5 19.3 

151741.9 143031.9 258.2 28.2 26.3 30.6 
152090.2 142232.0 262.0 28.9 26.3 30.7 
151690.5 146333.5 269.2 29.1 26.9 30.4 
151342.3 147133.4 265.4 28.4 27.0 30.4 

188680.3 181002.6 338.7 36.8 35.4 40.8 
187682.8 170463.5 340.5 33.6 33.8 39.8 
194680.3 179322.4 345.7 35.7 33.8 40.8 
187486.0 179559.7 340.6 36.0 35.2 41.0 
188623.0 170970.7 342.1 33.4 34.2 39.9 

138204.3 131245.3 236.0 25.9 24.5 28.0 
135008.4 130966.3 233.5 25.9 24.5 28.2 

78804.2 107338.0 180.5 20.0 18.9 21.9 
79406.5 109652.4 176.2 19.7 19.5 21.8 
81239.4 107160.2 173.5 20.2 18.8 21.9 
77438.5 105167.8 181.3 20.0 19.3 21.9 
79598.1 106665.9 174.7 19.4 19.7 22.0 
79062.0 104662.5 178.3 19.5 19.0 22.2 
79664.3 106976.9 174.0 19.2 19.5 22.1 

274687.0 290799.8 511.4 59.0 54.1 62.7 
282097.9 292665.2 511.1 60.1 53.9 63.0 

177112.6 172394.4 355.9 38.1 35.3 40.6 
180793.6 180431.9 345.1 37.9 36.8 41.6 
180191.3 178117.5 349.3 38.2 36.3 41.7 
182337.7 185275.8 348.9 39.8 36.9 41.8 
180007.6 171544.4 360.0 38.0 34.7 41.0 
176155.0 172915.0 351.5 37.8 35.3 40.7 
179802.9 181294.3 340.5 39.3 37.1 41.2 

131922.6 130635.8 248.2 26.2 23.5 26.9 
133551.8 127678.0 242.9 26.1 22.9 27.1 
132322.3 126534.3 241.0 26.0 22.9 27.1 
130603.1 126933.3 245.2 26.2 23.5 27.1 

92283.9 119290.6 177.3 20.9 22.1 23.8 
102993.0 102261.1 193.6 20.9 25.1 25.0 
99249.1 104100.3 198.6 21.3 25.0 24.9 
97233.8 106400.7 198.8 21.7 24.6 25.0 
94946.6 105684.7 202.7 21.5 24.6 25.3 
92039.9 110211.6 205.9 21.8 24.9 25.1 
93663.5 109706.3 202.9 21.3 24.6 25.4 
93323.0 106190.0 205.8 22.0 24.9 25.0 
91372.7 114016.8 171.3 20.9 21.9 22.9 
90507.3 119928.3 179.5 21.6 22.2 23.5 

142617.9 134223.5 238.4 26.4 25.0 29.2 

237964.6 233945.6 419.5 50.8 44.7 52.5 
237243.9 233692.3 427.0 50.3 44.8 52.5 

129307.8 119116.2 234.2 25.1 21.8 26.9 
127908.2 120703.3 228.7 25.5 21.3 27.1 
131041.9 120539.4 238.5 24.6 22.5 27.0 

92594.5 96682.6 205.9 20.0 17.2 20.7 
93670.6 89595.5 200.6 20.8 18.2 20.8 
93994.5 93191.0 199.4 19.1 18.3 20.3 
92094.5 91845.0 208.6 21.0 17.4 21.1 
91735.4 94610.9 204.8 19.7 18.2 20.3 
97581.4 89806.2 193.7 20.5 17.9 20.8 

135752.6 131333.4 252.1 26.2 24.3 27.9 
140604.0 132694.8 236.0 26.3 24.0 27.5 

98234.5 84316.4 180.2 19.4 15.1 19.8 
99810.6 82066.9 172.3 19.2 15.8 19.5 
93975.5 84905.6 183.4 19.0 15.4 19.7 
77667.9 111399.2 184.8 19.6 19.4 21.8 
95122.0 84640.2 182.3 18.9 15.4 20.0 
94381.3 100643.1 206.6 19.0 18.5 21.2 
79927.1 109979.2 179.4 19.0 19.5 21.8 
94323.8 84105.7 187.2 19.7 15.4 19.8 
76507.6 113368.8 179.0 19.6 20.0 22.0 
76638.0 108407.3 178.2 19.9 19.5 21.7 
91735.4 94610.9 204.8 19.7 18.2 20.3 

82262.7 112719.4 171.2 19.2 19.6 21.9 
81411.7 109560.0 179.8 19.2 19.5 21.9 
77558.5 113976.9 183.2 20.2 21.0 22.4 
79827.5 112897.2 178.2 19.1 19.7 21.9 
77667.9 111399.2 184.8 19.6 19.4 21.8 
82918.7 111130.1 179.9 18.9 19.2 22.3 
81110.6 108875.6 178.0 19.3 19.8 21.8 
82086.7 111477.3 172.7 18.5 19.9 21.8 
83571.3 111058.0 173.2 18.7 19.9 22.0 
83009.7 112383.3 176.3 19.1 19.8 21.9 

115047.7 105504.6 210.3 22.8 19.8 23.4 
112607.7 105650.3 222.0 22.5 20.5 23.5 
114326.9 105251.3 217.8 22.3 19.9 23.4 
113927.3 109352.8 225.0 22.5 20.5 23.2 
114648.0 109606.0 217.5 23.0 20.4 23.2 

119917.2 118509.2 223.3 23.7 20.4 24.5 
113839.9 119623.0 235.3 24.2 20.9 24.5 
127859.6 117809.1 226.4 22.9 21.6 24.7 

152663.8 140044.6 269.1 29.1 26.1 30.6 
153677.9 151891.8 271.2 27.9 27.7 30.8 

215276.9 230977.6 427.9 48.4 45.6 50.0 

139463.5 131148.7 241.8 25.7 24.4 28.5 
137729.4 129725.4 237.5 26.2 23.7 28.4 
138077.7 128925.5 241.3 26.8 23.6 28.4 

80703.3 110845.7 178.8 19.9 19.0 22.0 
79246.6 107422.3 183.3 19.6 18.7 22.4 
79723.6 112546.2 188.4 19.1 19.4 22.0 
78590.6 109011.6 174.6 19.9 19.0 22.1 
82158.8 112368.4 181.5 19.3 19.2 22.1 
89883.1 87518.9 177.3 20.6 14.2 19.7 
79337.6 108675.6 179.7 19.9 19.3 22.0 
79820.3 107893.4 176.4 20.0 19.6 21.6 
76155.4 109189.4 181.5 19.8 19.2 22.0 
81631.3 112113.2 172.8 19.5 19.1 22.1 
81772.8 108497.8 172.8 20.0 19.1 22.0 
85341.1 111854.5 179.6 19.3 19.3 22.1 

142764.4 133599.8 254.6 27.1 24.7 29.2 
142751.6 138966.7 267.0 27.7 25.5 28.9 

79549.3 104638.6 173.0 18.8 18.2 21.8 
77749.8 103901.8 177.6 18.6 18.8 21.4 
77925.8 105143.9 176.1 19.3 18.5 21.5 
75490.6 105321.7 183.0 19.2 18.7 21.5 
78408.5 104361.7 172.8 19.5 18.8 21.2 
79234.5 103482.5 178.0 18.8 18.8 21.6 
81017.1 103376.7 177.9 19.2 18.0 21.9 
78581.9 103554.5 184.8 19.0 18.1 21.9 

169839.4 158012.3 329.7 32.8 33.7 37.9 
169898.7 156199.3 327.6 34.3 31.6 37.4 
158848.7 163192.7 330.6 33.7 33.1 37.8 
168025.9 154587.2 321.8 34.6 32.2 37.7 
168628.2 156901.6 317.6 34.3 32.7 37.6 
166261.2 155995.6 325.3 33.6 33.5 37.4 
165953.3 156910.9 327.0 34.3 32.7 37.8 
174316.3 164018.7 324.2 35.1 31.8 38.5 

134017.5 126054.7 234.9 26.5 23.9 27.8 
134761.9 127028.9 247.7 25.8 24.0 27.7 
133669.9 128295.5 250.5 25.5 23.2 27.1 
135482.6 127282.2 240.2 26.2 23.9 27.7 

98028.1 97623.1 204.5 21.0 17.1 21.3 
108348.4 96553.9 188.6 20.2 17.3 21.2 
102178.5 97763.1 201.0 21.1 17.5 21.3 
106689.2 92032.5 195.4 19.9 16.5 21.3 
105182.5 98866.0 202.8 21.1 16.8 21.3 
100216.0 97565.9 197.1 21.2 17.1 21.3 
103802.4 95189.8 204.8 20.9 16.8 21.6 

106621.7 97570.8 193.4 22.3 19.9 22.3 
105045.6 99820.2 201.3 22.5 19.1 22.6 
110874.1 97622.3 189.8 21.5 18.0 21.5 
109902.1 100275.2 204.9 21.7 19.1 21.9 

96687.1 120659.1 170.8 21.0 21.8 23.5 
88395.5 106151.2 169.1 19.0 22.4 22.4 
93195.2 107852.8 174.6 19.5 23.2 22.6 
90936.0 109272.7 180.0 20.1 23.1 22.6 
92165.6 110416.4 181.9 20.2 23.1 22.6 

125592.7 135143.8 259.7 29.8 24.2 28.0 
135117.4 139243.1 255.1 29.5 23.8 28.0 
123246.1 142736.6 276.3 30.8 23.7 28.7 
126107.2 133411.6 260.2 30.1 24.3 28.4 
128943.3 135040.1 257.6 29.0 23.7 28.2 
131933.0 138414.5 253.9 30.0 24.5 28.2 
126358.4 132127.5 250.8 29.7 24.5 28.7 
128777.0 135972.4 260.9 29.3 23.5 27.8 
131465.9 131916.9 261.5 28.5 23.5 27.9 
129291.5 134240.2 261.3 29.6 23.6 28.2 
125642.4 137693.3 266.3 29.6 23.4 27.8 
132727.2 142425.8 256.8 29.3 24.4 28.1 
132327.3 132031.8 256.6 29.7 25.4 29.3 

92787.3 82180.1 181.3 19.0 16.4 19.7 
96698.0 82390.8 174.4 18.7 16.1 19.7 
95878.5 80413.0 183.1 18.9 15.9 20.1 
102450.4 85020.0 173.0 18.9 16.8 19.7 
92621.0 83112.4 184.7 19.4 16.3 19.3 

92594.5 96682.6 205.9 20.0 17.2 20.7 
93341.5 96346.5 210.9 19.9 17.5 20.6 
93020.8 97754.9 203.1 19.0 18.1 20.5 
93250.5 95093.2 214.5 19.7 16.9 21.0 
90761.6 99174.8 208.5 19.5 18.0 20.5 
77667.9 111399.2 184.8 19.6 19.4 21.8 
91388.8 98004.1 214.6 20.0 17.4 20.6 
79927.1 109979.2 179.4 19.0 19.5 21.8 
76638.0 108407.3 178.2 19.9 19.5 21.7 
90159.3 96860.4 212.8 19.9 17.4 20.6 
80103.1 111221.4 177.9 19.8 19.2 21.9 
77438.5 105167.8 181.3 20.0 19.3 21.9 
81006.7 108524.6 188.2 19.3 19.4 21.9 
93824.0 97826.3 207.7 20.1 17.2 20.7 

140703.2 133113.5 225.6 26.4 24.5 28.4 
137590.6 133437.3 227.6 25.9 24.8 28.6 

89910.7 107096.7 172.8 19.9 23.5 22.4 
102554.2 115576.0 241.9 21.8 21.3 23.2 
109387.9 96977.6 204.7 22.2 18.4 21.7 

148076.5 149316.9 275.2 31.6 26.7 33.2 
160961.0 166523.1 286.3 29.7 33.1 36.1 
149989.0 156105.1 278.3 32.6 27.6 33.1 
157429.7 173369.6 298.7 31.1 32.7 36.3 
148412.9 158354.5 286.2 32.8 26.9 33.3 
162863.2 169008.3 292.3 30.3 32.5 35.6 
146453.0 149822.2 278.3 32.1 27.0 33.0 
158618.1 172645.9 306.3 30.4 32.2 36.1 

120478.6 115834.8 227.6 26.5 22.4 25.6 
118593.7 117035.5 224.3 25.6 22.2 26.0 
118831.8 118070.9 220.0 26.0 21.7 26.3 
122300.4 117576.8 221.1 25.8 21.2 26.1 
118111.0 117817.7 227.5 25.5 21.9 26.3 
117163.4 115148.3 230.8 25.6 22.0 26.2 
116883.4 116940.8 232.9 25.9 22.4 26.1 

197531.3 213209.6 368.3 41.5 40.9 44.3 

96588.3 81681.5 181.9 19.9 17.0 20.0 
103695.0 82171.1 177.5 19.6 16.7 19.8 
99784.2 81960.4 184.4 19.9 17.0 19.8 
95012.2 83930.9 189.8 20.1 16.3 20.3 
84675.9 118407.9 189.5 20.9 21.8 23.4 
85905.4 119551.6 191.4 21.0 21.7 23.4 
89845.8 116921.5 206.0 22.1 23.4 24.6 
93057.8 82995.2 180.0 19.2 17.0 20.0 
91338.6 83394.2 184.1 19.4 17.6 20.0 

113753.0 105451.4 221.4 22.4 19.5 23.7 
108697.4 107007.3 208.3 21.7 19.7 23.0 
113337.3 107567.5 204.6 21.8 19.7 23.4 
113813.5 108442.5 217.4 22.0 19.5 23.3 
114160.1 105049.4 207.6 21.8 20.2 23.0 
112616.6 107314.3 212.1 21.3 19.8 23.4 
107407.8 113734.3 221.5 20.7 25.9 25.3 
112584.0 107298.8 215.5 21.9 19.5 23.3 

98256.6 82919.4 176.9 18.6 15.6 20.1 
79598.1 106665.9 174.7 19.4 19.7 22.0 
101438.8 82405.5 175.0 18.6 15.6 20.0 
79820.3 107893.4 176.4 20.0 19.6 21.6 
91211.2 84429.5 189.2 19.2 15.7 19.9 
76638.0 108407.3 178.2 19.9 19.5 21.7 
82780.4 106152.0 172.9 19.5 19.7 21.9 
90159.3 96860.4 212.8 19.9 17.4 20.6 
98185.8 81062.3 181.3 19.5 16.6 20.3 

88267.8 109232.3 174.8 19.3 20.0 22.4 
85197.0 110324.7 184.1 19.3 19.7 22.6 
83573.5 110830.0 187.1 19.8 20.0 22.3 
87317.3 108990.8 182.1 19.4 20.2 22.5 
89190.9 110138.3 178.4 20.0 19.9 22.4 
86008.6 110652.2 180.2 19.9 19.8 22.4 

133642.2 130645.0 243.0 26.4 23.3 27.2 

77778.9 108684.1 178.4 19.3 18.9 22.3 
82859.6 114250.6 188.6 18.4 19.2 22.1 
81347.1 112040.9 185.3 18.6 19.1 22.3 
76155.4 109189.4 181.5 19.8 19.2 22.0 
79899.2 107350.3 176.5 19.4 19.3 22.1 
83782.3 111863.1 178.4 18.8 18.9 22.4 

112612.2 113049.7 240.5 24.1 21.5 24.4 
110353.0 114469.6 245.9 24.6 21.3 24.5 
120356.2 107701.6 223.3 23.8 19.8 25.5 
112059.1 113942.3 235.7 24.4 20.8 24.3 
117645.4 108523.8 217.8 23.8 19.9 24.0 

216563.6 222274.2 409.4 41.8 44.6 50.0 
219774.3 217858.5 412.1 41.7 44.4 49.7 
223009.9 215551.6 415.0 41.7 44.0 49.7 
222407.6 213237.2 419.2 42.1 43.5 49.8 
212652.9 222063.5 416.3 42.1 44.8 50.0 

151146.4 147736.2 273.1 28.2 27.2 30.6 
150287.7 149496.9 274.0 28.5 26.8 30.6 
152021.8 150920.2 278.3 28.0 27.5 30.7 

140222.7 132305.6 245.6 26.5 23.6 28.5 

94973.2 96842.6 216.2 19.9 16.8 20.6 
78672.9 104807.8 181.1 19.3 18.8 21.4 
79902.4 105951.5 183.0 19.3 18.7 21.4 
91611.0 97496.0 217.0 20.2 16.7 20.5 
85519.4 96300.1 216.4 19.7 17.4 20.3 
75490.6 105321.7 183.0 19.2 18.7 21.5 
95122.0 84640.2 182.3 18.9 15.4 20.0 
79234.5 103482.5 178.0 18.8 18.8 21.6 
76720.2 106465.4 184.8 19.3 18.7 21.4 
90159.3 96860.4 212.8 19.9 17.4 20.6 
80464.0 104626.2 179.9 18.9 18.8 21.6 

140310.0 135094.7 247.5 27.2 24.2 29.1 
136830.4 140637.2 255.5 26.9 26.1 29.0 
138848.1 136239.0 249.3 26.7 24.9 29.4 
141644.4 140619.4 259.0 26.9 25.5 29.0 

148234.5 143446.8 261.9 27.7 26.2 30.5 
151366.3 141150.3 257.1 28.5 26.4 30.8 
147986.6 139463.0 257.3 28.2 25.9 30.2 

151629.2 150345.2 322.0 33.9 30.9 35.6 
142731.6 158210.7 302.3 32.0 32.2 36.3 
158076.2 150200.0 317.6 33.5 31.2 35.5 
151169.6 147569.9 329.0 33.7 30.3 35.1 
148461.5 162376.0 304.1 33.6 31.8 37.5 
154064.3 150167.4 315.1 34.1 30.7 35.6 
143949.4 147713.5 332.0 33.7 29.2 35.2 
147961.2 147746.1 334.5 33.2 29.7 35.0 

147001.3 144880.9 263.2 26.9 26.6 29.7 
151776.8 150309.3 274.2 26.5 27.8 30.4 

153395.0 148035.6 271.7 27.5 26.9 31.1 
152586.3 150593.7 278.2 28.5 27.6 30.8 

282261.2 295718.4 519.2 61.4 54.8 63.2 
286201.1 295752.7 515.0 61.9 54.7 64.0 
284481.9 296151.7 519.2 62.1 55.3 64.0 

111055.1 112783.6 221.9 23.9 21.2 24.5 
124947.9 113993.6 221.1 24.9 20.1 25.3 
122502.8 117586.8 224.5 25.1 19.5 25.4 

137089.4 125015.3 236.9 28.4 25.6 28.5 
132404.9 123534.0 240.5 28.7 25.7 28.8 
134325.9 124919.6 250.3 29.2 26.7 28.6 
134028.4 123028.7 237.4 28.2 25.4 29.1 
135370.2 125414.2 241.1 28.7 26.2 28.5 
128494.1 123323.3 247.4 29.0 26.0 28.7 
137437.7 124215.4 240.7 29.1 25.5 28.6 
128976.8 122541.1 244.2 29.1 26.3 28.4 
142172.9 129071.3 228.5 29.0 26.3 29.3 

79708.5 90161.6 193.3 16.7 18.2 19.4 
86755.7 110316.1 185.3 19.8 20.1 22.3 
85519.4 96300.1 216.4 19.7 17.4 20.3 
91611.0 97496.0 217.0 20.2 16.7 20.5 
82143.7 89983.8 186.4 16.8 18.0 19.4 
90333.4 96282.4 219.9 19.7 16.8 20.3 
95122.0 84640.2 182.3 18.9 15.4 20.0 
91211.2 84429.5 189.2 19.2 15.7 19.9 
90159.3 96860.4 212.8 19.9 17.4 20.6 
96349.6 85517.1 176.9 18.5 14.8 20.2 
93900.7 84162.2 182.0 19.2 14.4 19.9 

239900.6 231927.2 488.7 47.3 47.3 53.9 
243811.3 232137.9 481.7 47.1 47.0 53.9 
243209.0 229823.5 485.9 47.4 46.5 54.0 

76666.7 87660.9 182.4 17.7 19.2 18.3 
84282.2 86173.4 174.1 16.2 17.2 18.0 
84815.8 88690.8 166.0 15.9 17.6 17.5 
84146.9 88357.4 163.4 16.7 17.9 18.0 
82556.6 90110.7 171.4 16.5 17.5 17.6 
79372.3 89282.1 170.3 17.0 18.2 17.7 
78006.6 87111.9 171.1 16.9 18.5 17.8 
79758.0 85893.8 184.2 17.5 18.7 18.7 
80995.8 88776.8 167.2 16.5 17.9 18.0 
80725.4 86977.8 172.5 17.3 18.8 18.7 
81750.4 85272.7 166.1 16.5 18.6 17.9 
85647.9 88343.5 173.2 16.3 16.9 18.0 
81097.8 85344.8 172.9 16.7 17.9 18.2 
81631.5 87862.2 164.9 16.4 18.3 17.7 

257218.7 261835.2 477.5 49.0 52.7 56.1 
255262.0 257836.8 469.7 48.0 51.9 56.3 

141108.4 143935.3 271.2 27.7 27.9 29.5 

226751.5 232150.6 421.0 50.2 44.1 51.1 

93994.5 93191.0 199.4 19.1 18.3 20.3 
95642.6 83944.1 184.3 18.5 16.8 19.9 
92418.5 95440.4 207.3 19.3 17.6 20.6 

134625.8 123121.5 238.5 23.9 24.7 26.6 
127335.5 116348.3 226.5 24.0 23.0 25.3 
121925.0 123683.6 250.8 23.9 23.7 26.0 
113940.8 127686.4 214.7 22.8 27.6 26.8 

118652.8 115641.0 213.4 22.2 21.0 23.8 
114742.0 115430.3 220.3 22.5 21.3 23.7 
112410.1 107028.9 206.2 23.0 20.8 22.7 
114908.3 114498.0 217.0 22.2 21.5 24.1 
119001.0 114841.2 217.2 22.9 21.0 23.8 
122950.1 119347.3 223.5 22.0 21.6 24.1 

86417.8 96550.5 183.9 16.2 19.9 18.7 
89600.0 96036.6 182.1 16.2 20.0 18.7 

88038.8 106294.5 185.1 20.0 20.1 22.2 
79231.1 108849.5 175.3 19.1 19.9 21.7 
84071.3 112687.9 169.0 18.9 19.4 22.2 
80012.6 113371.0 179.0 19.2 19.8 21.8 
77574.3 112583.9 176.5 19.4 20.3 21.7 
78595.4 109764.2 177.7 19.2 19.5 22.1 
76971.9 110269.5 180.7 19.7 19.7 21.8 
80063.2 108502.3 182.5 19.5 19.2 22.2 
92354.1 94626.2 207.3 20.6 18.7 20.7 
79407.1 110091.7 173.8 19.8 19.6 21.9 
80755.1 111262.2 171.0 18.6 19.8 22.1 
81030.6 109586.4 170.7 19.3 19.3 22.1 
81390.7 110347.6 168.7 18.5 20.3 21.8 
80154.2 109755.6 178.9 19.7 19.8 21.8 

148656.5 139157.1 268.6 28.4 25.6 30.2 

94734.8 85826.6 184.2 18.1 14.9 19.7 
97123.6 83476.3 186.7 18.1 15.3 19.9 
96310.9 83577.2 176.3 18.0 15.6 19.4 
98663.7 82368.2 179.1 18.1 14.7 20.2 
92185.3 89108.7 187.3 19.3 14.9 19.4 
95367.5 88594.8 185.4 19.3 15.0 19.4 
93927.7 83197.4 184.2 18.1 15.3 20.1 
95533.8 87662.5 182.1 19.0 15.1 19.7 
98686.0 80434.0 174.5 18.0 16.1 19.8 
95155.3 84074.2 178.8 17.7 14.7 20.3 
95389.5 82053.1 182.4 18.5 14.6 19.8 
95964.4 86970.3 186.1 18.2 14.9 19.7 
96617.2 82930.0 177.0 18.1 14.0 20.0 
97109.9 82683.5 182.4 18.1 15.4 20.1 

152661.6 169442.4 300.9 33.2 31.2 35.2 
152981.8 167109.1 294.3 32.2 31.4 35.2 
148247.8 167470.1 297.8 33.6 31.8 35.4 
148996.9 168476.5 305.9 32.9 31.4 35.2 
151432.1 168298.7 299.0 33.1 31.2 35.3 

142034.5 143218.3 261.3 27.8 26.4 29.9 
145660.4 138757.8 252.7 28.3 25.1 29.7 
141720.5 138723.4 256.9 27.9 25.3 28.9 
143148.1 142873.9 255.7 27.6 25.7 29.6 

115447.5 117904.9 217.7 23.3 20.3 23.6 
122056.6 118540.6 221.6 22.8 21.4 24.1 
121032.4 118897.8 227.7 23.1 21.2 24.2 
112263.2 117076.3 216.6 23.8 21.0 23.7 
115625.4 116423.0 215.7 23.5 21.1 23.9 

104410.4 95108.4 204.2 19.6 15.8 21.1 
78797.7 109905.3 171.6 19.4 19.9 21.7 
82255.5 107715.6 169.5 20.1 19.4 21.7 
80381.9 106568.1 173.2 19.5 19.6 21.8 
79820.3 107893.4 176.4 20.0 19.6 21.6 
101319.2 96875.5 202.4 19.7 16.4 20.7 
76638.0 108407.3 178.2 19.9 19.5 21.7 
79678.7 111508.8 176.5 19.5 19.6 21.7 

133665.6 126190.1 222.7 23.7 22.3 25.1 
130469.7 125911.1 220.2 23.8 22.3 25.3 
131190.4 126164.4 212.7 24.2 22.2 25.2 
126558.9 125700.4 227.1 24.0 22.6 25.2 
124940.9 125997.2 226.2 24.0 23.2 25.1 
126081.3 129744.0 220.9 23.8 22.5 24.9 

118055.4 103544.6 210.6 23.0 18.4 23.5 
116851.8 106847.1 207.2 23.0 17.6 23.7 

145676.8 140104.8 251.3 26.9 26.3 30.1 
145634.9 136706.0 252.7 26.7 25.3 29.2 
145983.2 135906.1 256.5 27.4 25.3 29.3 

214929.5 213296.4 364.0 40.5 41.0 45.0 

139595.8 156532.2 245.6 28.8 30.7 32.1 

119230.9 111749.5 229.3 24.1 22.6 25.3 
122415.3 112578.1 230.4 23.6 21.9 25.1 

161972.4 175623.1 284.9 31.9 33.0 34.7 
156502.3 176272.8 275.8 31.5 32.3 34.4 

121609.2 132886.5 222.9 24.2 28.7 28.2 
130448.0 127516.1 253.5 26.9 24.6 27.8 
120326.1 136908.1 223.1 24.0 28.6 28.3 

109651.4 119103.0 244.4 22.8 20.8 23.9 
106635.4 118684.6 242.9 22.4 20.9 24.2 
109076.5 117397.1 244.6 22.8 20.8 23.9 
105365.6 118181.4 245.7 23.0 21.4 24.2 
106817.4 118817.0 250.0 23.4 20.7 24.0 
107035.1 114583.2 235.7 22.2 20.2 24.5 
117105.6 107200.1 206.6 21.4 19.6 23.1 
106868.8 115515.5 239.0 22.5 20.1 24.1 
110213.0 117777.7 241.2 22.4 20.8 24.0 
103633.0 117988.5 248.8 23.9 21.3 24.2 
108393.4 116567.6 242.1 23.3 21.4 23.7 
108045.2 117367.5 238.3 22.6 21.4 23.6 

80226.1 110430.9 186.9 19.8 18.9 22.5 
79649.1 109215.2 178.2 19.5 19.6 22.2 
77528.8 110549.0 180.2 19.4 19.2 22.4 
78996.5 109287.2 185.0 19.7 19.0 22.5 
78946.0 114155.9 181.5 19.5 19.6 22.1 
92272.1 105419.5 234.0 21.7 19.1 21.8 
75905.3 111054.3 183.2 19.9 19.5 22.1 
77134.8 112198.0 185.1 20.0 19.5 22.1 
79087.5 110540.5 181.4 20.0 19.6 22.1 
78340.5 110876.5 176.3 20.1 19.3 22.2 

95643.0 85527.4 182.3 19.6 16.2 20.0 
94181.1 86671.7 184.1 19.2 16.9 20.2 
79525.7 111592.7 175.9 20.0 19.2 21.7 
84885.9 112799.2 162.1 19.1 20.3 22.3 
99756.6 94780.9 186.9 18.7 15.9 20.6 
93161.1 92175.0 195.1 19.6 16.4 21.0 
78892.4 93005.8 188.1 16.9 18.8 18.7 
95845.8 94570.2 193.9 19.0 16.2 20.6 
91296.5 91313.0 191.9 19.8 15.1 20.1 
76638.0 108407.3 178.2 19.9 19.5 21.7 

149966.1 139681.3 255.7 27.8 25.9 29.9 
149566.4 143782.8 262.8 28.1 26.6 29.6 

137319.5 123467.2 223.2 24.9 22.6 26.5 
138823.2 125721.7 220.0 25.5 22.8 27.1 

145110.8 145138.5 261.8 27.5 26.7 29.6 
148789.3 139780.9 249.2 27.4 25.9 30.0 
148473.0 144485.2 260.9 27.2 26.9 29.7 
145277.1 144206.2 258.4 27.2 26.9 29.9 

77521.1 111359.6 180.6 19.8 18.9 22.0 
79723.6 112546.2 188.4 19.1 19.4 22.0 
79337.6 108675.6 179.7 19.9 19.3 22.0 
79820.3 107893.4 176.4 20.0 19.6 21.6 
75905.3 111054.3 183.2 19.9 19.5 22.1 
76155.4 109189.4 181.5 19.8 19.2 22.0 
81772.8 108497.8 172.8 20.0 19.1 22.0 

145634.9 136706.0 252.7 26.7 25.3 29.2 
145235.3 140807.5 259.9 27.0 25.9 29.0 

109804.9 101586.7 203.6 20.7 17.6 21.4 
108070.8 100163.5 199.3 21.2 16.9 21.3 
111111.5 103265.0 197.6 20.8 17.0 21.3 
112071.8 101673.1 194.0 19.6 18.1 21.7 
111905.5 102605.4 197.3 20.0 18.0 21.4 
115184.3 101349.2 191.9 20.1 17.8 21.5 
112762.2 104085.4 197.3 20.8 17.4 21.4 
101969.1 100747.5 204.8 20.6 17.6 21.2 
105081.7 100423.6 202.8 21.1 17.3 21.1 

108046.4 100146.0 192.6 22.0 18.4 22.2 
107325.7 99892.7 200.1 21.5 18.5 22.2 
113918.3 104230.4 203.9 21.6 19.2 22.1 
116486.1 110004.2 208.5 23.4 17.6 23.6 

134408.7 119400.3 225.2 25.4 21.0 26.5 
134060.5 120200.2 221.4 24.7 21.0 26.5 

127829.8 118842.7 220.5 23.2 22.1 25.8 
131025.7 119121.7 223.0 23.1 22.1 25.6 
127114.9 118911.0 229.9 23.4 22.4 25.6 

87330.7 109925.0 170.4 19.5 24.0 22.3 
86728.4 107610.6 174.6 19.8 23.4 22.4 
89910.7 107096.7 172.8 19.9 23.5 22.4 

86461.1 114015.4 184.8 19.8 19.7 22.4 
98865.8 82801.1 177.3 18.5 15.5 20.1 
78792.9 114239.8 180.9 20.0 19.2 22.2 
83573.5 110830.0 187.1 19.8 20.0 22.3 
89487.4 96968.6 218.2 19.8 17.9 21.1 
75905.3 111054.3 183.2 19.9 19.5 22.1 
94070.0 97071.1 205.8 19.6 17.1 20.7 
90159.3 96860.4 212.8 19.9 17.4 20.6 
96329.2 95651.1 200.4 19.0 17.3 20.6 

152128.8 144297.4 263.4 28.6 26.5 30.6 
153419.5 147200.4 269.2 29.4 27.1 30.9 

89798.2 89044.3 185.2 19.3 15.9 20.0 
89627.8 95293.0 206.4 19.2 19.3 20.4 
94788.6 88315.7 186.8 20.3 17.3 20.1 
88739.0 89072.6 195.0 20.0 16.7 20.4 
86036.4 99842.8 214.6 19.8 18.2 20.9 
90284.3 87690.9 193.5 19.1 16.5 20.0 
87612.5 97593.3 206.6 19.7 18.9 20.6 
91730.5 87483.3 188.8 19.4 18.0 20.2 
89064.2 98228.9 210.9 20.1 18.2 20.4 
87088.4 87412.0 191.0 19.1 16.5 20.2 

103252.2 124380.2 196.9 24.5 25.8 24.9 
106077.7 130367.5 193.5 24.2 26.1 25.6 
101093.9 123216.2 212.8 24.8 26.7 25.9 
101886.5 122210.0 197.8 24.4 26.2 24.9 
101886.5 122210.0 197.7 24.4 26.2 24.9 

112804.1 101048.2 210.8 21.1 19.0 22.5 
110994.0 102992.3 208.8 20.0 19.7 22.7 
112444.4 97150.8 198.0 21.2 19.2 22.0 
116714.9 101258.9 203.8 20.8 18.7 22.5 
102460.6 101997.0 210.9 21.2 18.6 22.6 
97329.1 96533.0 203.3 20.1 19.1 20.7 

92605.1 88921.1 192.0 19.3 16.2 20.5 
94181.1 86671.7 184.1 19.2 16.9 20.2 
102665.9 84784.5 182.9 19.7 17.1 20.2 
97236.5 89385.1 177.6 19.5 15.7 20.6 
96515.8 89131.8 185.1 19.0 15.9 20.6 
97179.1 86823.3 197.8 20.1 16.7 20.5 
98543.7 84847.7 181.6 19.6 17.6 20.8 
98406.9 85373.7 186.1 19.3 17.4 20.1 

147834.8 147548.2 269.0 27.9 26.8 30.3 
150311.7 143513.8 265.7 28.6 26.3 31.0 

147138.6 138960.5 249.5 27.4 25.6 29.9 

89045.6 108244.1 178.3 19.5 21.7 22.6 
92879.0 118265.7 163.5 20.1 20.8 22.4 
99668.8 104349.5 214.9 20.7 19.2 22.1 
89841.5 116129.1 174.6 20.3 20.4 22.4 
92227.8 107730.2 176.5 19.5 21.8 22.6 
86728.4 107610.6 174.6 19.8 23.4 22.4 
89910.7 107096.7 172.8 19.9 23.5 22.4 
86659.3 116643.0 176.4 20.2 20.3 22.4 

132301.4 129893.6 242.0 24.5 24.1 26.5 
131165.3 122811.4 247.0 24.4 22.6 26.4 
131445.4 128495.8 245.2 24.1 23.3 26.0 

237730.6 248834.3 458.1 50.5 48.1 55.2 
245125.8 243728.6 462.1 50.6 47.4 54.2 

156108.4 146916.9 268.6 28.5 27.6 31.1 
156309.9 150154.6 277.9 29.2 27.3 31.5 

145629.1 138295.0 246.3 26.2 26.1 29.1 
145229.4 142396.5 253.5 26.5 26.7 28.9 

77188.4 107032.7 183.0 20.1 19.6 22.0 
81808.8 110713.2 171.6 19.0 20.0 22.3 
80500.1 112374.6 169.7 19.5 19.7 22.2 
78064.9 112552.4 176.6 19.4 19.9 22.2 
75905.3 111054.3 183.2 19.9 19.5 22.1 
80324.1 111132.5 171.2 18.8 20.0 22.1 
79348.0 108530.8 176.4 19.6 19.9 22.0 

137781.2 136853.2 256.0 27.6 25.7 28.7 
140336.9 137070.5 251.5 27.7 24.4 28.4 

116291.7 130735.9 212.6 22.9 25.2 27.8 
111510.3 133846.8 222.6 23.8 25.4 28.3 
114644.9 132125.9 217.2 23.5 25.5 28.4 
111620.4 134791.3 214.1 23.0 25.0 28.1 
110751.4 135137.4 217.4 23.6 25.0 27.8 

143974.4 136608.4 253.7 26.2 25.2 29.1 
143574.8 140709.9 260.8 26.5 25.8 28.9 

96605.0 81288.8 178.4 18.3 16.0 20.0 
100349.5 82431.8 174.8 18.3 15.5 19.7 
99161.8 84820.7 173.4 19.5 15.5 19.4 
94328.0 83704.0 176.8 19.2 15.8 19.3 
99071.1 88185.8 176.5 17.8 15.8 19.8 
99419.4 87385.9 180.3 18.5 15.7 19.8 
96438.7 82221.1 181.8 18.6 15.8 19.7 
106116.5 86675.6 164.2 17.2 15.6 19.9 

92787.3 82180.1 181.3 19.0 16.4 19.7 
77188.4 107032.7 183.0 20.1 19.6 22.0 
95122.0 84640.2 182.3 18.9 15.4 20.0 
87992.3 110908.1 175.1 18.7 20.6 22.4 
78064.9 112552.4 176.6 19.4 19.9 22.2 
75905.3 111054.3 183.2 19.9 19.5 22.1 
91211.2 84429.5 189.2 19.2 15.7 19.9 
79688.4 112047.1 173.5 18.9 19.6 22.4 
77134.8 112198.0 185.1 20.0 19.5 22.1 
90159.3 96860.4 212.8 19.9 17.4 20.6 

77925.8 105143.9 176.1 19.3 18.5 21.5 
75490.6 105321.7 183.0 19.2 18.7 21.5 
79892.5 106329.7 175.7 19.0 19.3 22.2 
80528.2 105415.0 173.4 18.9 19.8 21.9 
82226.5 102916.2 179.7 19.8 20.3 22.5 
80704.2 106657.2 171.9 19.6 19.4 22.0 
81306.5 108971.6 167.6 19.3 20.0 21.9 
79283.3 103727.8 178.5 19.3 20.0 21.4 

227409.9 222616.9 442.6 44.2 43.9 52.0 
239731.2 236769.6 472.6 43.6 45.4 53.1 
230594.2 223445.4 443.8 43.7 43.2 51.9 
240515.9 232524.0 460.6 43.5 44.8 52.7 

158344.6 170877.4 341.0 35.0 33.3 37.8 
156555.5 166729.8 342.2 35.2 33.3 37.1 
153569.7 179131.6 340.6 37.1 33.4 38.7 
158990.7 166552.0 335.3 35.4 33.1 37.2 
153213.0 178068.7 336.7 37.2 33.1 38.9 
171151.7 184386.0 309.7 33.7 36.4 40.1 

112370.4 115728.1 225.5 23.8 20.4 23.4 
113976.6 117463.7 231.6 24.0 19.8 23.7 
109186.1 114899.6 224.3 24.3 21.1 23.6 
113485.2 116413.1 224.0 23.4 21.2 23.4 
115972.3 118707.8 225.8 23.1 20.0 23.3 
114862.0 106010.8 215.0 22.7 19.7 23.0 

117504.8 105234.1 224.2 24.5 21.5 25.4 
80560.8 111487.0 171.9 19.5 19.7 21.7 
122148.9 103575.9 220.5 25.0 20.8 25.1 
81900.6 108199.9 173.4 19.9 20.1 22.4 
77384.9 110333.1 183.4 19.9 19.2 22.0 
80873.8 107278.4 174.4 18.7 19.5 21.8 
78590.6 109011.6 174.6 19.9 19.0 22.1 
119818.0 106064.0 217.8 24.7 21.6 25.2 
118136.8 103958.1 227.6 24.8 20.8 25.9 
76155.4 109189.4 181.5 19.8 19.2 22.0 
120596.0 103467.0 226.0 24.3 20.9 25.8 
78614.6 108698.3 179.8 19.3 19.4 21.9 

97223.4 83587.7 182.3 19.8 17.1 20.1 
89626.7 93102.5 202.1 20.0 16.9 20.9 
95113.5 91063.8 187.2 19.6 17.4 20.7 
100967.2 81748.5 177.3 19.4 17.2 20.2 
95647.3 85837.1 190.2 19.9 16.3 20.4 
94066.6 86135.3 187.0 19.6 17.6 20.8 
97059.1 85267.0 181.1 19.4 17.6 20.6 
92579.3 82825.4 189.7 19.7 17.6 20.2 
88837.5 85313.0 197.5 20.2 16.3 20.6 
93312.6 83377.0 189.2 20.1 17.4 20.1 
97977.3 86346.0 180.1 19.3 17.4 20.8 

122996.7 125639.6 263.1 28.4 25.0 29.3 
125301.4 123246.7 257.8 27.5 25.5 28.8 
122276.0 125386.3 270.6 27.9 25.2 29.4 

96335.4 86948.1 188.6 19.2 15.8 20.0 
92347.2 103445.3 206.4 18.7 19.2 21.1 
95665.2 80775.4 178.3 19.3 17.1 20.0 
91211.2 84429.5 189.2 19.2 15.7 19.9 
90088.0 104865.2 211.8 19.2 19.1 21.1 
91139.9 92434.4 188.2 18.5 17.4 20.4 

105237.2 90784.9 191.5 21.1 17.8 20.8 
99777.1 109347.6 225.1 21.9 18.6 22.4 

94962.6 90147.4 192.4 20.4 17.2 20.7 
97860.1 93889.3 200.0 21.0 16.4 21.0 
88961.3 93918.3 206.8 20.5 16.7 20.6 
101208.7 92443.1 194.8 20.7 16.6 21.3 
91386.8 91566.1 198.0 19.5 16.9 20.9 
93038.3 93196.7 196.5 19.8 16.5 20.9 
98144.9 89633.5 190.6 20.4 17.3 20.7 
93220.3 93329.1 203.6 20.8 16.3 20.7 
88075.6 105416.8 227.0 20.8 18.5 21.6 
96568.8 91882.9 198.5 20.6 16.5 21.0 
93885.9 90222.7 193.7 20.1 17.6 20.6 
93386.6 92396.8 200.3 20.5 16.5 21.0 

180409.9 173154.0 335.2 36.3 34.8 39.0 
180573.9 174306.1 341.2 36.4 34.7 39.1 
177482.6 176073.2 339.4 36.6 35.2 38.7 
180536.9 172361.7 336.4 36.3 35.8 38.6 
181226.5 174234.0 334.4 36.2 35.3 38.8 
178091.9 175954.9 339.8 36.5 35.2 38.7 

83526.8 105196.9 165.7 19.2 20.0 21.4 
100618.6 82875.3 171.9 17.9 15.9 20.0 
99156.8 84019.6 173.7 17.5 16.6 20.3 
83573.5 110830.0 187.1 19.8 20.0 22.3 
100351.1 85462.5 171.8 18.3 16.7 20.2 
96897.6 85439.5 179.1 18.1 16.5 20.4 
102352.7 84298.6 176.2 17.5 16.6 20.1 

143567.1 133917.8 246.6 26.4 24.8 28.9 

77188.4 107032.7 183.0 20.1 19.6 22.0 
79623.6 106854.9 176.1 20.3 19.4 22.1 
100249.1 95054.1 193.9 19.3 17.1 20.9 
78996.5 109287.2 185.0 19.7 19.0 22.5 
97956.9 97528.9 203.2 20.1 16.2 20.5 
98081.3 94643.8 191.0 19.6 17.7 20.4 
75905.3 111054.3 183.2 19.9 19.5 22.1 
94070.0 97071.1 205.8 19.6 17.1 20.7 
78340.5 110876.5 176.3 20.1 19.3 22.2 

92014.7 90209.4 181.1 20.2 14.6 19.7 
97144.5 83986.4 175.0 18.5 15.9 19.3 
96978.2 84918.8 178.4 18.9 15.8 19.0 
92870.0 87706.7 180.6 19.6 15.5 19.4 
91218.4 86076.1 182.2 19.3 15.9 19.4 
78164.5 109634.4 177.8 19.3 19.7 22.0 
75905.3 111054.3 183.2 19.9 19.5 22.1 
89390.1 87348.8 184.5 19.6 14.9 19.3 
95129.2 86286.8 175.2 19.0 15.6 19.4 
88590.4 100756.3 213.6 20.2 16.9 20.4 
77271.0 113224.5 182.4 20.0 19.2 22.1 
97899.6 82750.7 173.6 19.0 16.0 19.6 
86331.2 102176.3 219.0 20.7 16.8 20.4 

143335.7 137001.3 257.4 26.8 25.4 28.8 

161602.0 175633.0 308.0 33.4 35.5 37.6 
161144.4 174343.7 303.2 33.7 35.4 37.1 
171264.2 177595.0 313.2 33.1 35.2 37.7 
162142.9 176359.8 309.5 32.7 35.4 37.6 
161270.2 175529.1 308.3 33.2 35.1 37.6 
160661.8 175125.9 306.4 33.6 35.1 37.5 
181855.9 186236.1 316.7 32.2 37.6 38.8 
161264.1 177440.3 302.2 33.3 35.6 37.4 

129472.8 126541.4 240.1 25.6 22.7 25.8 
129872.5 122439.9 232.9 25.4 22.0 26.0 

143944.7 150164.5 262.9 33.1 26.1 31.9 
151057.1 151520.1 262.0 32.4 27.1 31.9 
147867.1 151562.6 261.5 33.2 27.3 31.8 
146403.9 149673.4 261.2 32.6 26.3 31.7 
146241.3 151262.6 262.8 33.5 27.4 32.4 

93895.0 87551.5 179.9 20.1 14.7 19.6 
95888.6 88743.9 179.7 19.2 14.6 20.2 
97750.3 86083.9 167.0 20.3 14.7 19.7 
96541.2 88671.8 172.9 19.0 15.3 19.9 
92797.3 90511.0 177.9 19.4 15.2 19.8 
95993.3 90790.0 180.4 19.4 15.2 19.6 
94979.9 89620.0 168.6 20.3 14.4 19.5 
91124.6 91087.6 181.5 20.1 14.4 19.4 
92433.1 88695.8 181.7 19.6 15.4 19.9 
94259.2 89366.8 176.1 19.8 14.5 19.5 
89662.7 92231.9 183.3 19.7 15.1 19.7 
95567.7 86974.9 176.3 19.3 15.6 20.0 
97165.2 87252.3 161.1 20.1 15.1 19.2 

107309.4 102131.1 204.1 21.3 19.1 21.8 
107690.8 98731.6 211.7 21.0 19.2 22.5 
110552.2 96448.8 206.4 21.1 20.1 22.2 
106114.7 100981.1 219.6 21.1 18.4 22.8 
107781.8 99984.9 208.1 21.2 19.8 22.0 
110491.6 101617.3 202.2 21.4 19.2 21.8 
103023.5 102748.2 217.8 21.3 19.0 22.3 
108132.6 103090.7 220.8 21.8 18.0 22.9 

141164.8 136132.6 259.9 26.1 25.4 28.1 

273539.6 292017.3 522.7 59.5 55.6 62.9 
269423.2 300308.5 542.2 58.0 57.5 65.9 
273373.3 292949.6 526.1 59.8 55.4 62.6 
268000.0 303559.6 531.7 57.5 57.6 65.1 
272090.2 296971.2 526.3 59.6 55.4 62.7 
267983.1 300931.9 532.2 58.2 56.3 65.4 

146405.2 141697.0 254.8 26.8 26.4 29.4 
147378.4 135408.0 254.7 26.8 25.6 29.5 
146804.9 137595.5 247.7 26.6 25.7 29.6 

141510.9 138787.8 247.6 26.0 25.8 28.4 

128630.4 124345.8 217.1 25.6 23.5 26.7 
118939.4 117693.5 228.2 23.9 21.7 25.1 
129838.5 125234.1 226.3 25.2 22.3 25.8 
132163.0 124374.5 222.0 25.7 22.8 26.6 
126385.2 118806.4 222.7 25.3 22.1 26.1 
127106.0 119059.6 215.2 25.8 22.0 26.1 
126654.2 124405.5 225.1 25.7 22.9 25.9 

221312.7 227676.9 385.2 41.6 42.1 47.4 

189010.9 194962.8 346.1 40.6 35.3 41.9 

91044.9 85361.8 192.6 19.5 15.6 19.6 
95749.2 80348.7 183.8 18.7 16.3 19.5 
93490.0 81768.7 189.2 19.3 16.2 19.5 
79337.6 108675.6 179.7 19.9 19.3 22.0 
97400.7 81979.4 182.2 19.0 15.9 19.5 
93656.3 80836.3 185.8 18.9 16.3 19.8 
88850.1 81208.4 192.9 19.2 16.1 19.2 

131825.3 127972.9 236.8 25.7 23.2 26.2 
136135.7 124082.1 222.7 25.2 22.3 26.5 
135736.1 128183.6 229.8 25.4 22.9 26.2 

136140.5 146953.8 267.8 27.8 30.6 32.5 
134112.1 150040.4 271.0 28.4 30.1 32.6 

107689.5 98614.9 202.1 22.2 18.5 22.4 
112798.2 96394.1 199.1 22.2 18.5 22.0 
111805.4 96175.2 195.2 22.7 19.5 22.2 
114989.8 97003.8 196.4 22.2 18.9 22.1 
109613.9 95565.6 198.0 22.7 19.2 22.2 
110026.6 103622.6 197.2 23.6 19.1 22.9 

78255.2 94441.8 152.3 17.9 19.1 20.1 
83424.1 94090.7 151.7 18.5 19.0 20.2 
81437.4 93927.9 150.5 18.0 19.2 20.0 
77629.9 99038.3 157.9 18.2 18.8 19.9 
75643.3 98875.5 156.7 17.6 19.0 19.7 

143547.7 138772.5 248.5 27.3 25.1 29.8 
143148.1 142873.9 255.7 27.6 25.7 29.6 

150594.2 146769.7 279.5 28.3 27.1 30.1 
145780.2 146787.4 276.1 28.3 27.7 30.1 

146679.6 136476.0 243.7 28.2 25.3 30.1 
144202.7 140510.4 247.1 27.5 25.9 29.3 

89103.3 121318.8 193.2 21.2 22.8 24.6 
99565.8 121499.6 178.1 20.9 23.6 24.4 

149840.9 141449.4 261.2 26.8 26.4 30.2 

131894.4 127359.5 241.4 25.6 23.3 27.0 
128814.6 128800.5 242.3 25.1 24.6 27.2 
132642.4 122458.2 238.0 26.0 22.6 27.3 

91994.3 89566.7 180.9 17.7 15.4 18.9 
89559.1 89744.5 187.8 17.5 15.6 18.8 
88083.6 89356.0 187.8 17.9 15.7 18.8 

89659.6 87106.6 179.9 17.8 16.5 18.5 
91994.3 89566.7 180.9 17.7 15.4 18.9 
89559.1 89744.5 187.8 17.5 15.6 18.8 
89701.6 89059.3 188.7 18.0 15.1 19.0 
85648.4 89533.8 194.7 17.8 15.9 18.8 
88083.6 89356.0 187.8 17.9 15.7 18.8 

88093.4 85940.6 191.3 17.6 16.6 18.7 
91994.3 89566.7 180.9 17.7 15.4 18.9 
89559.1 89744.5 187.8 17.5 15.6 18.8 
85648.4 89533.8 194.7 17.8 15.9 18.8 
87224.5 87284.4 186.8 17.7 16.6 18.5 
88083.6 89356.0 187.8 17.9 15.7 18.8 

106120.5 108070.0 208.3 21.4 20.0 21.8 

89659.6 87106.6 179.9 17.8 16.5 18.5 
91994.3 89566.7 180.9 17.7 15.4 18.9 
89559.1 89744.5 187.8 17.5 15.6 18.8 
85648.4 89533.8 194.7 17.8 15.9 18.8 
87224.5 87284.4 186.8 17.7 16.6 18.5 
88083.6 89356.0 187.8 17.9 15.7 18.8 

89630.8 92667.0 177.3 17.5 15.2 18.9 
88771.6 90595.3 176.3 17.2 16.1 18.5 
94709.9 86788.6 176.1 17.6 16.7 19.1 
87296.1 90206.8 176.3 17.7 16.2 18.6 
93222.1 88117.2 169.2 16.9 16.2 18.5 
91555.1 89617.6 173.2 18.0 15.8 18.7 

91994.3 89566.7 180.9 17.7 15.4 18.9 
89559.1 89744.5 187.8 17.5 15.6 18.8 
91135.2 87495.1 179.8 17.4 16.4 18.5 
85648.4 89533.8 194.7 17.8 15.9 18.8 
87224.5 87284.4 186.8 17.7 16.6 18.5 

124598.5 123801.5 239.5 25.6 23.1 25.9 

98223.5 98183.8 193.8 19.3 18.3 20.0 
97132.7 102827.7 201.4 20.1 19.0 21.1 

89659.6 87106.6 179.9 17.8 16.5 18.5 
84497.0 86381.0 191.4 17.8 16.6 18.4 
86932.2 86203.2 184.5 17.9 16.4 18.5 
85648.4 89533.8 194.7 17.8 15.9 18.8 
87224.5 87284.4 186.8 17.7 16.6 18.5 
82920.9 88630.4 199.3 17.9 15.8 18.7 

126745.5 127153.6 239.5 25.0 24.5 26.7 

122469.3 121304.4 249.5 25.0 22.0 25.5 
121511.6 121825.0 245.1 24.7 21.9 25.7 
118912.5 123638.0 245.1 24.5 22.2 25.5 
122113.9 124139.4 240.8 24.4 22.5 25.6 
123698.8 122448.1 251.4 25.1 21.9 25.5 

89659.6 87106.6 179.9 17.8 16.5 18.5 
87224.5 87284.4 186.8 17.7 16.6 18.5 
93570.4 87317.3 172.9 17.5 16.2 18.6 

88093.4 85940.6 191.3 17.6 16.6 18.7 
85547.3 89711.9 185.2 18.0 15.1 18.9 
91994.3 89566.7 180.9 17.7 15.4 18.9 
89559.1 89744.5 187.8 17.5 15.6 18.8 
87982.5 89534.1 178.3 18.2 14.9 19.0 
92004.2 86151.3 184.4 17.3 16.3 18.7 
85648.4 89533.8 194.7 17.8 15.9 18.8 
87224.5 87284.4 186.8 17.7 16.6 18.5 

106137.3 113509.0 217.4 21.4 19.6 22.6 
115108.4 115005.8 207.4 20.9 21.1 23.5 
103901.5 114229.7 223.4 21.2 20.3 22.6 
112673.2 115183.6 214.3 20.8 21.3 23.4 
107812.3 114440.4 216.5 20.9 20.1 22.6 
104872.1 108700.9 210.4 21.7 20.8 22.4 

129518.0 131168.0 237.2 24.0 23.3 25.6 
125810.1 129944.5 253.3 25.5 23.6 26.4 
125607.2 130957.3 244.1 24.3 23.6 25.6 

113531.1 115183.4 236.7 24.5 22.5 24.8 
114554.1 115619.7 244.6 24.9 21.6 25.3 
117955.8 119571.6 229.7 24.5 21.7 25.1 
113359.8 116906.5 238.4 24.8 22.0 24.8 
118835.7 119830.2 229.7 24.5 21.9 24.8 
116130.2 113370.3 236.7 24.8 22.3 25.0 
114841.8 120016.6 235.4 23.8 21.7 25.1 
114824.4 122257.4 244.5 24.5 21.3 25.1 
114571.5 113378.9 235.5 24.2 22.0 25.3 
117277.0 119838.8 228.5 24.0 21.5 25.1 

108330.3 122101.2 238.8 23.0 20.6 23.8 
108074.7 114719.0 218.7 22.5 21.0 23.2 

102255.7 107243.2 213.5 20.8 19.7 22.1 
103831.7 104993.8 205.5 20.7 20.4 21.8 

91571.7 94251.3 193.0 18.5 16.6 19.8 
89237.0 91791.2 192.0 18.6 17.6 19.5 
90106.0 90447.4 196.5 18.6 17.5 19.7 

102785.9 104728.0 204.5 20.5 19.2 21.4 
103067.1 101167.8 200.7 19.8 19.2 20.8 
99055.8 103595.0 215.6 19.8 18.6 21.0 
101420.2 102557.8 205.3 20.4 19.6 21.4 

91994.3 89566.7 180.9 17.7 15.4 18.9 
89559.1 89744.5 187.8 17.5 15.6 18.8 
91135.2 87495.1 179.8 17.4 16.4 18.5 
87224.5 87284.4 186.8 17.7 16.6 18.5 

86267.1 89549.0 197.1 18.6 16.5 19.2 
87843.2 87299.6 189.2 18.5 17.2 18.9 
88702.3 89371.2 190.2 18.8 16.3 19.2 

134806.7 133302.8 248.3 27.1 25.4 28.0 

147077.9 148865.5 276.1 28.9 28.2 30.6 
147556.1 150138.0 278.7 28.7 28.1 30.8 

129312.5 132387.3 236.9 25.4 24.6 27.1 

116248.3 121763.0 231.5 25.2 22.3 24.7 
120016.8 123197.4 230.7 23.4 22.4 24.7 
117923.3 122694.4 230.6 24.7 22.7 24.7 

143369.1 146766.0 269.4 28.5 27.4 30.4 

107197.3 108912.6 213.5 21.2 20.0 22.0 
100582.7 106853.9 221.7 21.5 21.0 22.1 

125435.8 125419.3 246.5 26.2 23.5 27.2 
122251.5 124590.8 245.4 26.7 24.2 27.3 

88093.4 85940.6 191.3 17.6 16.6 18.7 
89559.1 89744.5 187.8 17.5 15.6 18.8 
92004.2 86151.3 184.4 17.3 16.3 18.7 
87224.5 87284.4 186.8 17.7 16.6 18.5 

88364.8 88301.6 189.7 16.7 15.5 18.9 
89559.1 89744.5 187.8 17.5 15.6 18.8 
89940.9 86052.2 181.8 16.6 16.2 18.6 
86889.2 87913.1 189.7 17.2 15.6 18.9 
91135.2 87495.1 179.8 17.4 16.4 18.5 
85648.4 89533.8 194.7 17.8 15.9 18.8 
90800.0 88123.8 182.8 16.9 15.3 19.0 
88083.6 89356.0 187.8 17.9 15.7 18.8 

89659.6 87106.6 179.9 17.8 16.5 18.5 
91994.3 89566.7 180.9 17.7 15.4 18.9 
89559.1 89744.5 187.8 17.5 15.6 18.8 
87224.5 87284.4 186.8 17.7 16.6 18.5 

81729.3 89226.8 190.9 18.2 15.7 18.4 
87216.1 87188.1 176.0 17.7 16.2 18.2 
85640.0 89437.5 183.9 17.9 15.4 18.5 
85740.5 86799.6 176.1 18.2 16.3 18.2 
89651.3 87010.3 169.1 17.9 16.0 18.2 
87354.5 89006.5 184.5 17.5 15.4 18.5 
86495.4 86934.9 183.5 17.3 16.3 18.2 
88930.5 86757.1 176.6 17.4 16.1 18.2 
84919.3 89184.3 191.4 17.4 15.6 18.5 
81008.5 88973.6 198.4 17.7 15.8 18.5 

112754.4 112950.2 223.7 22.9 21.9 23.6 

91994.3 89566.7 180.9 17.7 15.4 18.9 
89559.1 89744.5 187.8 17.5 15.6 18.8 
85648.4 89533.8 194.7 17.8 15.9 18.8 
87224.5 87284.4 186.8 17.7 16.6 18.5 
88083.6 89356.0 187.8 17.9 15.7 18.8 

124737.2 124619.6 240.3 24.9 23.5 26.0 

97566.3 104854.2 201.2 20.6 18.5 21.2 
99142.3 102604.8 193.3 20.5 19.3 20.9 

89659.6 87106.6 179.9 17.8 16.5 18.5 
91994.3 89566.7 180.9 17.7 15.4 18.9 
89559.1 89744.5 187.8 17.5 15.6 18.8 
87448.4 91227.4 182.8 18.1 15.6 18.4 
89883.6 91049.6 175.9 18.2 15.4 18.5 
89024.5 88978.0 174.9 18.0 16.3 18.1 
85648.4 89533.8 194.7 17.8 15.9 18.8 
87224.5 87284.4 186.8 17.7 16.6 18.5 

98985.0 102735.6 212.2 20.3 19.7 21.3 

125492.2 125661.2 240.0 25.7 23.8 26.4 

92693.7 88023.6 182.3 17.2 15.8 18.9 
91994.3 89566.7 180.9 17.7 15.4 18.9 
89559.1 89744.5 187.8 17.5 15.6 18.8 
95128.9 87845.8 175.4 17.3 15.6 19.0 
88783.0 87812.9 189.3 17.5 16.1 18.9 
88083.6 89356.0 187.8 17.9 15.7 18.8 
93570.4 87317.3 172.9 17.5 16.2 18.6 

134191.0 133222.9 242.2 25.5 24.7 28.1 

86560.2 88043.6 190.2 17.3 16.6 19.0 
91994.3 89566.7 180.9 17.7 15.4 18.9 
92916.0 84661.1 179.8 16.8 16.9 18.9 
89559.1 89744.5 187.8 17.5 15.6 18.8 
91135.2 87495.1 179.8 17.4 16.4 18.5 
92004.2 86151.3 184.4 17.3 16.3 18.7 
85648.4 89533.8 194.7 17.8 15.9 18.8 
90471.0 88254.3 183.2 17.0 16.3 19.0 
87224.5 87284.4 186.8 17.7 16.6 18.5 
88083.6 89356.0 187.8 17.9 15.7 18.8 

89659.6 87106.6 179.9 17.8 16.5 18.5 
91994.3 89566.7 180.9 17.7 15.4 18.9 
89559.1 89744.5 187.8 17.5 15.6 18.8 
91135.2 87495.1 179.8 17.4 16.4 18.5 
85648.4 89533.8 194.7 17.8 15.9 18.8 
87224.5 87284.4 186.8 17.7 16.6 18.5 

122672.8 126430.3 237.7 25.6 25.6 27.2 
122672.7 126430.3 237.7 25.6 25.6 27.2 
122020.2 126502.4 244.4 25.8 24.9 27.5 
120532.7 125333.4 245.3 25.0 23.3 26.1 

89659.6 87106.6 179.9 17.8 16.5 18.5 
92529.1 91986.7 182.7 17.5 16.8 19.1 
91838.4 95247.9 188.4 18.6 15.6 19.5 
88083.6 89356.0 187.8 17.9 15.7 18.8 
93570.4 87317.3 172.9 17.5 16.2 18.6 

91994.3 89566.7 180.9 17.7 15.4 18.9 
86171.1 91810.8 190.6 17.9 15.1 18.6 
89559.1 89744.5 187.8 17.5 15.6 18.8 
82260.3 91600.1 197.5 18.2 15.4 18.6 
88606.2 91633.0 183.7 18.1 15.0 18.7 
93037.8 92428.6 175.6 18.7 16.7 19.4 
90602.7 92606.4 182.5 18.5 16.9 19.3 
91135.2 87495.1 179.8 17.4 16.4 18.5 
85648.4 89533.8 194.7 17.8 15.9 18.8 
84695.5 91422.3 190.6 18.3 15.3 18.6 
87224.5 87284.4 186.8 17.7 16.6 18.5 

107902.0 114994.1 225.5 22.3 19.9 23.3 
104861.3 111892.5 227.2 22.7 19.8 23.3 
103263.9 113308.0 233.9 22.4 20.1 23.4 
113321.7 114846.8 221.7 21.6 19.7 23.7 
105207.8 108499.4 217.4 22.5 20.5 23.1 

91994.3 89566.7 180.9 17.7 15.4 18.9 
89559.1 89744.5 187.8 17.5 15.6 18.8 
91135.2 87495.1 179.8 17.4 16.4 18.5 
87224.5 87284.4 186.8 17.7 16.6 18.5 

87351.1 91490.8 176.8 18.0 15.7 18.9 
84915.9 91668.6 183.6 17.9 15.8 18.9 
93833.5 93908.9 171.4 18.1 16.2 19.4 
89559.1 89744.5 187.8 17.5 15.6 18.8 
81005.1 91457.9 190.6 18.2 16.1 18.8 
83440.3 91280.1 183.7 18.3 16.0 18.9 
89233.8 89687.4 186.0 17.4 15.9 18.5 
83775.5 87921.8 189.0 18.1 16.5 19.0 
93271.2 95698.7 184.0 17.6 15.8 19.1 

128588.2 132932.1 245.7 24.8 25.2 26.9 

91994.3 89566.7 180.9 17.7 15.4 18.9 
89559.1 89744.5 187.8 17.5 15.6 18.8 
85648.4 89533.8 194.7 17.8 15.9 18.8 
89266.8 88663.3 185.4 17.8 15.4 18.8 

91994.3 89566.7 180.9 17.7 15.4 18.9 
89559.1 89744.5 187.8 17.5 15.6 18.8 
87224.5 87284.4 186.8 17.7 16.6 18.5 

95653.8 92683.5 181.5 18.1 16.1 19.3 
93218.6 92861.3 188.4 17.9 16.3 19.2 

89659.6 87106.6 179.9 17.8 16.5 18.5 
91994.3 89566.7 180.9 17.7 15.4 18.9 
89559.1 89744.5 187.8 17.5 15.6 18.8 
91135.2 87495.1 179.8 17.4 16.4 18.5 
85648.4 89533.8 194.7 17.8 15.9 18.8 
87224.5 87284.4 186.8 17.7 16.6 18.5 

91994.3 89566.7 180.9 17.7 15.4 18.9 
89559.1 89744.5 187.8 17.5 15.6 18.8 
91135.2 87495.1 179.8 17.4 16.4 18.5 
85648.4 89533.8 194.7 17.8 15.9 18.8 
88083.6 89356.0 187.8 17.9 15.7 18.8 
87224.5 87284.4 186.8 17.7 16.6 18.5 

91521.7 89941.7 191.6 17.4 16.0 18.8 
89659.6 87106.6 179.9 17.8 16.5 18.5 
89187.0 87481.6 190.7 17.6 17.0 18.5 
90046.1 89553.2 191.7 17.8 16.1 18.8 
91994.3 89566.7 180.9 17.7 15.4 18.9 
89559.1 89744.5 187.8 17.5 15.6 18.8 
87610.9 89731.0 198.6 17.7 16.3 18.8 
91135.2 87495.1 179.8 17.4 16.4 18.5 
85648.4 89533.8 194.7 17.8 15.9 18.8 
87224.5 87284.4 186.8 17.7 16.6 18.5 

112004.1 115084.5 225.6 22.6 20.4 24.0 
110077.7 117059.2 234.1 23.8 20.9 24.4 

88599.7 89164.6 175.4 17.4 16.6 18.4 
87124.1 88776.1 175.4 17.8 16.7 18.5 
89559.1 89744.5 187.8 17.5 15.6 18.8 
89458.8 91236.2 176.4 17.7 15.7 18.8 
84688.9 88953.9 182.3 17.7 16.9 18.4 
87023.6 91414.0 183.3 17.5 15.9 18.7 
89468.7 87820.8 179.9 17.3 16.5 18.6 
87224.5 87284.4 186.8 17.7 16.6 18.5 

147556.1 150138.0 278.7 28.7 28.1 30.8 

92263.8 92926.6 181.4 17.1 16.4 19.5 
100390.0 99508.0 178.2 17.5 17.0 20.4 
89129.2 94647.5 186.8 17.4 16.2 19.4 

89559.1 89744.5 187.8 17.5 15.6 18.8 
85648.4 89533.8 194.7 17.8 15.9 18.8 
87224.5 87284.4 186.8 17.7 16.6 18.5 

122252.5 122476.7 224.7 23.5 21.7 24.7 
116765.7 124515.4 239.6 24.0 21.3 25.0 
120676.5 124726.1 232.6 23.7 21.0 25.0 
114330.5 124693.2 246.5 23.8 21.5 24.9 
120863.2 122920.3 232.7 23.6 23.1 25.0 

118937.7 126243.6 231.9 25.3 23.4 25.7 
122122.0 127072.1 233.1 24.8 22.7 25.5 
120545.9 129321.6 241.0 25.0 22.0 25.8 

89659.6 87106.6 179.9 17.8 16.5 18.5 
91994.3 89566.7 180.9 17.7 15.4 18.9 
89559.1 89744.5 187.8 17.5 15.6 18.8 
92807.5 87919.1 178.7 17.8 16.6 18.5 
87224.5 87284.4 186.8 17.7 16.6 18.5 

124370.2 124570.1 230.4 23.7 22.5 24.8 
123660.2 125720.0 235.7 25.2 23.7 25.4 
125317.8 128090.9 224.8 24.1 22.2 24.5 
125804.1 122889.8 229.6 23.9 22.5 25.3 

130870.7 129580.5 231.1 25.0 24.0 26.7 
129578.7 129028.6 239.3 25.5 25.0 26.8 
126960.0 129369.8 238.0 25.3 24.3 26.7 

140788.5 141396.7 259.4 27.5 26.9 29.7 

88093.4 85940.6 191.3 17.6 16.6 18.7 
91994.3 89566.7 180.9 17.7 15.4 18.9 
89559.1 89744.5 187.8 17.5 15.6 18.8 
90528.6 85762.8 184.4 17.7 16.4 18.7 
87224.5 87284.4 186.8 17.7 16.6 18.5 
88083.6 89356.0 187.8 17.9 15.7 18.8 

145571.6 147952.6 277.1 27.8 27.9 30.5 
144603.5 146887.0 269.6 27.9 27.7 30.2 

89659.6 87106.6 179.9 17.8 16.5 18.5 
91994.3 89566.7 180.9 17.7 15.4 18.9 
89559.1 89744.5 187.8 17.5 15.6 18.8 
85648.4 89533.8 194.7 17.8 15.9 18.8 
87224.5 87284.4 186.8 17.7 16.6 18.5 

89659.6 87106.6 179.9 17.8 16.5 18.5 
91994.3 89566.7 180.9 17.7 15.4 18.9 
89559.1 89744.5 187.8 17.5 15.6 18.8 
90528.6 85762.8 184.4 17.7 16.4 18.7 
88083.6 89356.0 187.8 17.9 15.7 18.8 
87224.5 87284.4 186.8 17.7 16.6 18.5 

89659.6 87106.6 179.9 17.8 16.5 18.5 
91994.3 89566.7 180.9 17.7 15.4 18.9 
89559.1 89744.5 187.8 17.5 15.6 18.8 
85648.4 89533.8 194.7 17.8 15.9 18.8 
88083.6 89356.0 187.8 17.9 15.7 18.8 

113825.9 122079.5 235.3 23.5 23.3 24.0 
115733.6 121646.5 219.8 23.9 23.0 24.0 
120689.0 122267.7 234.6 23.6 22.6 24.8 
120171.9 122112.4 221.5 23.4 22.8 24.1 
116261.1 121901.7 228.4 23.7 23.1 24.0 

123696.6 131681.7 241.7 25.3 25.7 26.7 
126880.9 132510.2 242.8 24.8 25.0 26.5 

89659.6 87106.6 179.9 17.8 16.5 18.5 
90182.3 89383.6 175.8 17.9 15.7 18.4 
91994.3 89566.7 180.9 17.7 15.4 18.9 
86171.1 91810.8 190.6 17.9 15.1 18.6 
88606.2 91633.0 183.7 18.1 15.0 18.7 
87747.1 89561.4 182.7 17.8 15.9 18.3 
85648.4 89533.8 194.7 17.8 15.9 18.8 
87224.5 87284.4 186.8 17.7 16.6 18.5 
84695.5 91422.3 190.6 18.3 15.3 18.6 
93570.4 87317.3 172.9 17.5 16.2 18.6 

135272.6 136326.1 250.8 26.4 25.4 28.2 

134244.6 135543.0 256.0 26.2 25.5 28.3 

155083.9 170262.0 331.7 36.5 33.8 35.7 
158717.6 175582.5 329.0 36.4 34.4 36.1 
151074.0 169470.2 333.3 36.2 32.9 35.3 
150525.1 170005.0 337.4 37.2 34.0 36.3 

139820.3 140331.1 252.0 27.6 26.7 29.4 
136636.0 139502.5 250.8 28.1 27.4 29.6 

140997.1 140231.5 258.4 28.0 26.7 29.4 

122974.6 139328.2 261.5 27.9 24.5 28.6 
129247.1 135700.6 257.7 28.9 25.0 28.9 
128774.8 135203.5 259.8 28.4 24.7 28.2 
117847.0 135080.6 259.7 29.5 24.8 28.5 
128461.4 137289.5 246.7 27.5 24.9 28.3 
125779.0 138857.4 253.2 28.8 25.3 28.6 
129689.7 139068.1 246.3 28.5 25.0 28.6 
125737.8 144270.9 271.8 28.5 24.3 28.7 
124550.7 137078.8 253.6 27.8 25.2 28.3 

117083.8 117313.2 218.8 22.8 21.2 23.9 
109113.3 109370.5 221.6 22.5 21.1 23.3 
113000.4 112195.0 221.8 22.4 21.8 23.6 
113024.1 109581.2 214.6 22.2 20.8 23.3 

91994.3 89566.7 180.9 17.7 15.4 18.9 
89559.1 89744.5 187.8 17.5 15.6 18.8 
96041.6 92162.6 182.4 17.6 16.1 19.3 
85648.4 89533.8 194.7 17.8 15.9 18.8 

137172.9 141426.2 252.9 27.0 26.8 29.0 

88093.4 85940.6 191.3 17.6 16.6 18.7 
91994.3 89566.7 180.9 17.7 15.4 18.9 
89559.1 89744.5 187.8 17.5 15.6 18.8 
92004.2 86151.3 184.4 17.3 16.3 18.7 
90528.6 85762.8 184.4 17.7 16.4 18.7 
85648.4 89533.8 194.7 17.8 15.9 18.8 
87224.5 87284.4 186.8 17.7 16.6 18.5 
88083.6 89356.0 187.8 17.9 15.7 18.8 

140416.5 143515.0 260.3 27.7 27.0 29.8 

135402.9 136486.7 256.7 27.2 25.6 28.4 
141035.7 140761.3 249.2 27.9 25.8 28.3 

104544.4 110319.4 216.2 21.5 19.3 22.1 
106120.5 108070.0 208.3 21.4 20.0 21.8 

88093.4 85940.6 191.3 17.6 16.6 18.7 
89659.6 87106.6 179.9 17.8 16.5 18.5 
91994.3 89566.7 180.9 17.7 15.4 18.9 
89559.1 89744.5 187.8 17.5 15.6 18.8 
91135.2 87495.1 179.8 17.4 16.4 18.5 
90528.6 85762.8 184.4 17.7 16.4 18.7 
85648.4 89533.8 194.7 17.8 15.9 18.8 
87224.5 87284.4 186.8 17.7 16.6 18.5 
88083.6 89356.0 187.8 17.9 15.7 18.8 

105936.5 106047.9 203.5 19.5 19.5 21.4 
102884.8 107908.8 211.5 20.1 18.9 21.7 
108371.6 105870.1 196.6 19.7 19.4 21.4 
102553.3 106092.4 219.1 19.6 19.9 21.4 
108899.2 106125.3 205.2 19.4 19.4 21.4 

115900.5 109334.9 211.9 21.8 20.5 22.7 
115718.2 116075.9 222.7 22.0 20.2 23.6 
114488.7 114932.2 220.8 21.9 20.2 23.6 
109772.3 110919.9 222.1 22.9 21.2 23.1 
114681.9 113405.4 223.2 23.2 20.6 23.7 

88492.0 94089.4 177.6 19.1 16.9 19.0 
89024.5 88978.0 174.9 18.0 16.4 18.1 
87448.5 91227.4 182.8 18.1 15.6 18.4 
89351.1 96161.0 178.6 19.4 16.0 19.4 
89559.1 89744.5 187.8 17.5 15.6 18.8 
85440.3 95950.3 185.5 19.7 16.3 19.3 
89883.6 91049.6 175.9 18.2 15.4 18.5 
90927.2 93911.6 170.7 19.2 16.7 19.1 
89893.5 87634.2 179.4 17.9 16.3 18.3 

120686.4 130096.5 247.5 25.7 25.0 27.1 
123870.7 130925.1 248.7 25.2 24.3 26.9 

132680.6 136225.6 243.9 26.4 25.8 28.0 

88407.7 86591.7 184.4 17.5 16.3 18.4 
85408.8 84890.8 186.8 17.3 17.2 18.7 
89319.5 85101.5 179.9 17.0 16.9 18.7 
82920.9 88630.4 199.3 17.9 15.8 18.7 
87743.5 87351.0 187.8 17.1 16.2 19.0 
97816.8 89169.1 172.2 18.0 17.6 19.2 

138363.4 138400.9 259.0 26.5 26.6 29.1 

101420.2 102557.8 205.3 20.4 19.6 21.4 

89659.6 87106.6 179.9 17.8 16.5 18.5 
86788.7 93280.6 189.4 17.6 15.3 18.6 
91994.3 89566.7 180.9 17.7 15.4 18.9 
89559.1 89744.5 187.8 17.5 15.6 18.8 
85648.4 89533.8 194.7 17.8 15.9 18.8 
82878.0 93069.9 196.3 17.9 15.5 18.6 
87224.5 87284.4 186.8 17.7 16.6 18.5 

134459.3 137721.0 265.1 27.5 25.2 28.4 

138363.4 138400.9 259.0 26.5 26.6 29.1 

127426.0 132788.9 243.8 25.3 24.1 26.4 

128957.6 128137.2 234.1 24.8 23.5 26.6 
125046.8 127926.5 241.0 25.1 23.8 26.6 

91994.3 89566.7 180.9 17.7 15.4 18.9 
89559.1 89744.5 187.8 17.5 15.6 18.8 
85648.4 89533.8 194.7 17.8 15.9 18.8 
88083.6 89356.0 187.8 17.9 15.7 18.8 
87224.5 87284.4 186.8 17.7 16.6 18.5 

87123.3 87462.5 177.3 17.9 15.8 18.6 
91135.2 87495.1 179.8 17.4 16.3 18.5 
85547.3 89711.9 185.2 18.0 15.1 18.9 
91994.3 89566.7 180.9 17.7 15.4 18.9 
89559.1 89744.5 187.8 17.5 15.6 18.8 
87224.5 87284.4 186.8 17.7 16.6 18.5 

103542.0 105228.7 216.2 21.7 19.7 22.8 
104059.4 109889.5 227.1 22.2 20.6 23.0 
107435.4 107680.2 218.4 22.1 19.0 22.8 
107636.3 105276.0 217.5 21.4 20.2 22.9 
102574.6 104144.6 227.9 21.8 19.6 22.9 
101106.9 105406.5 223.1 21.5 19.8 22.8 
104147.6 108508.0 221.3 21.1 19.9 22.8 

89559.1 89744.5 187.8 17.5 15.6 18.8 
87224.5 87284.4 186.8 17.7 16.6 18.5 

100803.5 105089.7 222.3 19.3 19.1 21.4 
103422.2 104748.6 223.6 19.5 19.8 21.6 

140280.7 141364.6 252.9 28.0 27.0 28.9 
144603.5 146887.0 269.6 27.9 27.7 30.2 

91754.0 87510.3 182.3 18.2 16.9 18.9 
94794.7 90611.9 180.5 17.8 17.0 18.9 
90278.4 87121.8 182.3 18.7 17.0 18.9 
87843.2 87299.6 189.2 18.5 17.2 18.9 
89178.4 93903.8 193.9 19.2 16.7 19.8 
94189.1 87332.5 175.4 18.4 16.7 18.9 

95872.3 106383.0 196.5 20.5 18.0 20.5 
98642.7 102846.9 194.9 20.5 18.4 20.7 
95236.7 107297.7 198.8 20.6 17.6 20.9 
97415.1 101970.0 200.2 20.9 19.0 20.5 
97983.0 104900.1 201.4 20.0 18.0 20.9 
96741.3 105039.3 201.0 20.5 17.9 20.7 
96755.4 104023.2 206.8 20.4 18.6 20.7 

104387.8 108247.7 208.6 21.0 20.7 22.3 

105623.7 104556.0 213.7 21.2 20.2 22.0 
105623.8 104556.0 213.7 21.2 20.2 22.0 
104754.8 105899.8 209.1 21.3 20.3 21.8 
107795.5 109001.4 207.4 20.9 20.4 21.8 

91994.3 89566.7 180.9 17.7 15.4 18.9 
89559.1 89744.5 187.8 17.5 15.6 18.8 
85648.4 89533.8 194.7 17.8 15.9 18.8 
87224.5 87284.4 186.8 17.7 16.6 18.5 

140111.1 141686.3 260.6 27.3 26.6 29.3 

88093.4 85940.6 191.3 17.6 16.6 18.7 
91994.3 89566.7 180.9 17.7 15.4 18.9 
89559.1 89744.5 187.8 17.5 15.6 18.8 
91135.2 87495.1 179.8 17.4 16.4 18.5 
85648.4 89533.8 194.7 17.8 15.9 18.8 
87224.5 87284.4 186.8 17.7 16.6 18.5 
88083.6 89356.0 187.8 17.9 15.7 18.8 

109827.4 105207.1 203.1 21.1 19.6 21.9 
101984.4 102726.1 224.7 22.1 20.5 22.5 

135570.4 140524.9 255.5 27.2 25.2 28.1 
134515.8 134465.1 249.9 27.1 25.6 27.8 

123507.7 123475.9 238.4 24.8 23.6 26.0 
125591.1 128842.1 247.0 25.3 23.5 26.7 

91135.2 87495.1 179.8 17.4 16.4 18.5 
90528.6 85762.8 184.4 17.7 16.4 18.7 
85648.4 89533.8 194.7 17.8 15.9 18.8 
88083.6 89356.0 187.8 17.9 15.7 18.8 
87224.5 87284.4 186.8 17.7 16.6 18.5 

125179.4 123118.5 223.6 23.5 21.6 25.0 
118992.8 122471.2 226.9 22.5 21.9 24.8 
114541.8 120858.7 235.1 22.7 21.9 24.0 

135424.4 135709.7 250.2 26.5 25.7 28.7 
132240.0 134881.1 249.0 27.0 26.3 28.9 

89877.2 91208.5 175.8 18.8 15.1 18.5 
89659.6 87106.6 179.9 17.8 16.5 18.5 
91994.3 89566.7 180.9 17.7 15.4 18.9 
89559.1 89744.5 187.8 17.5 15.6 18.8 
87448.4 91227.4 182.8 18.1 15.6 18.4 
89883.6 91049.6 175.9 18.2 15.4 18.5 
87442.1 91386.3 182.7 18.6 15.3 18.4 
85966.5 90997.8 182.7 19.0 15.4 18.5 
87224.5 87284.4 186.8 17.7 16.6 18.5 
89580.6 92231.9 178.0 18.2 16.6 18.6 

143369.1 146766.0 269.4 28.5 27.4 30.4 

125413.2 131428.7 244.7 25.6 25.2 27.0 
128920.3 130689.6 239.7 25.2 25.1 26.9 
125856.9 130756.8 247.4 24.9 24.8 26.9 
125735.9 129861.1 238.6 25.7 25.8 27.1 

89659.6 87106.6 179.9 17.8 16.5 18.5 
91994.3 89566.7 180.9 17.7 15.4 18.9 
89559.1 89744.5 187.8 17.5 15.6 18.8 
85648.4 89533.8 194.7 17.8 15.9 18.8 
88083.6 89356.0 187.8 17.9 15.7 18.8 
87224.5 87284.4 186.8 17.7 16.6 18.5 

141359.9 144798.2 262.2 27.2 27.6 29.4 

110129.0 112253.1 215.7 23.2 21.4 23.2 
113313.4 113081.6 216.8 22.7 20.7 23.0 

150030.5 152116.5 285.1 29.6 28.6 31.2 
147665.8 152471.6 285.5 28.9 28.6 31.0 

85642.0 89692.7 194.5 18.3 15.6 18.7 
91994.3 89566.7 180.9 17.7 15.4 18.9 
89559.1 89744.5 187.8 17.5 15.6 18.8 
85648.4 89533.8 194.7 17.8 15.9 18.8 
87224.5 87284.4 186.8 17.7 16.6 18.5 

88364.8 88301.6 189.7 16.7 15.5 18.9 
91994.3 89566.7 180.9 17.7 15.4 18.9 
89559.1 89744.5 187.8 17.5 15.6 18.8 
92203.7 89200.0 189.1 16.6 16.6 19.4 
90800.0 88123.8 182.8 16.9 15.3 19.0 

86472.9 94396.9 192.9 17.9 18.2 20.0 
86262.5 98816.5 200.0 18.1 17.1 20.3 
91599.7 98282.2 202.3 17.1 17.8 20.4 
84896.8 96646.3 200.8 18.1 17.5 20.3 
88031.4 94925.5 195.4 17.8 17.6 20.4 
86821.2 93597.0 196.7 18.6 18.1 20.1 
89513.6 97498.5 191.2 17.5 18.3 20.0 
90383.7 94607.6 186.0 17.7 17.9 20.0 

111445.2 115975.0 227.2 23.2 21.8 24.4 

88093.4 85940.6 191.3 17.6 16.6 18.7 
91994.3 89566.7 180.9 17.7 15.4 18.9 
89559.1 89744.5 187.8 17.5 15.6 18.8 
85648.4 89533.8 194.7 17.8 15.9 18.8 
87224.5 87284.4 186.8 17.7 16.6 18.5 

91994.3 89566.7 180.9 17.7 15.4 18.9 
89559.1 89744.5 187.8 17.5 15.6 18.8 
85648.4 89533.8 194.7 17.8 15.9 18.8 
88083.6 89356.0 187.8 17.9 15.7 18.8 
87224.5 87284.4 186.8 17.7 16.6 18.5 

95032.2 86173.0 171.1 18.0 15.5 18.3 
93456.2 88422.4 179.0 18.1 14.7 18.6 
89659.6 87106.6 179.9 17.8 16.5 18.5 
91121.5 85962.3 178.1 18.3 15.8 18.2 
88686.3 86140.1 185.0 18.1 15.9 18.2 
92597.1 86350.8 178.0 17.8 15.6 18.2 
87224.5 87284.4 186.8 17.7 16.6 18.5 

144603.5 146887.0 269.6 27.9 27.7 30.2 

88093.4 85940.6 191.3 17.6 16.6 18.7 
91994.3 89566.7 180.9 17.7 15.4 18.9 
89559.1 89744.5 187.8 17.5 15.6 18.8 
94908.3 92123.0 193.9 17.6 16.0 18.9 
91135.2 87495.1 179.8 17.4 16.4 18.5 
85648.4 89533.8 194.7 17.8 15.9 18.8 
90997.5 91912.3 200.8 17.9 16.3 18.9 
87224.5 87284.4 186.8 17.7 16.6 18.5 

123099.6 130365.1 242.4 25.7 25.9 26.8 
125625.5 132854.7 244.0 24.9 25.3 26.8 

127442.6 126325.4 254.0 25.5 23.7 26.8 
123389.3 126840.6 248.3 26.1 24.4 26.8 
123389.2 126840.6 248.3 26.1 24.4 26.8 
122159.7 125696.9 246.4 26.0 24.5 26.8 

125287.0 126801.7 236.9 24.6 24.8 26.0 

91324.7 94923.3 181.9 17.2 15.4 19.2 
90341.7 90030.0 173.3 16.8 17.3 18.7 
91135.2 87495.1 179.8 17.4 16.3 18.5 
89659.6 87106.6 179.9 17.8 16.5 18.5 
91994.3 89566.7 180.9 17.7 15.4 18.9 
89559.1 89744.5 187.8 17.5 15.6 18.8 
86918.1 90037.0 191.9 17.2 15.4 18.8 
91135.2 87495.1 179.8 17.4 16.4 18.5 
85648.4 89533.8 194.7 17.8 15.9 18.8 
89110.6 92036.1 172.6 17.0 15.7 18.7 
87224.5 87284.4 186.8 17.7 16.6 18.5 
88083.6 89356.0 187.8 17.9 15.7 18.8 

90444.6 90756.3 185.6 18.5 15.2 18.9 
91994.3 89566.7 180.9 17.7 15.4 18.9 
89559.1 89744.5 187.8 17.5 15.6 18.8 
88009.4 90934.1 192.5 18.3 15.3 18.8 
85648.4 89533.8 194.7 17.8 15.9 18.8 

130775.7 132745.0 243.8 26.4 24.6 27.0 

147556.1 150138.0 278.7 28.7 28.1 30.8 

88184.6 90316.0 194.6 17.7 15.1 19.2 
91994.3 89566.7 180.9 17.7 15.4 18.9 
86709.1 89927.5 194.6 18.2 15.2 19.2 
89559.1 89744.5 187.8 17.5 15.6 18.8 
84273.9 90105.3 201.5 18.0 15.4 19.1 
89760.7 88066.6 186.7 17.6 15.8 18.9 
85648.4 89533.8 194.7 17.8 15.9 18.8 
88083.6 89356.0 187.8 17.9 15.7 18.8 
87224.5 87284.4 186.8 17.7 16.6 18.5 

91135.2 87495.1 179.8 17.4 16.4 18.5 
87224.5 87284.4 186.8 17.7 16.6 18.5 
93570.4 87317.3 172.9 17.5 16.2 18.6 

116624.1 119299.6 241.4 23.6 21.3 25.8 
111783.9 115461.2 247.7 23.8 21.8 25.3 
112616.0 115114.0 254.9 24.2 21.1 25.8 
116711.6 113462.7 239.7 24.5 21.2 25.5 
116075.9 114377.3 242.1 24.6 20.8 25.9 
109398.3 115413.9 241.6 24.4 20.7 25.9 
113351.7 122883.7 240.6 24.1 22.1 24.8 
113577.0 115183.6 245.1 24.8 21.1 25.4 
108013.6 118096.7 255.4 24.2 21.3 25.6 
112513.9 118546.0 249.2 23.9 21.1 25.7 

119450.6 123296.8 229.4 23.8 23.1 25.1 

89861.3 84471.6 181.8 17.0 15.8 18.6 
91177.2 89447.8 188.7 17.5 15.0 18.9 
89559.1 89744.5 187.8 17.5 15.6 18.8 
86667.2 87017.7 188.8 17.1 15.7 18.8 
88285.2 86721.0 189.7 17.1 15.1 18.9 
92753.2 87198.4 180.8 17.4 15.8 18.6 
88243.2 84768.3 180.9 16.9 16.4 18.5 
87224.5 87284.4 186.8 17.7 16.6 18.5 
84374.4 86510.3 196.7 17.4 15.4 18.9 

99925.9 100704.2 210.4 20.0 18.3 21.1 
96571.2 103747.4 220.4 20.5 18.8 21.5 
102361.0 100526.4 203.5 20.1 18.1 21.1 
101501.9 98454.7 202.5 19.8 19.0 20.8 
101451.4 99976.4 210.1 20.5 19.3 21.5 
103937.1 98276.9 195.6 20.0 18.8 20.8 
107533.8 104632.4 196.9 19.8 19.2 21.3 

122623.9 124427.6 234.1 25.3 22.9 25.7 
120924.2 123179.7 233.4 26.1 23.5 26.1 

91994.3 89566.7 180.9 17.7 15.4 18.9 
89559.1 89744.5 187.8 17.5 15.6 18.8 
85648.4 89533.8 194.7 17.8 15.9 18.8 
87224.5 87284.4 186.8 17.7 16.6 18.5 

96182.7 100785.9 190.8 19.3 17.7 20.1 
98617.9 100608.1 183.9 19.4 17.5 20.2 
98966.1 99808.2 187.7 20.0 17.4 20.3 
94707.1 100397.4 190.9 19.7 17.8 20.2 
96950.8 102108.6 187.9 20.5 17.1 20.4 
89159.2 103193.0 200.4 19.4 17.9 20.5 

104098.7 90809.1 205.8 19.5 18.7 21.9 
105977.4 96759.8 206.5 20.5 18.8 21.9 
104580.7 96790.8 213.1 20.1 18.5 22.3 
108139.3 93953.6 200.8 20.7 19.1 22.1 
102978.4 95059.0 208.9 20.2 19.7 22.1 
100188.0 90598.4 212.7 19.8 19.0 21.9 
106563.3 96203.0 208.7 20.8 18.3 22.4 
97742.9 94191.6 216.1 20.0 18.4 22.0 
108457.0 96587.5 207.2 21.2 18.4 21.9 
98972.4 95335.3 218.0 20.1 18.3 22.0 

88093.4 85940.6 191.3 17.6 16.6 18.7 
91994.3 89566.7 180.9 17.7 15.4 18.9 
89559.1 89744.5 187.8 17.5 15.6 18.8 
91135.2 87495.1 179.8 17.4 16.4 18.5 
85648.4 89533.8 194.7 17.8 15.9 18.8 
87224.5 87284.4 186.8 17.7 16.6 18.5 
88083.6 89356.0 187.8 17.9 15.7 18.8 

89659.6 87106.6 179.9 17.8 16.5 18.5 
91994.3 89566.7 180.9 17.7 15.4 18.9 
89559.1 89744.5 187.8 17.5 15.6 18.8 
85648.4 89533.8 194.7 17.8 15.9 18.8 
87224.5 87284.4 186.8 17.7 16.6 18.5 

113444.9 114728.2 218.2 21.9 19.0 23.3 
108030.1 109221.0 210.1 22.4 19.4 23.4 
109395.8 111391.2 209.3 22.4 19.1 23.4 

144603.5 146887.0 269.6 27.9 27.7 30.2 

91994.3 89566.7 180.9 17.7 15.4 18.9 
89559.1 89744.5 187.8 17.5 15.6 18.8 
92004.2 86151.3 184.4 17.3 16.3 18.7 
87224.5 87284.4 186.8 17.7 16.6 18.5 

89659.6 87106.6 179.9 17.8 16.5 18.5 
91994.3 89566.7 180.9 17.7 15.4 18.9 
89559.1 89744.5 187.8 17.5 15.6 18.8 
85648.4 89533.8 194.7 17.8 15.9 18.8 
88083.6 89356.0 187.8 17.9 15.7 18.8 
87224.5 87284.4 186.8 17.7 16.6 18.5 

85300.1 90333.7 190.9 17.2 16.0 18.7 
86560.2 88043.6 190.2 17.3 16.6 19.0 
86212.0 88843.5 186.4 16.7 16.6 18.9 

98087.2 102920.7 204.9 19.5 17.3 21.1 
99064.5 100589.4 196.7 19.0 18.2 20.9 
100532.2 99327.5 201.5 19.3 17.9 21.0 
99663.3 100671.3 197.0 19.4 18.0 20.8 
102098.4 100493.5 190.1 19.5 17.8 20.9 

141312.3 136397.7 246.3 26.3 25.1 28.3 
137464.4 135729.6 259.4 27.3 25.0 28.2 

103276.1 98636.7 194.4 20.6 18.7 21.4 
99921.4 101679.9 204.4 21.2 19.3 21.8 
101397.0 102068.4 204.4 20.7 19.2 21.8 
97486.2 101857.7 211.3 21.0 19.5 21.8 

88452.1 88161.2 181.4 17.3 16.1 18.7 
90252.2 89854.9 169.5 17.6 15.8 18.4 
87009.2 91278.4 175.1 18.5 16.0 18.3 
85804.0 94031.4 180.1 19.4 15.4 19.2 
90347.5 90672.3 174.7 17.5 15.5 18.8 
87224.5 87284.4 186.8 17.7 16.6 18.5 
89096.0 94226.9 170.7 18.3 14.6 18.8 
91994.3 89566.7 180.9 17.7 15.4 18.9 
89559.1 89744.5 187.8 17.5 15.6 18.8 
93222.0 90443.6 175.5 17.2 14.9 19.1 
89988.9 88451.7 184.6 17.8 15.9 18.8 
88236.8 92155.2 169.7 18.0 15.5 18.5 
93570.4 87317.3 172.9 17.5 16.2 18.6 

95058.1 85988.7 179.9 18.3 16.6 19.1 
89659.6 87106.6 179.9 17.8 16.5 18.5 
87224.5 87284.4 186.8 17.7 16.6 18.5 
93570.4 87317.3 172.9 17.5 16.2 18.6 

89659.6 87106.6 179.9 17.8 16.5 18.5 
91994.3 89566.7 180.9 17.7 15.4 18.9 
89559.1 89744.5 187.8 17.5 15.6 18.8 
85648.4 89533.8 194.7 17.8 15.9 18.8 
87224.5 87284.4 186.8 17.7 16.6 18.5 

137749.8 142642.0 261.6 27.3 26.1 29.2 
134565.4 141813.4 260.4 27.8 26.8 29.4 

106230.3 106288.3 209.1 20.9 20.2 21.8 
102319.6 106077.6 216.0 21.2 20.5 21.7 
104654.3 108537.7 217.0 21.0 19.5 22.1 

86267.1 89549.0 197.1 18.6 16.5 19.2 
87843.2 87299.6 189.2 18.5 17.2 18.9 
84528.4 85300.8 202.8 18.5 16.8 18.8 
90177.9 89759.7 190.2 18.3 16.2 19.2 

91994.3 89566.7 180.9 17.7 15.4 18.9 
88083.6 89356.0 187.8 17.9 15.7 18.8 
93570.4 87317.3 172.9 17.5 16.2 18.6 

89659.6 87106.6 179.9 17.8 16.5 18.5 
91994.3 89566.7 180.9 17.7 15.4 18.9 
85648.4 89533.8 194.7 17.8 15.9 18.8 
88083.6 89356.0 187.8 17.9 15.7 18.8 

144603.5 146887.0 269.6 27.9 27.7 30.2 

93231.8 87028.2 179.0 16.9 15.7 18.9 
91756.3 86639.7 179.0 17.3 15.8 18.9 
90533.1 94499.1 174.9 18.0 14.9 19.0 
93222.0 90443.6 175.5 17.2 14.9 19.1 
92004.2 86151.3 184.4 17.3 16.3 18.7 
95667.0 86850.4 172.1 17.0 15.5 19.0 

144007.3 143703.0 261.3 27.8 27.4 29.9 

89659.6 87106.6 179.9 17.8 16.5 18.5 
91994.3 89566.7 180.9 17.7 15.4 18.9 
89559.1 89744.5 187.8 17.5 15.6 18.8 
85648.4 89533.8 194.7 17.8 15.9 18.8 
87224.5 87284.4 186.8 17.7 16.6 18.5 

114763.8 115978.3 232.3 23.1 22.2 24.1 

110038.0 110999.8 219.3 23.0 20.8 23.6 
117283.4 114552.5 216.2 23.6 21.2 24.1 

91754.0 87510.3 182.3 18.2 16.9 18.9 
97523.7 90674.5 179.2 19.3 17.5 19.4 
88983.0 92875.8 198.5 18.7 16.7 19.2 

144318.3 146460.3 277.6 28.5 27.2 30.1 

88093.4 85940.6 191.3 17.6 16.6 18.7 
91994.3 89566.7 180.9 17.7 15.4 18.9 
89559.1 89744.5 187.8 17.5 15.6 18.8 
87224.5 87284.4 186.8 17.7 16.6 18.5 

136137.7 138935.1 259.6 26.1 26.4 28.3 

110430.2 114641.6 219.7 22.8 22.3 23.5 
116832.3 119026.5 213.2 23.3 22.1 23.9 
113614.6 115470.2 220.8 22.3 21.6 23.3 

99687.5 96379.4 197.1 19.8 17.0 20.7 
100917.0 97523.1 199.0 19.9 17.0 20.7 
91900.2 92642.8 202.9 19.1 17.5 19.7 
102493.0 95273.6 191.1 19.7 17.7 20.4 

113019.7 117967.1 219.7 23.3 20.7 24.0 
117780.2 116546.2 213.0 22.7 20.7 23.5 
113869.4 116335.5 219.9 23.0 21.0 23.5 
115464.8 114373.9 216.3 23.1 21.3 23.9 

94482.2 85827.1 168.4 17.0 16.8 18.8 
92047.0 86004.9 175.3 16.9 17.0 18.7 
91135.2 87495.1 179.8 17.4 16.3 18.5 
89559.1 89744.5 187.8 17.5 15.6 18.8 
95351.2 84483.3 172.9 16.9 16.7 19.0 
92906.2 88076.5 176.3 17.2 16.1 19.1 
90471.0 88254.3 183.2 17.0 16.3 19.0 

150030.5 152116.5 285.1 29.6 28.6 31.2 

147556.1 150138.0 278.7 28.7 28.1 30.8 

116572.1 118131.2 236.4 22.4 22.1 24.4 
111277.7 116267.5 237.9 22.6 21.4 23.9 
114683.9 114395.4 236.3 22.8 22.7 24.2 
112065.2 114736.5 235.0 22.6 22.1 24.1 

92737.8 98767.7 199.1 19.4 16.6 19.8 
99786.5 93822.3 186.5 19.3 17.8 20.2 
93965.7 97318.1 187.4 18.6 17.3 19.5 
95515.4 96128.5 182.7 17.8 17.6 19.4 
92389.6 99567.6 195.3 18.7 16.6 19.8 

93315.0 85833.2 184.7 17.5 17.3 19.1 
91994.3 89566.7 180.9 17.7 15.4 18.9 
89559.1 89744.5 187.8 17.5 15.6 18.8 
87209.4 87856.7 197.2 17.1 16.3 19.0 
91135.2 87495.1 179.8 17.4 16.4 18.5 
85648.4 89533.8 194.7 17.8 15.9 18.8 
88083.6 89356.0 187.8 17.9 15.7 18.8 
87224.5 87284.4 186.8 17.7 16.6 18.5 
91120.2 88067.4 190.2 16.8 16.0 19.0 

92693.7 88023.6 182.3 17.2 15.8 18.9 
91218.2 87635.1 182.4 17.6 15.9 18.9 
89659.6 87106.6 179.9 17.8 16.5 18.5 
91994.3 89566.7 180.9 17.7 15.4 18.9 
95128.9 87845.8 175.4 17.3 15.6 19.0 
88783.0 87812.9 189.3 17.5 16.1 18.9 
88083.6 89356.0 187.8 17.9 15.7 18.8 

138858.7 153365.3 263.4 31.3 24.8 31.1 
133994.8 152692.2 258.4 30.7 25.0 30.6 
138545.8 152441.1 262.3 30.8 24.5 31.2 
136110.6 152618.9 269.2 30.6 24.7 31.1 
137035.5 155793.7 256.6 30.3 25.1 30.6 

89659.6 87106.6 179.9 17.8 16.5 18.5 
91994.3 89566.7 180.9 17.7 15.4 18.9 
89559.1 89744.5 187.8 17.5 15.6 18.8 
87224.5 87284.4 186.8 17.7 16.6 18.5 
88083.6 89356.0 187.8 17.9 15.7 18.8 

118474.5 120407.8 237.2 24.0 22.7 25.1 
115199.2 118326.0 239.7 24.2 22.7 25.7 
118383.5 119154.6 240.8 23.7 22.0 25.5 
121465.7 123483.9 233.4 24.4 22.8 25.6 

88093.4 85940.6 191.3 17.6 16.6 18.7 
89659.6 87106.6 179.9 17.8 16.5 18.5 
85300.1 90333.7 190.9 17.2 16.0 18.7 
91994.3 89566.7 180.9 17.7 15.4 18.9 
89559.1 89744.5 187.8 17.5 15.6 18.8 
89210.9 90544.4 184.0 16.9 15.7 18.7 
92004.2 86151.3 184.4 17.3 16.3 18.7 
85648.4 89533.8 194.7 17.8 15.9 18.8 
87224.5 87284.4 186.8 17.7 16.6 18.5 

113623.7 114999.0 217.5 24.9 19.4 24.1 
111351.2 112680.3 211.8 24.9 20.7 24.6 
112239.5 113454.9 221.9 26.1 20.7 24.8 
117154.2 113167.7 214.3 24.6 20.7 24.5 
114535.5 113508.8 213.0 24.4 20.0 24.4 

144603.5 146887.0 269.6 27.9 27.7 30.2 

