37219.8 32630.1 73.8 6.9 7.6 8.7 
28761.5 34763.5 74.1 8.1 7.5 8.5 
38787.2 36891.5 83.0 7.2 7.4 8.5 
31838.8 33251.0 75.1 7.6 7.6 8.5 

75407.2 68266.4 144.2 15.4 15.1 18.0 
78484.5 66754.0 145.2 14.9 15.2 18.0 

31836.4 24616.5 59.1 5.8 6.4 6.1 
27758.1 23721.0 58.4 5.3 6.2 6.4 
31985.8 23454.5 70.1 6.2 5.6 6.1 
24680.7 25233.5 57.3 5.8 6.1 6.4 
31459.6 23935.9 57.4 5.3 6.1 6.4 
31379.7 25497.3 66.9 6.1 6.0 5.9 
32442.5 22573.6 62.3 5.9 6.1 6.3 
30058.1 26007.2 64.9 5.6 5.7 6.1 
30309.9 22895.6 61.5 6.4 5.9 6.4 
31041.1 24645.0 69.8 6.2 5.8 6.0 
33387.2 21383.1 62.5 5.9 6.0 6.4 

29079.6 23211.1 60.3 5.8 6.4 6.2 
26733.5 26472.9 67.6 6.1 6.2 5.8 
25057.6 25914.1 59.0 6.3 6.5 6.1 
24680.7 25233.5 57.3 5.8 6.1 6.4 
31459.6 23935.9 57.4 5.3 6.1 6.4 
28134.9 24401.6 60.1 5.8 6.6 6.1 
33387.2 21383.1 62.5 5.9 6.0 6.4 

55987.6 46833.0 106.7 13.3 12.0 16.2 
59013.9 52735.9 105.5 12.6 12.5 16.4 
57712.6 49566.3 102.4 12.9 11.9 16.3 

29365.2 24086.1 61.2 6.4 6.0 6.3 
34054.5 23449.8 68.5 6.9 6.9 7.4 
27437.5 26638.8 56.1 5.8 6.1 6.2 
28759.1 26128.9 58.0 6.3 6.3 6.0 
27666.5 29085.4 59.5 6.1 6.1 6.6 
33628.5 23612.7 66.7 6.8 7.3 7.5 

71537.3 64879.9 140.3 15.2 16.3 16.3 
69323.2 65565.0 146.5 15.3 14.7 16.2 
66245.8 67077.4 145.5 15.8 14.6 16.1 

28969.8 23246.3 66.5 6.3 6.4 6.8 
25892.5 24758.7 65.4 6.7 6.3 6.8 
26813.4 24911.5 58.1 5.3 6.3 6.2 

30435.0 26687.8 66.6 6.1 6.1 5.7 
32781.1 23426.0 59.3 5.8 6.3 6.2 
31836.4 24616.5 59.1 5.8 6.4 6.1 
30137.7 29615.8 57.4 5.6 6.5 6.4 
31985.8 23454.5 70.1 6.2 5.6 6.1 
31379.7 25497.3 66.9 6.1 6.0 5.9 
31379.7 25497.3 66.9 6.1 5.9 5.9 
30743.8 27573.0 60.6 5.7 6.2 6.6 
33387.2 21383.1 62.5 5.9 6.0 6.4 

61731.7 60097.0 123.6 14.5 13.4 14.8 
57493.7 60872.0 120.6 15.4 14.1 15.7 
62337.8 58054.1 126.8 14.6 13.1 15.0 

28284.3 23239.6 71.1 6.1 5.8 6.1 
29685.7 21168.3 63.5 5.9 6.1 6.5 
29685.7 21168.3 63.5 5.9 6.1 6.4 

114207.0 106645.3 221.9 24.1 24.1 27.5 

26207.3 26954.4 54.9 5.3 6.7 6.0 
27666.5 29085.4 59.5 6.2 6.1 6.6 
29982.1 25793.9 51.8 6.1 5.7 6.1 
30692.6 23513.4 58.2 6.2 5.7 6.6 
32620.3 20960.6 63.3 6.8 5.6 6.7 
31459.6 23935.9 57.4 5.3 6.1 6.4 
28382.2 25448.3 56.3 5.8 6.0 6.3 
30743.8 27573.0 60.6 5.7 6.2 6.6 
33491.6 21145.4 65.6 5.9 6.4 6.7 
27152.0 25763.9 55.2 5.2 6.5 6.1 
33665.5 22238.6 56.1 5.7 5.4 6.4 

32781.1 23426.0 59.3 5.8 6.3 6.2 
31459.6 23935.9 57.4 5.3 6.1 6.4 
31836.4 24616.4 59.1 5.8 6.4 6.1 
28736.3 31687.1 64.9 5.9 6.2 6.1 
30137.7 29615.8 57.4 5.6 6.5 6.4 
27666.5 29085.4 59.5 6.2 6.1 6.6 
27060.4 31128.2 56.3 6.1 6.4 6.4 
30853.5 25978.7 54.2 5.3 6.4 6.1 
32442.5 22573.6 62.3 5.9 6.1 6.3 
30743.8 27573.0 60.6 5.7 6.2 6.6 
31379.7 25497.3 66.9 6.1 5.9 5.9 
29452.1 28050.0 61.7 5.5 6.1 5.8 
33387.2 21383.1 62.5 5.9 6.0 6.4 

30892.7 30021.8 73.3 6.8 6.2 6.7 
30137.7 29615.8 57.4 5.6 6.5 6.4 
30663.8 27575.2 69.9 6.5 6.3 6.3 
30137.6 28056.6 57.1 5.7 6.7 6.5 
32671.3 23461.1 65.5 6.3 6.3 6.8 
31564.0 23698.2 60.5 5.3 6.4 6.6 
31082.3 26866.2 57.4 5.7 6.6 6.6 
33491.6 21145.5 65.6 5.9 6.4 6.7 
28987.9 27016.4 61.3 6.7 6.5 6.6 

122777.4 118519.5 239.1 26.0 25.7 29.7 

29365.2 24086.1 61.2 6.4 6.0 6.3 
31836.4 24616.5 59.1 5.8 6.4 6.1 
27060.4 31128.2 56.3 6.1 6.4 6.4 
31459.6 23935.9 57.4 5.3 6.1 6.4 
28382.2 25448.3 56.3 5.8 6.0 6.3 
28759.1 26128.9 58.0 6.3 6.3 6.0 
32442.5 22573.6 62.3 5.9 6.1 6.3 
24074.7 27276.3 54.1 5.7 6.4 6.1 
30743.8 27573.0 60.6 5.7 6.2 6.6 
27152.0 25763.9 55.2 5.2 6.5 6.1 

23736.0 26424.0 57.1 5.8 6.2 6.2 
31270.0 27091.6 73.3 6.5 5.7 6.4 
30137.7 29615.8 57.4 5.6 6.5 6.4 
27666.5 29085.4 59.5 6.2 6.1 6.6 
27060.4 31128.2 56.3 6.1 6.4 6.4 
26813.4 24911.5 58.1 5.3 6.3 6.2 
26831.5 28681.6 52.9 5.8 6.4 6.0 
29184.0 22973.4 63.4 5.8 6.8 6.5 
29342.4 29644.3 68.1 5.9 5.8 6.3 

117992.4 108385.0 227.6 24.1 24.3 27.4 

77632.4 68367.5 147.7 16.2 18.6 18.9 
79439.5 74826.3 151.6 17.0 18.3 21.5 
75071.2 68973.8 143.5 15.9 18.6 19.2 
82000.7 74220.1 155.7 17.3 18.3 21.3 
77524.9 68411.9 147.4 15.8 19.2 19.1 
82875.0 76136.1 164.8 17.1 17.9 20.9 

30137.7 29615.8 57.4 5.6 6.5 6.4 
30743.8 27572.9 60.6 5.7 6.2 6.6 
31459.6 23935.9 57.4 5.3 6.1 6.4 
33387.2 21383.1 62.5 5.9 6.0 6.4 
27913.1 29958.4 54.2 6.6 7.3 6.9 

30743.8 27572.9 60.6 5.7 6.2 6.6 
31836.4 24616.4 59.1 5.8 6.4 6.1 
32720.8 23429.1 55.8 5.8 5.6 6.2 
34877.4 23323.0 64.4 6.6 5.4 6.7 
30137.7 29615.8 57.4 5.6 6.5 6.4 
32343.7 27918.5 56.1 6.0 5.9 6.4 
30137.7 29615.8 57.3 5.6 6.5 6.4 
28339.0 29795.5 56.0 6.7 6.9 6.8 
35593.2 19685.9 61.2 6.3 5.3 6.4 
34296.2 21519.5 71.9 6.6 5.4 6.4 
35697.6 19448.2 64.3 6.3 5.7 6.7 
32442.5 22573.6 62.3 5.9 6.1 6.3 
32949.8 25875.7 59.3 6.1 5.5 6.7 
33387.2 21383.1 62.5 5.9 6.0 6.4 

29079.6 23211.1 60.3 5.8 6.4 6.2 
29685.7 21168.3 63.5 5.9 6.1 6.5 
29685.7 21168.3 63.5 5.9 6.1 6.4 
24680.7 25233.5 57.3 5.8 6.1 6.4 
26608.4 22680.8 62.5 6.3 6.0 6.4 

96104.3 92111.2 184.3 20.5 19.6 22.2 

29079.6 23211.1 60.3 5.8 6.4 6.2 
24074.7 27276.3 54.1 5.7 6.4 6.1 
29703.8 24938.4 58.3 6.3 6.2 6.2 
26002.3 24723.6 59.3 6.3 6.3 6.2 
27678.2 25282.5 67.9 6.1 6.1 5.9 
27152.0 25763.9 55.2 5.2 6.5 6.1 

31270.0 27091.6 73.3 6.5 5.7 6.4 
26207.3 26954.4 54.9 5.3 6.7 6.0 
24179.1 27038.6 57.2 5.7 6.8 6.4 
30514.9 25126.4 57.1 5.4 6.2 6.2 
23130.0 28466.8 53.9 5.7 6.6 6.0 
32442.5 22573.6 62.3 5.9 6.1 6.3 
23358.9 30913.4 57.3 6.0 6.5 6.4 
29113.4 27197.7 64.7 5.6 5.9 5.9 
31041.1 24645.0 69.8 6.2 5.8 6.0 
32671.4 25020.2 65.7 6.2 6.1 6.7 

56437.1 52344.2 116.5 14.1 14.0 14.3 
57615.9 52150.6 124.2 13.5 13.4 14.5 
59406.2 52534.3 123.3 13.7 14.8 14.0 
59514.4 50831.7 117.5 13.6 14.1 14.3 

54969.7 46311.8 97.0 8.7 11.1 11.7 
51652.2 42244.2 95.8 8.7 11.4 11.6 
51965.6 44193.5 89.6 8.8 10.9 11.3 
53693.3 38490.3 87.0 9.4 10.6 11.1 

31832.9 29395.9 76.1 7.5 6.3 7.1 
33524.1 23850.4 63.6 6.8 7.0 7.2 
29928.0 26390.5 64.1 7.4 6.6 6.9 
32548.6 25758.8 72.9 7.2 6.2 6.8 
31306.7 29877.3 63.4 6.7 6.7 7.3 
32022.4 26240.2 60.2 6.3 6.6 7.0 
30157.0 28837.0 67.5 7.7 6.5 7.4 
29322.0 28433.3 60.9 7.3 6.9 6.7 
30446.8 25362.9 62.6 7.3 6.9 7.2 
30872.7 25200.0 64.3 7.4 6.4 7.1 

32202.3 29530.3 63.6 7.0 7.4 7.2 
31226.8 31438.7 72.9 7.4 6.6 6.8 
30157.0 28837.0 67.5 7.7 6.5 7.4 
29124.9 31042.8 62.5 7.5 7.3 7.2 
32808.4 27487.5 66.8 7.1 7.1 7.5 

31571.2 22388.8 59.9 6.8 5.4 6.3 
34877.4 23323.0 64.4 6.6 5.4 6.7 
32065.3 27063.0 62.5 6.2 6.4 6.5 
34042.4 22919.2 57.8 6.2 5.8 6.1 
33491.6 21145.4 65.6 5.9 6.4 6.7 
34648.5 20876.4 61.0 6.3 5.5 6.3 
32885.5 23188.3 62.4 5.8 6.7 6.5 
29184.0 22973.4 63.4 5.8 6.8 6.5 

27339.6 24430.1 70.8 6.1 5.9 6.0 
28741.0 22358.8 63.3 5.9 6.2 6.3 
26207.3 26954.4 54.9 5.3 6.7 6.0 
28741.0 22358.8 63.2 5.9 6.2 6.3 
25411.9 26982.9 65.7 5.6 6.0 5.9 
25057.6 25914.1 59.0 6.3 6.5 6.1 
23965.0 28870.6 60.5 6.1 6.2 6.6 
25663.7 23871.3 62.2 6.4 6.1 6.3 
28134.9 24401.6 60.1 5.8 6.6 6.1 
26813.4 24911.5 58.1 5.3 6.3 6.2 
27568.5 26876.7 74.3 6.4 5.9 6.4 

26436.2 29400.9 58.3 5.6 6.6 6.4 
31270.0 27091.6 73.3 6.5 5.7 6.4 
24074.6 27276.3 54.1 5.7 6.4 6.1 
27042.3 27358.1 61.5 5.6 6.3 6.7 
23358.9 30913.4 57.3 6.0 6.5 6.4 
25750.6 27835.2 62.7 5.5 6.2 5.8 

31270.0 27091.6 73.3 6.5 5.7 6.4 
28988.0 28575.5 61.5 6.6 6.3 6.4 
28486.7 25210.6 59.4 5.8 6.4 6.6 
30137.7 29615.8 57.4 5.6 6.5 6.4 
30663.9 29134.4 70.1 6.4 6.1 6.2 
27862.5 23483.4 61.5 5.3 6.6 6.7 
27060.4 31128.2 56.3 6.1 6.4 6.4 
27256.4 25526.2 58.3 5.2 6.9 6.4 
30414.3 22657.9 64.6 6.4 6.3 6.7 
31564.0 23698.2 60.5 5.3 6.5 6.6 

38758.1 37955.1 83.1 7.3 7.4 8.1 
36458.0 35669.0 76.5 7.0 7.8 8.5 
35056.6 37740.3 84.1 7.2 7.5 8.2 
36984.2 35187.6 89.3 7.8 7.4 8.2 
33380.7 37181.4 75.5 7.4 7.7 8.5 

114828.8 114662.0 230.4 25.1 24.7 28.5 
118340.4 112908.8 226.7 25.5 25.1 28.5 

31610.3 34527.2 69.2 6.8 7.7 7.4 
29139.0 33996.9 71.4 7.3 7.3 7.6 
32216.4 32484.4 72.4 6.8 7.4 7.6 
28532.9 36039.7 68.2 7.3 7.6 7.4 

26436.2 29400.9 58.3 5.6 6.6 6.4 
27758.1 23721.0 58.3 5.3 6.2 6.4 
28741.0 22358.8 63.2 5.9 6.2 6.3 
23965.0 28870.6 60.5 6.1 6.2 6.6 
27042.3 27358.1 61.5 5.6 6.3 6.7 

90894.3 80314.3 169.3 17.6 19.1 20.6 

27803.4 31552.7 60.6 7.0 7.1 7.4 
32781.1 23426.0 59.3 5.8 6.3 6.2 
29703.8 24938.4 58.3 6.3 6.2 6.2 
30309.9 22895.6 61.5 6.4 5.9 6.4 
29589.0 30517.3 62.8 6.4 7.0 6.6 
27197.3 33595.5 57.4 7.0 7.4 7.1 
26968.4 31148.9 54.0 6.6 7.4 6.7 
33387.2 21383.1 62.5 5.9 6.0 6.4 
27913.1 29958.4 54.2 6.6 7.3 6.9 

29365.2 24086.1 61.2 6.4 6.0 6.3 
31836.4 24616.4 59.1 5.8 6.4 6.1 
27437.5 26638.8 56.1 5.8 6.1 6.2 
26831.5 28681.6 52.9 5.8 6.4 6.0 
29594.1 26532.7 64.7 6.7 6.0 6.7 
29342.4 29644.3 68.1 5.9 5.8 6.3 
27060.4 31128.2 56.3 6.1 6.4 6.4 
30514.9 25126.4 57.1 5.4 6.2 6.2 
29908.8 27169.2 53.9 5.3 6.5 6.0 
32442.5 22573.6 62.3 5.9 6.1 6.3 
30743.8 27573.0 60.6 5.7 6.2 6.6 
29113.4 27197.7 64.7 5.6 5.9 5.9 
32671.4 25020.2 65.7 6.2 6.1 6.7 

31836.4 24616.5 59.1 5.8 6.4 6.1 
28988.0 28575.5 61.5 6.6 6.3 6.5 
30514.9 25126.4 57.1 5.4 6.2 6.2 
26002.3 24723.6 59.3 6.3 6.3 6.2 
26207.3 26954.4 54.9 5.2 6.7 6.0 
29594.1 26532.7 64.7 6.7 6.0 6.7 
32671.4 25020.2 65.7 6.2 6.1 6.7 
33387.2 21383.1 62.5 5.9 6.0 6.4 

75216.7 80379.3 127.9 16.8 18.9 21.6 
73818.8 78579.7 128.5 16.7 18.4 20.2 
77377.2 74615.5 131.4 16.6 18.2 20.1 
72168.6 81614.8 129.4 16.8 18.5 21.2 
75301.0 77813.5 130.5 16.6 18.8 21.2 
76951.2 74778.4 129.6 16.5 18.6 20.2 
72770.8 70698.5 135.9 16.6 15.7 18.7 
77115.5 75554.3 128.3 16.4 18.2 20.5 
76867.0 77344.2 127.0 16.7 18.8 20.5 
77541.5 75391.4 130.0 16.5 17.7 20.4 
72958.8 74731.8 128.5 16.6 18.0 20.2 

26436.2 29400.9 58.3 5.6 6.6 6.4 
28969.9 24805.4 66.7 6.2 6.2 6.7 
29840.7 27405.7 59.4 7.2 7.2 6.9 
29079.6 23211.1 60.3 5.8 6.4 6.2 
27042.3 27358.1 61.5 5.6 6.3 6.7 
27678.2 25282.5 67.9 6.1 6.1 5.9 
28363.8 26848.2 63.5 6.1 6.5 6.5 
25034.8 31472.3 65.9 5.8 6.3 6.1 

32781.1 23426.0 59.3 5.8 6.3 6.2 
31270.0 27091.6 73.3 6.5 5.7 6.4 
29079.6 23211.1 60.3 5.8 6.4 6.2 
31459.6 23935.9 57.4 5.3 6.1 6.4 
27776.1 27491.1 53.1 5.8 6.3 6.1 
30414.3 22657.9 64.6 6.4 6.3 6.7 
28382.2 25448.3 56.3 5.8 6.0 6.3 
31836.4 24616.4 59.1 5.8 6.4 6.1 
30309.9 22895.6 61.5 6.4 5.9 6.4 
32885.5 23188.3 62.4 5.8 6.7 6.5 
27060.4 31128.2 56.3 6.1 6.4 6.4 
31564.0 23698.2 60.5 5.3 6.5 6.6 
28486.6 25210.6 59.5 5.8 6.4 6.6 
33387.2 21383.1 62.5 5.9 6.0 6.4 

32781.1 23426.0 59.3 5.8 6.3 6.2 
30435.0 26687.8 66.6 6.1 6.1 5.7 
29365.2 24086.1 61.2 6.4 6.0 6.3 
28988.0 28575.5 61.5 6.6 6.3 6.4 
28134.9 24401.6 60.0 5.8 6.6 6.1 
32065.3 27063.0 62.5 6.2 6.4 6.5 
32442.5 22573.6 62.3 5.9 6.1 6.3 
30309.9 22895.6 61.5 6.4 5.9 6.4 
28134.9 24401.6 60.1 5.8 6.6 6.1 
29594.1 26532.7 64.7 6.7 6.0 6.7 
32671.4 25020.2 65.7 6.2 6.1 6.7 
33387.2 21383.1 62.5 5.9 6.0 6.4 

31742.7 34425.8 66.4 6.7 7.4 8.1 
29428.7 28688.6 67.3 7.2 6.8 7.4 
35444.2 34640.7 65.4 6.8 7.3 8.1 
32506.0 27176.1 68.4 6.7 6.9 7.4 

112748.3 105002.8 205.9 24.1 23.4 26.8 

31406.8 27999.7 74.1 7.4 6.9 7.2 
31029.7 32489.1 74.4 7.7 7.2 7.4 
32202.2 27971.2 63.3 7.1 7.6 7.3 
36800.7 25974.9 67.6 7.1 7.9 7.5 
30800.7 30042.5 70.9 7.4 7.3 7.0 
31635.7 30446.3 77.6 7.8 6.9 7.7 
31406.8 27999.7 74.1 7.5 6.9 7.2 
31406.8 27999.7 74.1 7.5 6.9 7.3 
32808.2 25928.4 66.5 7.2 7.3 7.6 

44390.3 49964.2 116.5 10.8 12.1 12.4 
42665.3 47230.8 120.8 11.2 12.1 12.4 
47736.1 49833.2 115.2 11.5 13.2 12.2 

29079.6 23211.1 60.3 5.8 6.4 6.2 
27758.1 23721.0 58.4 5.3 6.2 6.4 
28741.0 22358.8 63.2 5.9 6.2 6.3 
26733.5 26472.9 67.6 6.1 6.2 5.8 
29685.7 21168.3 63.5 5.9 6.1 6.5 
29685.7 21168.3 63.5 5.9 6.1 6.4 
27042.3 27358.1 61.5 5.6 6.3 6.7 
25663.7 23871.3 62.2 6.4 6.1 6.3 
28134.9 24401.6 60.1 5.8 6.6 6.1 
27152.0 25763.9 55.2 5.2 6.5 6.1 

31459.6 23935.9 57.4 5.3 6.1 6.4 
30414.3 22657.9 64.6 6.4 6.3 6.7 
30743.8 27573.0 60.6 5.7 6.2 6.6 
30309.9 22895.6 61.5 6.4 5.9 6.4 
26207.3 26954.4 54.9 5.2 6.7 6.0 
33387.2 21383.1 62.5 5.9 6.0 6.4 
27152.0 25763.9 55.2 5.2 6.5 6.1 

43839.4 40406.7 94.7 11.3 9.5 13.5 
46758.0 40194.3 91.3 10.7 9.9 13.5 
41910.4 38532.7 114.1 10.8 12.0 12.8 
47430.6 42942.6 89.9 10.4 9.4 13.5 

39309.8 42682.2 95.4 9.0 10.2 10.8 
41762.0 44643.8 93.1 9.6 11.0 11.8 
39653.4 38517.4 91.8 9.5 11.1 11.0 
39653.4 38517.4 91.7 9.5 11.1 11.0 

32781.1 23426.0 59.3 5.8 6.3 6.2 
30538.7 23783.1 64.7 6.8 6.1 6.9 
30972.6 28460.4 63.8 6.1 6.4 7.2 
34987.1 21728.7 58.0 6.2 5.7 6.2 
35593.2 19685.9 61.2 6.3 5.3 6.4 
33059.5 24281.4 52.9 5.7 5.8 6.1 
32671.4 25020.2 65.7 6.2 6.1 6.7 

55092.5 51918.8 110.5 11.1 11.5 12.5 

32579.4 25040.9 63.3 6.8 7.1 7.0 
33950.1 23687.5 65.4 6.9 6.5 7.1 
33524.1 23850.4 63.6 6.8 7.0 7.2 
28896.0 28596.2 59.1 7.2 7.3 6.8 
31306.7 29877.3 63.4 6.7 6.7 7.3 
28229.3 31389.8 62.4 7.1 6.6 7.3 
28945.1 27752.7 59.2 6.8 6.5 7.0 
33005.4 24878.0 65.1 6.9 6.7 6.9 
32399.3 26920.8 61.9 6.8 7.0 6.7 

27486.1 29076.7 59.6 6.5 6.7 7.0 
27108.9 33566.1 59.9 6.7 7.0 7.2 
28807.7 28566.7 61.6 6.9 6.9 6.9 
26880.0 31119.5 56.4 6.4 7.0 6.8 
29413.7 26523.9 64.8 7.0 6.6 7.1 

81933.3 76954.2 145.9 16.9 18.2 19.8 
76249.5 75274.6 142.7 16.9 17.1 18.9 
73330.9 75487.0 146.0 17.5 16.7 18.9 
73559.8 77933.6 149.5 17.8 16.7 19.3 

98502.6 97512.5 178.8 20.1 20.7 23.3 

26436.2 29400.9 58.3 5.6 6.6 6.4 
27339.6 24430.1 70.8 6.1 5.9 6.0 
26207.3 26954.4 54.9 5.3 6.6 6.0 
26106.7 24485.9 62.4 6.3 6.7 6.5 
28741.0 22358.8 63.3 5.9 6.2 6.3 
28134.9 24401.6 60.0 5.8 6.6 6.1 
26207.3 26954.4 54.9 5.3 6.7 6.0 
28741.0 22358.8 63.2 5.9 6.2 6.3 
26733.5 26472.9 67.6 6.1 6.2 5.8 
27042.3 27358.1 61.5 5.6 6.3 6.7 
28134.9 24401.6 60.1 5.8 6.6 6.1 
26813.4 24911.5 58.1 5.3 6.3 6.2 

25892.6 26317.8 65.7 6.7 6.1 6.7 
28969.9 24805.4 66.7 6.2 6.2 6.7 
26712.8 22443.1 65.6 6.3 6.4 6.7 
28284.3 23239.6 71.1 6.1 5.8 6.1 
28741.0 22358.8 63.3 5.9 6.2 6.3 
29790.1 20930.6 66.6 5.9 6.5 6.7 
28363.8 26848.2 63.5 6.1 6.5 6.5 

27758.1 23721.0 58.4 5.3 6.2 6.4 
24074.6 27276.3 54.1 5.7 6.4 6.1 
27152.0 25763.9 55.1 5.2 6.5 6.1 
27152.0 25763.9 55.2 5.2 6.5 6.1 
25750.6 27835.2 62.7 5.5 6.2 5.8 

28741.0 22358.8 63.3 5.9 6.2 6.3 
28741.0 22358.8 63.2 5.9 6.2 6.3 
30514.9 25126.4 57.1 5.4 6.2 6.2 
32442.5 22573.6 62.3 5.9 6.1 6.3 
30743.8 27573.0 60.6 5.7 6.2 6.6 

30266.6 27242.8 61.1 7.3 6.8 6.8 
33524.1 23850.4 63.6 6.8 7.0 7.2 
33344.0 25730.3 62.2 6.8 6.8 6.9 
31937.0 27302.7 64.4 8.0 6.3 7.5 
34785.4 23343.7 62.0 7.2 6.5 7.1 
28339.0 29795.5 56.0 6.7 6.9 6.8 
34834.2 27670.2 64.1 7.5 6.3 7.2 
28229.3 31389.8 62.4 7.1 6.6 7.3 
28945.1 27752.7 59.2 6.8 6.5 7.0 
33005.4 24878.0 65.1 6.9 6.7 6.9 
30009.4 29855.4 59.3 7.4 6.4 7.4 

26436.2 29400.9 58.3 5.6 6.6 6.4 
25855.0 27597.5 65.8 5.5 6.6 6.1 
27666.5 29085.4 59.5 6.2 6.1 6.6 
30514.9 25126.4 57.1 5.4 6.2 6.2 
27042.3 27358.1 61.5 5.6 6.3 6.7 
29594.1 26532.7 64.7 6.7 6.0 6.7 
29342.4 29644.3 68.1 5.9 5.8 6.3 

35895.0 31068.6 83.7 8.9 12.0 10.9 
34354.4 36192.0 79.7 8.6 10.5 9.7 
35099.8 37308.0 86.9 8.5 10.0 9.4 
34021.5 34752.2 93.6 8.0 9.5 9.6 
32503.4 28684.7 89.2 8.2 10.4 9.7 

32381.6 26051.0 68.3 6.3 7.1 7.1 
32987.7 24008.1 71.5 6.4 6.8 7.4 
32167.5 27882.9 71.5 6.7 6.5 7.4 
32381.6 26050.9 68.3 6.3 7.1 7.1 
29304.3 27563.4 67.2 6.8 7.0 7.1 
29910.4 25520.6 70.4 6.8 6.7 7.4 

27758.1 23721.0 58.4 5.3 6.2 6.4 
29685.7 21168.3 63.5 5.9 6.1 6.4 
24680.7 25233.5 57.3 5.8 6.1 6.4 
26608.4 22680.8 62.5 6.3 6.0 6.4 
24074.7 27276.3 54.1 5.7 6.4 6.1 
26002.3 24723.6 59.3 6.3 6.3 6.2 
29685.7 21168.3 63.5 5.8 6.1 6.5 
27152.0 25763.9 55.2 5.2 6.5 6.1 

27758.1 23721.0 58.4 5.3 6.2 6.4 
31459.6 23935.9 57.4 5.3 6.1 6.4 
33387.2 21383.1 62.5 5.9 6.0 6.4 
27152.0 25763.9 55.2 5.2 6.5 6.1 

59504.8 46649.0 106.4 9.5 10.0 13.7 
53150.1 44476.9 105.6 9.5 9.7 12.3 

51338.3 39918.3 100.7 10.8 10.1 10.6 
46058.2 38006.0 99.8 11.6 9.5 10.3 
45342.4 41643.1 103.0 12.0 9.6 10.6 
48261.0 41430.7 99.6 11.3 10.0 10.6 
45113.5 39196.5 99.6 11.7 9.7 10.2 
49330.8 44032.4 105.0 11.0 10.0 10.0 

42228.0 37355.5 68.9 7.4 8.9 9.3 
42457.0 39802.1 72.3 7.7 8.9 9.7 
39379.6 41314.6 71.3 8.2 8.8 9.7 

48423.4 38542.0 97.1 10.1 9.9 10.6 
49368.1 37351.5 97.4 10.1 9.8 10.8 
48138.0 41122.0 101.3 10.1 9.9 11.2 
42527.0 47230.0 91.9 9.9 10.2 10.9 
49472.5 37113.8 100.5 10.1 10.1 11.0 
48247.7 39527.8 94.9 9.7 10.1 10.7 
45604.3 45717.6 92.9 9.4 10.3 10.9 
48652.3 40988.6 100.6 10.4 9.9 11.0 

23736.0 26424.0 57.1 5.8 6.2 6.2 
25411.9 26982.9 65.7 5.6 6.0 5.9 
23965.0 28870.6 60.5 6.1 6.2 6.6 
27042.3 27358.1 61.5 5.6 6.3 6.7 
26813.4 24911.5 58.1 5.3 6.3 6.2 

105389.6 94708.9 199.6 23.2 23.8 25.1 

35453.1 31045.1 91.0 8.3 6.8 7.9 
34101.6 31972.0 80.6 8.3 7.7 8.0 
34718.1 29875.4 79.4 8.2 7.5 8.3 
34707.6 29929.2 83.8 8.4 7.4 8.2 
34112.0 31918.2 76.2 8.2 7.9 8.1 
33848.0 32877.7 82.4 8.8 7.9 8.2 

107329.1 99603.5 202.0 22.2 22.7 25.5 

29365.2 24086.1 61.2 6.4 6.0 6.3 
30137.7 29615.8 57.4 5.6 6.5 6.4 
26207.3 26954.4 54.9 5.3 6.7 6.0 
27060.4 31128.2 56.3 6.1 6.4 6.4 
30514.9 25126.4 57.1 5.4 6.2 6.2 
31379.7 25497.3 66.9 6.1 6.0 5.9 
31836.4 24616.4 59.1 5.8 6.4 6.1 
32442.5 22573.6 62.3 5.9 6.1 6.3 
30058.1 26007.2 64.9 5.6 5.7 6.1 
29342.4 29644.3 68.1 5.9 5.8 6.3 

24805.9 29025.7 62.5 5.5 6.3 5.7 
33950.1 23687.5 65.4 6.9 6.5 7.1 
33524.1 23850.4 63.6 6.8 7.0 7.2 
31596.5 26403.2 58.4 6.2 7.1 7.1 
32918.0 25893.3 60.4 6.7 7.3 6.9 
32022.4 26240.2 60.2 6.3 6.6 7.0 
23130.0 28466.8 53.9 5.7 6.6 6.0 
30446.8 25362.9 62.6 7.3 6.9 7.2 
33005.4 24878.0 65.1 6.9 6.7 6.9 

35804.8 31263.6 70.4 6.6 7.3 8.3 
32858.4 29359.6 63.5 6.3 8.0 7.8 

28134.9 24401.6 60.0 5.8 6.6 6.1 
28741.0 22358.8 63.3 5.9 6.2 6.3 
28741.0 22358.8 63.2 5.9 6.2 6.3 
25057.6 25914.1 59.0 6.3 6.5 6.1 
27776.2 27491.1 53.1 5.8 6.3 6.1 
28382.2 25448.3 56.3 5.8 6.0 6.3 

35266.2 31750.2 64.6 6.8 7.6 8.2 
32375.9 28760.0 68.1 7.9 7.3 7.7 
36587.8 31240.2 66.5 7.3 7.8 8.0 
34116.5 30709.9 68.7 7.8 7.4 8.3 
37193.9 29197.4 69.7 7.3 7.5 8.3 

30957.9 25741.0 57.3 5.3 6.8 6.4 
29365.2 24086.1 61.2 6.4 6.0 6.3 
27880.6 27253.5 56.2 5.8 6.7 6.4 
27666.5 29085.4 59.5 6.2 6.1 6.6 
31459.6 23935.9 57.4 5.3 6.1 6.4 
31564.0 23698.2 60.5 5.3 6.5 6.6 
30309.9 22895.6 61.5 6.4 5.9 6.4 
33387.2 21383.1 62.5 5.9 6.0 6.4 

62458.2 55505.3 119.9 11.1 12.6 12.9 
60870.6 55821.0 121.8 11.3 12.3 13.8 
67438.8 59945.2 123.9 11.5 12.3 14.6 

26436.2 29400.9 58.3 5.6 6.6 6.4 
30514.9 25126.4 57.1 5.4 6.2 6.2 
29908.8 27169.2 53.9 5.3 6.5 6.0 
32442.5 22573.6 62.3 5.9 6.1 6.3 
24074.7 27276.3 54.1 5.7 6.4 6.1 
27152.0 25763.9 55.2 5.2 6.5 6.1 
33387.2 21383.1 62.5 5.9 6.0 6.4 
32671.4 25020.2 65.7 6.2 6.1 6.7 

26968.4 31148.9 54.0 6.7 7.4 6.7 
33524.1 23850.4 63.6 6.8 7.0 7.2 
33005.4 24878.0 65.1 6.9 6.7 6.9 
26813.4 24911.5 58.1 5.3 6.3 6.2 
26968.4 31148.9 54.0 6.6 7.4 6.7 
32671.4 25020.2 65.7 6.2 6.1 6.7 

25892.6 26317.8 65.7 6.7 6.1 6.7 
28969.9 24805.4 66.7 6.2 6.2 6.7 
27568.5 26876.7 74.3 6.5 5.9 6.4 
25286.5 28360.7 62.5 6.6 6.4 6.5 
29790.1 20930.6 66.6 5.9 6.5 6.7 
28363.8 26848.2 63.5 6.1 6.5 6.5 
29184.0 22973.4 63.4 5.8 6.8 6.5 

60904.0 55746.1 113.6 13.1 11.4 14.3 
58664.4 56683.8 107.7 12.0 11.7 13.9 
60970.6 51746.5 98.5 10.9 11.8 13.2 

66630.2 62729.1 124.3 14.8 14.1 13.9 

40241.3 39402.0 97.4 10.3 8.9 9.9 

30137.7 29615.8 57.4 5.6 6.5 6.4 
30743.8 27572.9 60.6 5.7 6.2 6.6 
28759.1 26128.9 58.0 6.3 6.3 6.0 
32442.5 22573.6 62.3 5.9 6.1 6.3 
31041.1 24645.0 69.8 6.2 5.8 6.0 
29113.4 27197.7 64.7 5.6 5.9 5.9 
28736.3 31687.1 64.9 5.9 6.2 6.1 
32671.4 25020.2 65.7 6.2 6.1 6.7 

30137.7 29615.8 57.4 5.6 6.5 6.4 
30853.5 25978.7 54.2 5.3 6.4 6.1 
31459.6 23935.9 57.4 5.3 6.1 6.4 
31379.7 25497.3 66.9 6.1 6.0 5.9 
30743.8 27573.0 60.6 5.7 6.2 6.6 
30058.1 26007.2 64.9 5.6 5.7 6.1 
29452.1 28050.0 61.7 5.5 6.1 5.8 
33387.2 21383.1 62.5 5.9 6.0 6.4 

92227.0 86073.1 181.8 19.3 19.7 21.8 

26436.2 29400.9 58.3 5.6 6.6 6.4 
33950.1 23687.5 65.4 6.9 6.5 7.1 
26356.6 25792.4 65.9 5.6 5.9 6.1 
27862.5 23483.4 61.5 5.3 6.6 6.7 
24074.6 27276.3 54.1 5.7 6.4 6.1 
24680.7 25233.5 57.3 5.8 6.1 6.4 
27152.0 25763.9 55.2 5.2 6.5 6.1 
24785.2 24995.8 60.4 5.8 6.5 6.6 

27666.5 29085.4 59.5 6.2 6.1 6.6 
27060.4 31128.2 56.3 6.1 6.4 6.4 
27776.2 27491.1 53.1 5.8 6.3 6.1 
29908.8 27169.2 53.9 5.3 6.5 6.0 
31836.4 24616.4 59.1 5.8 6.4 6.1 
28382.2 25448.3 56.3 5.8 6.0 6.3 
32442.5 22573.6 62.3 5.9 6.1 6.3 
30743.8 27573.0 60.6 5.7 6.2 6.6 
26831.5 28681.6 52.9 5.8 6.4 6.0 

33300.8 24145.1 64.6 6.1 7.3 6.7 
27758.1 23721.0 58.4 5.3 6.2 6.4 
24680.7 25233.5 57.3 5.8 6.1 6.4 
32202.4 21619.5 71.9 6.4 6.6 7.2 
24074.7 27276.3 54.1 5.7 6.4 6.1 
31596.3 23662.3 68.7 6.3 6.9 7.0 
25750.6 27835.2 62.7 5.5 6.2 5.8 
27152.0 25763.9 55.2 5.2 6.5 6.1 

29079.6 23211.1 60.3 5.8 6.4 6.2 
31985.8 23454.5 70.1 6.2 5.6 6.1 
32442.5 22573.6 62.3 5.9 6.1 6.3 
32671.4 25020.2 65.7 6.2 6.1 6.7 
33387.2 21383.1 62.5 5.9 6.0 6.4 

27262.9 28850.3 68.2 7.4 7.4 6.9 
27491.8 31296.9 71.7 7.7 7.4 7.3 
30964.4 29065.1 67.2 7.4 7.2 6.9 
28938.7 29409.2 76.8 7.2 7.1 6.6 
28097.9 29254.1 74.9 7.8 7.0 7.6 
30569.1 29784.4 72.7 7.2 7.4 7.4 
29124.8 29483.7 62.3 7.6 7.5 7.3 

106665.1 97571.1 192.6 22.0 21.4 25.0 

32781.1 23426.0 59.3 5.8 6.3 6.2 
31459.6 23935.9 57.4 5.3 6.1 6.4 
31379.7 25497.3 66.9 6.1 6.0 5.9 
32442.5 22573.6 62.3 5.9 6.1 6.3 
29703.8 24938.4 58.3 6.3 6.2 6.2 
30309.9 22895.6 61.5 6.4 5.9 6.4 
33387.2 21383.1 62.5 5.9 6.0 6.4 
27152.0 25763.9 55.2 5.2 6.5 6.1 
29594.1 26532.7 64.7 6.7 6.0 6.7 

28988.0 28575.5 61.5 6.6 6.3 6.4 
30137.7 29615.8 57.4 5.6 6.5 6.4 
32065.3 27063.0 62.5 6.2 6.4 6.5 
37712.8 22079.4 69.9 6.2 7.2 7.2 
27060.4 31128.2 56.3 6.1 6.4 6.4 
34656.2 27621.8 70.9 6.4 6.9 6.2 
37608.4 22317.1 66.8 6.2 6.8 6.9 

50990.4 43411.6 91.7 9.2 9.9 11.7 
48114.8 41418.0 95.0 10.7 9.9 11.2 
54137.9 45645.8 91.8 8.9 10.2 12.2 
54137.9 45645.8 91.8 8.9 10.2 12.1 

32781.1 23426.0 59.3 5.8 6.3 6.2 
31270.0 27091.6 73.3 6.5 5.7 6.4 
30137.7 29615.8 57.4 5.6 6.5 6.4 
27060.4 31128.2 56.3 6.1 6.4 6.4 
30137.7 29615.8 57.3 5.6 6.5 6.4 
26608.4 22680.8 62.5 6.3 6.0 6.4 
27666.5 29085.4 59.5 6.1 6.1 6.6 
31564.0 23698.2 60.5 5.3 6.4 6.6 
31564.0 23698.2 60.5 5.3 6.5 6.6 
33387.2 21383.1 62.5 5.9 6.0 6.4 

28969.9 24805.4 66.7 6.2 6.2 6.7 
29685.7 21168.3 63.5 5.9 6.1 6.5 
29685.7 21168.3 63.5 5.9 6.1 6.4 
26608.4 22680.8 62.5 6.3 6.0 6.4 
26002.3 24723.6 59.3 6.3 6.3 6.2 

50666.1 52814.8 97.9 10.7 10.7 12.5 
54658.5 52861.4 99.0 10.6 11.4 12.4 
55264.6 50818.6 102.2 10.6 11.1 12.7 
50466.8 52674.6 98.9 10.3 12.0 12.6 
52672.7 50977.4 97.6 10.7 11.4 12.6 

32114.8 25471.9 52.6 5.7 5.9 6.0 
31800.1 24835.4 63.4 7.1 5.4 6.7 
34648.5 20876.4 61.0 6.3 5.5 6.3 
26813.4 24911.5 58.1 5.3 6.3 6.2 
29594.1 26532.7 64.7 6.7 6.0 6.7 
29266.4 29431.0 55.0 6.5 5.8 6.4 
34877.4 23323.0 64.4 6.6 5.4 6.7 
26207.3 26954.4 54.9 5.3 6.7 6.0 
27060.4 31128.2 56.3 6.1 6.4 6.4 
32343.7 27918.5 56.1 6.0 5.9 6.4 
30137.7 29615.8 57.3 5.6 6.5 6.4 
35593.2 19685.9 61.2 6.3 5.3 6.4 
34042.4 22919.2 57.8 6.2 5.8 6.1 
32949.8 25875.7 59.3 6.1 5.5 6.7 
31564.0 23698.2 60.5 5.3 6.5 6.6 
32671.4 25020.2 65.7 6.2 6.1 6.7 

29944.1 31734.9 76.1 7.1 7.4 7.4 
29198.7 30619.0 68.9 7.2 8.0 7.8 
32790.5 32428.1 74.3 7.7 7.6 8.3 
34857.5 33034.1 83.4 8.0 7.3 7.8 
34932.2 28043.4 76.1 7.8 8.1 8.1 

26356.6 25792.4 65.9 5.6 5.9 6.1 
27758.1 23721.0 58.4 5.3 6.2 6.4 
24074.7 27276.3 54.1 5.7 6.4 6.1 
26813.4 24911.5 58.1 5.3 6.3 6.2 
27152.0 25763.9 55.2 5.2 6.5 6.1 

56209.4 65492.9 124.5 10.6 15.1 17.1 
56143.9 64866.4 117.4 11.9 15.0 17.0 
61700.2 61831.1 126.7 10.3 15.5 16.8 
60298.8 63902.4 134.2 10.6 15.1 16.5 
56306.4 63855.9 133.2 10.7 14.5 16.5 
58900.6 62369.8 122.5 10.8 15.2 17.0 
54789.2 61997.0 129.0 11.1 14.5 16.8 
58781.7 62043.5 130.0 11.0 15.1 16.8 
60201.8 65539.4 125.5 10.5 15.8 17.1 
60563.3 59437.4 122.3 10.6 14.4 16.9 

31836.4 24616.5 59.1 5.8 6.4 6.1 
26207.3 26954.4 54.9 5.3 6.7 6.0 
31836.4 24616.4 59.1 5.8 6.4 6.0 
31459.6 23935.9 57.4 5.3 6.1 6.4 
30309.9 22895.6 61.5 6.4 5.9 6.4 
33387.2 21383.1 62.5 5.9 6.0 6.4 

33950.1 23687.5 65.4 6.9 6.5 7.1 
33524.1 23850.4 63.6 6.8 7.0 7.2 
31832.9 29395.9 76.1 7.5 6.3 7.1 
28519.2 27915.6 57.4 6.7 7.0 7.1 
33344.0 25730.3 62.2 6.8 6.8 6.9 
31596.5 26403.2 58.4 6.2 7.1 7.1 
32918.0 25893.3 60.4 6.7 7.3 6.9 
32548.6 25758.8 72.9 7.2 6.2 6.8 
30157.0 28837.0 67.5 7.7 6.5 7.4 
30872.7 25200.0 64.3 7.4 6.4 7.1 

61515.5 62317.9 112.7 11.7 12.5 15.0 

32781.1 23426.0 59.3 5.8 6.3 6.2 
30137.7 29615.8 57.4 5.6 6.5 6.4 
30743.8 27573.0 60.6 5.7 6.2 6.6 
33387.2 21383.1 62.5 5.9 6.0 6.4 
29594.1 26532.7 64.7 6.7 6.0 6.7 

23736.0 26424.0 57.1 5.8 6.2 6.2 
31270.0 27091.6 73.3 6.5 5.7 6.4 
26207.3 26954.4 54.9 5.3 6.7 6.0 
27758.1 23721.0 58.4 5.3 6.2 6.4 
30137.7 29615.8 57.3 5.6 6.5 6.4 
29908.8 27169.2 53.9 5.3 6.5 6.0 
32442.5 22573.6 62.3 5.9 6.1 6.3 
31041.1 24645.0 69.8 6.2 5.8 6.0 
26813.4 24911.5 58.1 5.3 6.3 6.2 
32671.4 25020.2 65.7 6.2 6.1 6.7 

32781.1 23426.0 59.3 5.8 6.3 6.2 
33078.7 23502.7 63.0 7.8 5.8 7.1 
23130.0 28466.8 53.9 5.7 6.6 6.0 
30206.4 27245.9 57.6 7.2 6.0 6.9 
33491.6 21145.4 65.6 5.9 6.4 6.7 
26813.4 24911.5 58.1 5.3 6.3 6.2 
29184.0 22973.4 63.4 5.8 6.8 6.5 
33802.5 24705.9 57.1 6.6 6.4 7.1 
26207.3 26954.4 54.9 5.3 6.7 6.0 
30435.3 29692.5 61.1 7.5 6.0 7.3 
32652.8 23665.6 61.3 7.6 6.2 7.2 
32857.8 25896.4 56.9 6.6 6.6 7.0 
33387.2 21383.1 62.5 5.9 6.0 6.4 

112434.7 109194.1 218.7 23.5 24.2 26.9 

50368.4 40396.0 103.1 9.0 11.1 11.3 
51041.0 43144.4 101.6 8.8 10.6 11.3 
50434.9 45187.2 98.4 8.7 11.0 11.0 
52306.6 37789.5 103.9 9.4 11.2 11.5 
49762.4 42438.9 99.9 8.9 11.4 11.0 

61892.1 61988.1 123.3 13.0 13.3 14.2 
59629.4 60298.3 118.5 12.6 13.1 14.6 

32781.1 23426.0 59.3 5.8 6.3 6.2 
26207.3 26954.4 54.9 5.3 6.6 6.0 
26207.3 26954.4 54.9 5.3 6.7 6.0 
29908.8 27169.2 53.9 5.3 6.5 6.0 
28382.2 25448.3 56.3 5.8 6.0 6.3 
27666.5 29085.4 59.5 6.1 6.1 6.6 
30743.8 27573.0 60.6 5.7 6.2 6.6 
30309.9 22895.6 61.5 6.4 5.9 6.4 
27152.0 25763.9 55.2 5.2 6.5 6.1 
25750.6 27835.2 62.7 5.5 6.2 5.8 

30435.0 26687.8 66.6 6.1 6.1 5.7 
31836.4 24616.5 59.1 5.8 6.4 6.1 
31270.0 27091.6 73.3 6.5 5.7 6.4 
28507.4 29240.5 61.5 5.6 6.2 5.7 
32442.5 22573.6 62.3 5.9 6.1 6.3 
31041.1 24645.0 69.8 6.2 5.8 6.0 
29342.4 29644.3 68.1 5.9 5.8 6.3 

33950.1 23687.5 65.4 6.9 6.5 7.1 
27758.1 23721.0 58.4 5.3 6.2 6.4 
24074.6 27276.3 54.1 5.7 6.4 6.1 
34054.5 23449.8 68.5 6.9 6.9 7.4 
33628.5 23612.7 66.7 6.8 7.3 7.5 
27152.0 25763.9 55.2 5.2 6.5 6.1 

53538.8 42364.8 96.3 10.6 10.6 11.1 
47896.2 46616.8 94.9 10.4 11.0 10.3 
51785.6 45357.9 89.3 11.2 12.3 11.5 
46595.0 43447.2 91.8 10.7 10.4 10.1 
50406.4 46166.0 95.2 10.8 10.4 11.1 

57077.9 50407.2 113.6 11.9 11.0 14.6 
54434.5 56597.0 111.6 11.7 11.2 14.8 
55150.3 52959.9 108.4 11.4 11.1 14.6 
56228.6 55515.7 101.8 11.8 11.6 14.4 

32579.4 25040.9 63.3 6.8 7.1 7.0 
33524.1 23850.4 63.6 6.8 7.0 7.2 
34928.0 33178.6 73.1 7.9 6.6 8.1 
33000.4 35731.3 67.9 7.3 6.7 8.0 
32808.4 27487.5 66.8 7.1 7.1 7.5 
33000.4 35731.3 67.9 7.3 6.7 8.1 

31459.6 23935.9 57.4 5.3 6.1 6.4 
30743.8 27573.0 60.6 5.7 6.2 6.6 
30009.4 29855.4 59.3 7.4 6.4 7.4 
27152.0 25763.9 55.2 5.2 6.5 6.1 

75128.0 67480.6 138.2 14.0 15.0 16.6 
75128.0 67480.6 138.2 14.0 14.9 16.6 
77239.4 68069.3 144.7 14.0 15.4 17.7 

32579.4 25040.9 63.3 6.8 7.1 7.0 
33524.1 23850.4 63.6 6.8 7.0 7.2 
33234.3 27324.6 68.6 7.2 6.6 7.4 
30157.0 28837.0 67.5 7.7 6.5 7.4 
34054.5 23449.8 68.5 6.9 6.9 7.4 
30551.2 25125.2 65.7 7.2 7.3 7.4 
30880.7 30040.2 61.6 6.6 7.2 7.4 
29322.0 28433.3 60.9 7.3 6.9 6.7 
33005.4 24878.0 65.1 6.9 6.7 6.9 
29550.9 30879.9 64.3 7.6 6.9 7.1 
32399.3 26920.8 61.9 6.8 7.0 6.7 

40951.4 36106.8 79.9 7.9 8.5 8.9 
38381.4 35210.2 76.2 8.1 8.8 9.2 

80687.8 75016.9 169.6 16.9 17.0 19.6 
82412.7 77750.3 165.3 16.5 17.0 19.7 
79972.0 78654.0 172.8 17.2 17.2 19.9 
84389.3 75231.7 168.6 16.9 16.9 19.6 

88531.6 85414.6 198.2 22.3 19.7 24.5 
87296.3 85890.4 198.5 21.8 19.0 24.8 

28988.0 28575.5 61.5 6.6 6.3 6.4 
30137.7 29615.8 57.4 5.6 6.5 6.4 
30514.9 25126.4 57.1 5.4 6.2 6.2 
29908.8 27169.2 53.9 5.3 6.5 6.0 
28759.1 26128.9 58.0 6.3 6.3 6.0 
30743.8 27573.0 60.6 5.7 6.2 6.6 

30957.9 25741.0 57.3 5.3 6.8 6.4 
31836.4 24616.4 59.1 5.8 6.4 6.1 
31379.7 25497.3 66.9 6.1 6.0 5.9 
30058.1 26007.2 64.9 5.6 5.7 6.1 
28736.3 31687.1 64.9 5.9 6.2 6.1 
29342.4 29644.3 68.1 5.9 5.8 6.3 
32885.5 23188.3 62.4 5.8 6.7 6.5 
30435.0 26687.8 66.6 6.1 6.1 5.7 
27666.5 29085.4 59.5 6.2 6.1 6.6 
30743.8 27573.0 60.6 5.7 6.2 6.6 
31564.0 23698.2 60.5 5.3 6.5 6.6 
29452.1 28050.0 61.7 5.5 6.1 5.8 
33387.2 21383.1 62.5 5.9 6.0 6.4 

47915.6 46313.3 105.8 11.8 11.3 12.3 
52294.2 47970.5 109.8 11.0 12.0 12.5 

32781.1 23426.0 59.3 5.8 6.3 6.2 
30743.8 27573.0 60.6 5.7 6.2 6.6 
30309.9 22895.6 61.5 6.4 5.9 6.4 
26968.4 31148.9 54.0 6.6 7.4 6.7 
33387.2 21383.1 62.5 5.9 6.0 6.4 
27152.0 25763.9 55.2 5.2 6.5 6.1 

35124.0 24196.0 59.1 7.1 6.6 7.0 
34834.2 27670.2 64.1 7.5 6.3 7.2 
35730.1 22153.2 62.3 7.2 6.3 7.2 
35654.4 23795.4 64.0 7.2 6.6 7.2 

65193.0 67118.4 144.2 17.4 15.0 17.5 
64560.6 68552.7 143.1 17.2 14.8 17.5 
62632.9 71105.5 137.9 16.7 14.9 17.4 

103913.9 87151.9 195.7 21.3 20.7 23.8 
100836.6 88664.4 194.7 21.7 20.6 23.8 
94886.7 91132.3 184.5 20.5 20.3 22.4 

32159.9 32849.5 92.9 7.7 9.5 9.6 
33238.2 35405.3 86.3 8.1 10.0 9.4 
35099.8 37308.0 86.9 8.5 10.0 9.4 

61929.2 57062.8 115.6 11.7 13.0 13.3 

64752.3 62274.7 143.2 14.4 13.0 15.7 
64237.6 60599.9 134.1 13.9 13.4 15.6 

29365.2 24086.1 61.2 6.4 6.0 6.3 
31836.4 24616.5 59.1 5.8 6.4 6.1 
30137.7 29615.8 57.4 5.6 6.5 6.4 
27666.5 29085.4 59.5 6.2 6.1 6.6 
30162.6 25769.5 68.1 5.6 6.1 6.3 
30137.7 29615.8 57.3 5.6 6.5 6.4 
30414.3 22657.9 64.6 6.4 6.3 6.7 
31836.4 24616.4 59.1 5.8 6.4 6.1 
32442.5 22573.6 62.3 5.9 6.1 6.3 
30309.9 22895.6 61.5 6.4 5.9 6.4 
33491.6 21145.5 65.6 5.9 6.4 6.7 
33387.2 21383.1 62.5 5.9 6.0 6.4 

92899.8 89002.9 174.0 18.8 19.7 22.4 

32781.1 23426.0 59.3 5.8 6.3 6.2 
31985.8 23454.5 70.1 6.2 5.6 6.1 
29685.7 21168.3 63.5 5.9 6.1 6.4 
31459.6 23935.9 57.4 5.3 6.1 6.4 
32442.5 22573.6 62.3 5.9 6.1 6.3 
30309.9 22895.6 61.5 6.4 5.9 6.4 
33387.2 21383.1 62.5 5.9 6.0 6.4 

32781.1 23426.0 59.3 5.8 6.3 6.2 
31459.6 23935.9 57.4 5.3 6.1 6.4 
24680.7 25233.5 57.3 5.8 6.1 6.4 
30058.1 26007.2 64.9 5.6 5.7 6.1 
33387.2 21383.1 62.5 5.9 6.0 6.4 
29342.4 29644.3 68.1 5.9 5.8 6.3 

32781.1 23426.0 59.3 5.8 6.3 6.2 
26968.4 31148.9 54.0 6.7 7.4 6.7 
30137.7 29615.8 57.4 5.6 6.5 6.4 
26207.3 26954.4 54.9 5.3 6.7 6.0 
26968.4 31148.9 53.9 6.7 7.4 6.7 
31459.6 23935.9 57.4 5.3 6.1 6.4 
31379.7 25497.3 66.9 6.1 6.0 5.9 
30309.9 22895.6 61.5 6.4 5.9 6.4 
33387.2 21383.1 62.5 5.9 6.0 6.4 

29079.6 23211.1 60.3 5.8 6.4 6.2 
29685.7 21168.3 63.5 5.9 6.1 6.4 
26608.4 22680.8 62.5 6.3 6.0 6.4 
24074.7 27276.3 54.1 5.7 6.4 6.1 
26002.3 24723.6 59.3 6.3 6.3 6.2 

32628.2 29367.4 65.4 7.1 7.0 7.1 
32202.3 29530.3 63.6 7.0 7.4 7.2 
32671.3 23461.1 65.5 6.3 6.3 6.8 
29124.9 31042.8 62.5 7.5 7.3 7.2 
32399.3 26920.8 61.9 6.8 7.0 6.7 
32982.6 25543.4 67.4 6.0 6.7 7.1 

26436.2 29400.9 58.3 5.6 6.6 6.4 
27666.5 29085.4 59.5 6.2 6.1 6.6 
26207.3 26954.4 54.9 5.3 6.7 6.0 
27758.1 23721.0 58.4 5.3 6.2 6.4 
30137.7 29615.8 57.3 5.6 6.5 6.4 
32442.5 22573.6 62.3 5.9 6.1 6.3 
23358.9 30913.4 57.3 6.0 6.5 6.4 
29113.4 27197.7 64.7 5.6 5.9 5.9 
32671.4 25020.2 65.7 6.2 6.1 6.7 
29342.4 29644.3 68.1 5.9 5.8 6.3 
27152.0 25763.9 55.2 5.2 6.5 6.1 

26356.6 25792.4 65.9 5.6 5.9 6.1 
27758.1 23721.0 58.4 5.3 6.2 6.4 

101396.0 87867.2 205.0 23.1 22.8 25.5 
97875.1 85744.4 200.4 23.0 23.4 25.3 
97269.0 87787.2 197.2 22.9 23.8 25.0 

70708.8 59399.9 135.6 13.9 13.3 15.8 
63828.3 55905.4 133.4 13.6 12.8 15.5 
60909.7 56117.8 136.7 14.3 12.5 15.5 

26356.6 25792.4 65.9 5.6 5.9 6.1 
27758.1 23721.0 58.4 5.3 6.2 6.4 
25869.7 30316.9 72.3 6.3 6.2 6.9 
23965.0 28870.6 60.5 6.1 6.2 6.6 
24680.7 25233.5 57.3 5.8 6.1 6.4 
28382.2 25448.3 56.3 5.8 6.0 6.3 
27042.3 27358.1 61.5 5.6 6.3 6.7 
23358.9 30913.4 57.3 6.0 6.5 6.4 
30286.9 26894.7 68.1 6.0 5.9 6.6 

43802.6 42578.7 75.8 8.7 10.3 10.2 
40505.9 45604.1 76.0 9.0 10.5 9.9 
46715.6 40290.4 78.2 8.3 10.8 9.9 
36727.3 41968.7 79.5 9.5 9.7 9.9 
48643.3 37737.6 83.3 8.8 10.7 10.0 
46716.1 47292.6 83.7 9.3 10.9 10.2 
41573.5 39203.5 81.2 9.4 10.0 10.0 

32781.1 23426.0 59.3 5.8 6.3 6.2 
31836.4 24616.5 59.1 5.8 6.4 6.1 
30663.9 29134.4 70.1 6.4 6.1 6.2 
30514.9 25126.4 57.1 5.4 6.2 6.2 
29908.8 27169.2 53.9 5.3 6.5 6.0 
31379.7 25497.3 66.9 6.1 6.0 5.9 
28382.2 25448.3 56.3 5.8 6.0 6.3 
32442.5 22573.6 62.3 5.9 6.1 6.3 
29703.8 24938.4 58.3 6.3 6.2 6.2 
30309.9 22895.6 61.5 6.4 5.9 6.4 
27197.3 33595.5 57.4 7.0 7.4 7.1 
33387.2 21383.1 62.5 5.9 6.0 6.4 

26436.2 29400.9 58.3 5.6 6.6 6.4 
24805.9 29025.7 62.5 5.5 6.3 5.7 
26207.3 26954.4 54.9 5.3 6.7 6.0 
23130.0 28466.8 53.9 5.7 6.6 6.0 
30743.8 27573.0 60.6 5.7 6.2 6.6 
27042.3 27358.1 61.5 5.6 6.3 6.7 
26813.4 24911.5 58.1 5.3 6.3 6.2 
25034.8 31472.3 65.9 5.8 6.3 6.1 

28134.9 24401.6 60.0 5.8 6.6 6.1 
26207.3 26954.4 54.9 5.2 6.6 6.0 
31459.6 23935.9 57.4 5.3 6.1 6.4 
28382.2 25448.3 56.3 5.8 6.0 6.3 
33387.2 21383.1 62.5 5.9 6.0 6.4 

32781.1 23426.0 59.3 5.8 6.3 6.2 
27758.1 23721.0 58.4 5.3 6.2 6.4 
32442.5 22573.6 62.3 5.9 6.1 6.3 
29703.8 24938.4 58.3 6.3 6.2 6.2 
24074.7 27276.3 54.1 5.7 6.4 6.1 
33387.2 21383.1 62.5 5.9 6.0 6.4 
27152.0 25763.9 55.2 5.2 6.5 6.1 

79635.0 72013.4 147.7 15.3 17.6 19.0 
81562.6 69460.7 152.9 15.8 17.5 19.0 
79291.5 76178.2 151.4 14.7 16.7 18.8 

67445.3 54832.7 130.5 14.6 16.1 16.5 
68331.6 64712.7 135.2 13.9 15.5 17.7 
67659.1 61964.3 136.6 14.2 16.0 17.7 
68119.5 66684.1 135.0 14.0 15.3 17.8 

29365.2 24086.1 61.2 6.4 6.0 6.3 
28988.0 28575.5 61.5 6.6 6.3 6.4 
30137.7 29615.8 57.4 5.6 6.5 6.4 
26207.3 26954.4 54.9 5.3 6.7 6.0 
30853.5 25978.7 54.2 5.3 6.4 6.1 
28507.4 29240.5 61.5 5.6 6.2 5.7 
23130.0 28466.8 53.9 5.7 6.6 6.0 
31459.6 23935.9 57.4 5.3 6.1 6.4 
32442.5 22573.6 62.3 5.9 6.1 6.3 
30743.8 27573.0 60.6 5.7 6.2 6.6 
29594.1 26532.7 64.7 6.7 6.0 6.7 

31077.7 27430.7 60.0 6.4 6.8 6.9 
33283.7 25733.5 58.7 6.7 6.1 6.9 
29594.1 26532.7 64.7 6.7 6.0 6.7 
35124.0 24196.0 59.1 7.1 6.6 7.0 
31708.1 24856.1 61.0 7.7 6.4 7.0 
29676.3 29502.1 67.5 6.6 6.4 6.6 
31102.0 26898.9 57.8 7.6 6.7 6.8 
28896.0 28596.2 59.1 7.2 7.3 6.8 
29502.1 26553.4 62.3 7.3 7.0 7.0 
30435.3 29692.5 61.1 7.5 6.0 7.3 
29403.3 31898.3 56.1 7.4 6.8 7.2 
32046.7 25708.4 58.1 7.6 6.6 6.9 
32442.5 22573.6 62.3 5.9 6.1 6.3 
32906.6 30222.9 58.9 7.0 6.4 7.1 
32857.8 25896.4 56.9 6.6 6.6 7.0 
30009.4 29855.4 59.3 7.4 6.4 7.4 
32671.4 25020.2 65.7 6.2 6.1 6.7 

31270.0 27091.6 73.3 6.5 5.7 6.4 
30663.9 29134.4 70.1 6.4 6.1 6.2 
32442.5 22573.6 62.3 5.9 6.1 6.3 
30743.8 27573.0 60.6 5.7 6.2 6.6 
33387.2 21383.1 62.5 5.9 6.0 6.4 
32671.4 25020.2 65.7 6.2 6.1 6.7 

29365.2 24086.1 61.2 6.4 6.0 6.3 
28507.4 29240.5 61.5 5.6 6.2 5.7 
31836.4 24616.4 59.1 5.8 6.4 6.1 
28759.1 26128.9 58.0 6.3 6.3 6.0 
31041.1 24645.0 69.8 6.2 5.8 6.0 
26831.5 28681.6 52.9 5.8 6.4 6.0 
29594.1 26532.7 64.7 6.7 6.0 6.7 
31836.4 24616.5 59.1 5.8 6.4 6.1 
30514.9 25126.4 57.1 5.4 6.2 6.2 
30137.7 29615.8 57.3 5.6 6.5 6.4 
29908.8 27169.2 53.9 5.3 6.5 6.0 
32442.5 22573.6 62.3 5.9 6.1 6.3 
32671.4 25020.2 65.7 6.2 6.1 6.7 

28524.7 29097.8 61.6 6.4 7.5 7.1 
31510.4 32949.7 63.8 6.8 7.4 7.4 

121432.7 114111.4 235.9 25.8 25.3 29.0 

26207.3 26954.4 54.9 5.3 6.7 6.0 
30514.9 25126.4 57.1 5.4 6.2 6.2 
32442.5 22573.6 62.3 5.9 6.1 6.3 
30743.8 27573.0 60.6 5.7 6.2 6.6 
30309.9 22895.6 61.5 6.4 5.9 6.4 
26813.4 24911.5 58.1 5.3 6.3 6.2 
33387.2 21383.1 62.5 5.9 6.0 6.4 

28229.3 31389.8 62.4 7.1 6.6 7.3 
33448.4 25492.6 65.3 6.8 7.2 7.1 

30957.9 25741.0 57.3 5.3 6.8 6.4 
27758.1 23721.0 58.3 5.3 6.2 6.4 
29079.6 23211.1 60.3 5.8 6.4 6.2 
27758.1 23721.0 58.4 5.3 6.2 6.4 
27862.5 23483.4 61.5 5.3 6.6 6.7 
29685.7 21168.3 63.5 5.9 6.1 6.5 
29685.7 21168.3 63.5 5.9 6.1 6.4 
27256.4 25526.2 58.3 5.2 6.9 6.4 
23358.9 30913.4 57.3 6.0 6.5 6.4 
29790.1 20930.6 66.6 5.9 6.5 6.7 
29184.0 22973.4 63.4 5.8 6.8 6.5 
23736.0 26424.0 57.1 5.8 6.2 6.2 
24680.7 25233.5 57.3 5.8 6.1 6.4 
23965.0 28870.6 60.5 6.1 6.2 6.6 
27042.3 27358.1 61.5 5.6 6.3 6.7 

33234.3 27324.6 68.6 7.2 6.6 7.4 
32202.3 29530.3 63.6 7.0 7.4 7.2 
32628.2 29367.4 65.4 7.1 6.9 7.1 
28896.0 28596.2 59.1 7.2 7.3 6.8 
32808.4 27487.5 66.8 7.1 7.1 7.5 
33628.5 23612.7 66.7 6.8 7.3 7.5 
31406.9 29558.8 74.3 7.4 6.7 7.1 

64936.6 61671.3 138.5 16.2 15.1 17.0 
67088.1 62860.8 150.8 15.8 14.2 16.9 
65132.9 68130.7 142.8 15.2 13.6 16.3 
58629.7 63066.7 128.7 14.6 14.3 15.7 
64460.4 65382.4 144.2 15.4 14.1 16.3 

32579.4 25040.9 63.3 6.8 7.1 7.0 
27803.4 31552.7 60.6 7.0 7.1 7.4 
30700.6 31920.1 60.2 6.6 7.1 7.1 
32918.0 25893.3 60.4 6.7 7.3 6.9 
28229.3 31389.8 62.4 7.1 6.6 7.3 
30880.7 30040.2 61.6 6.6 7.2 7.4 
33005.4 24878.0 65.1 6.9 6.7 6.9 
30651.8 27593.7 58.2 6.2 7.2 7.0 
32065.3 27063.0 62.5 6.2 6.4 6.5 
28896.0 28596.2 59.1 7.2 7.3 6.8 
31973.4 27083.7 60.1 6.7 7.4 6.8 
30274.6 32083.1 58.4 6.5 7.5 7.1 
31178.0 27112.3 70.9 7.1 6.8 6.7 
34054.5 23449.8 68.5 6.9 6.9 7.4 
30274.6 32083.1 58.4 6.5 7.5 7.2 
30446.8 25362.9 62.6 7.3 6.9 7.2 
31700.9 26165.5 61.5 6.2 7.4 7.4 
32126.9 26002.6 63.3 6.3 7.0 7.3 

51461.6 54880.7 122.8 11.2 11.1 12.6 
56280.1 53880.5 132.9 11.5 11.0 13.3 
57703.6 49599.1 124.6 11.4 11.5 13.4 
57097.5 51641.9 121.4 11.3 11.8 13.1 

30588.2 23751.1 55.0 6.2 5.3 6.4 
31459.6 23935.9 57.4 5.3 6.1 6.4 
35593.2 19685.9 61.2 6.3 5.3 6.4 
33665.5 22238.6 56.1 5.7 5.4 6.4 
33387.2 21383.1 62.5 5.9 6.0 6.4 

26436.2 29400.9 58.3 5.6 6.6 6.4 
26356.6 25792.4 65.9 5.6 5.9 6.1 
28741.0 22358.8 63.3 5.9 6.2 6.3 
25286.5 28360.7 62.5 6.6 6.4 6.5 
27042.3 27358.1 61.5 5.6 6.3 6.7 
29790.1 20930.6 66.6 5.9 6.5 6.7 
28388.7 23001.9 74.2 6.1 6.1 6.4 
23358.9 30913.4 57.3 6.0 6.5 6.4 
28134.9 24401.6 60.1 5.8 6.6 6.1 
26813.4 24911.5 58.1 5.3 6.3 6.2 
29184.0 22973.4 63.4 5.8 6.8 6.5 

28284.3 23239.6 71.1 6.1 5.8 6.1 
27758.1 23721.0 58.4 5.3 6.2 6.4 
29685.7 21168.3 63.5 5.9 6.1 6.4 
26608.4 22680.8 62.5 6.3 6.0 6.4 
27568.5 26876.7 74.3 6.4 5.9 6.4 

57078.2 45640.4 112.3 12.5 12.4 13.7 
63325.8 40804.0 106.5 12.1 13.0 14.1 

24805.9 29025.7 62.5 5.5 6.3 5.7 
26207.3 26954.4 54.9 5.3 6.7 6.0 
25057.6 25914.1 59.0 6.3 6.5 6.1 
28134.9 24401.6 60.1 5.8 6.6 6.1 
26813.4 24911.5 58.1 5.3 6.3 6.2 
27152.0 25763.9 55.2 5.2 6.5 6.1 

101990.2 96326.1 190.0 21.9 21.1 24.1 

32781.1 23426.0 59.3 5.8 6.3 6.2 
27060.4 31128.2 56.3 6.1 6.4 6.4 
31459.6 23935.9 57.4 5.3 6.1 6.4 
28382.2 25448.3 56.3 5.8 6.0 6.3 
30743.8 27573.0 60.6 5.7 6.2 6.6 
31564.0 23698.2 60.5 5.3 6.5 6.6 
33387.2 21383.1 62.5 5.9 6.0 6.4 

36998.7 27580.3 80.4 7.8 7.2 7.8 
27580.0 30288.3 61.4 6.4 7.6 7.0 
36054.0 28770.8 80.2 7.9 7.3 7.7 
38504.5 25271.3 76.0 7.6 7.9 8.4 

26106.7 24485.9 62.4 6.3 6.7 6.5 
30137.7 29615.8 57.3 5.6 6.5 6.4 
30414.3 22657.9 64.6 6.4 6.3 6.7 
24074.7 27276.3 54.1 5.7 6.4 6.1 
33491.6 21145.4 65.6 5.9 6.4 6.7 
27152.0 25763.9 55.2 5.2 6.5 6.1 
29184.0 22973.4 63.4 5.8 6.8 6.5 
25750.6 27835.2 62.7 5.5 6.2 5.8 
32885.5 23188.3 62.4 5.8 6.7 6.5 
32671.4 25020.2 65.7 6.2 6.1 6.7 

27758.1 23721.0 58.3 5.3 6.2 6.4 
27758.1 23721.0 58.4 5.3 6.2 6.4 
28507.4 29240.5 61.5 5.6 6.2 5.7 
30137.7 29615.8 57.3 5.6 6.5 6.4 
30743.8 27573.0 60.6 5.7 6.2 6.6 
27152.0 25763.9 55.2 5.2 6.5 6.1 

131896.2 124203.4 260.8 28.0 26.9 31.3 
131896.3 124203.4 260.8 28.0 26.9 31.3 
129399.9 124405.5 256.9 28.0 26.7 31.3 
131097.4 124432.3 260.1 28.5 27.1 31.1 

29365.2 24086.1 61.2 6.4 6.0 6.3 
31459.6 23935.9 57.4 5.3 6.1 6.4 
31836.4 24616.4 59.1 5.8 6.4 6.1 
28759.1 26128.9 58.0 6.3 6.3 6.0 
30309.9 22895.6 61.5 6.4 5.9 6.4 
28736.3 31687.1 64.9 5.9 6.2 6.1 
26831.5 28681.6 52.9 5.8 6.4 6.0 
29594.1 26532.7 64.7 6.7 6.0 6.7 
30137.7 29615.8 57.4 5.6 6.5 6.4 
27666.5 29085.4 59.5 6.2 6.1 6.6 
30137.7 29615.8 57.3 5.6 6.5 6.4 
29908.8 27169.2 53.9 5.3 6.5 6.0 
32442.5 22573.6 62.3 5.9 6.1 6.3 
29703.8 24938.4 58.3 6.3 6.2 6.2 
30743.8 27573.0 60.6 5.7 6.2 6.6 
33491.6 21145.5 65.6 5.9 6.4 6.7 
33387.2 21383.1 62.5 5.9 6.0 6.4 

31836.4 24616.5 59.1 5.8 6.4 6.1 
30514.9 25126.4 57.1 5.4 6.2 6.2 
27437.5 26638.8 56.1 5.8 6.1 6.2 
32442.5 22573.6 62.3 5.9 6.1 6.3 

29365.2 24086.1 61.2 6.4 6.0 6.3 
30514.9 25126.4 57.1 5.4 6.2 6.2 
30414.3 22657.9 64.6 6.4 6.3 6.7 
31459.6 23935.9 57.4 5.3 6.1 6.4 
28382.2 25448.3 56.3 5.8 6.0 6.3 
32442.5 22573.6 62.3 5.9 6.1 6.3 
27666.5 29085.4 59.5 6.1 6.1 6.6 
30309.9 22895.6 61.5 6.4 5.9 6.4 
29113.4 27197.7 64.7 5.6 5.9 5.9 

39992.7 37114.4 84.4 10.2 9.9 10.4 
43070.0 35602.0 85.4 9.7 10.0 10.4 
41609.9 38672.3 83.2 9.9 9.3 10.5 
44687.3 37159.9 84.2 9.4 9.4 10.6 
44014.7 34411.5 85.6 9.7 9.9 10.6 
37192.5 37996.3 76.6 9.7 9.7 9.3 

32781.1 23426.0 59.3 5.8 6.3 6.2 
30725.1 26218.4 56.1 7.1 6.3 7.1 
34987.1 21728.7 58.0 6.2 5.7 6.2 
31985.8 23454.5 70.1 6.2 5.6 6.1 
31800.1 24835.4 63.4 7.1 5.4 6.7 
35593.2 19685.9 61.2 6.3 5.3 6.4 
32949.8 25875.7 59.3 6.1 5.5 6.7 
30309.9 22895.6 61.5 6.4 5.9 6.4 
33387.2 21383.1 62.5 5.9 6.0 6.4 

53360.2 71602.5 149.6 14.9 15.8 17.3 
54438.5 74158.3 143.0 15.3 16.3 17.1 
56577.5 69644.3 151.7 16.1 17.1 18.1 
55085.1 74335.8 145.4 14.5 15.8 17.3 
54066.1 74682.2 149.4 16.1 16.8 18.3 
55823.4 68329.4 147.8 15.7 17.3 17.8 

106961.5 106970.0 202.2 22.7 22.8 26.0 
107064.9 98608.0 193.2 22.0 22.4 25.0 

27758.1 23721.0 58.3 5.3 6.2 6.4 
27758.1 23721.0 58.4 5.3 6.2 6.4 
30137.7 29615.8 57.3 5.6 6.5 6.4 
31459.6 23935.9 57.4 5.3 6.1 6.4 
24680.7 25233.5 57.3 5.8 6.1 6.4 
27152.0 25763.9 55.2 5.2 6.5 6.1 
33387.2 21383.1 62.5 5.9 6.0 6.4 

27803.4 31552.7 60.6 7.0 7.1 7.4 
28519.2 27915.6 57.4 6.7 7.0 7.1 
31836.4 24616.4 59.1 5.8 6.4 6.1 
30446.8 25362.9 62.6 7.3 6.9 7.2 
32442.5 22573.6 62.3 5.9 6.1 6.3 
27197.3 33595.5 57.4 7.0 7.4 7.1 
32671.4 25020.2 65.7 6.2 6.1 6.7 

23736.0 26424.0 57.1 5.8 6.2 6.2 
32781.1 23426.0 59.3 5.8 6.3 6.2 
25411.9 26982.9 65.7 5.6 6.0 5.9 
28339.0 29795.5 56.0 6.7 6.9 6.8 
31459.6 23935.9 57.4 5.3 6.1 6.4 
31836.4 24616.4 59.1 5.8 6.4 6.1 
32442.5 22573.6 62.3 5.9 6.1 6.3 
30743.8 27573.0 60.6 5.7 6.2 6.6 
30309.9 22895.6 61.5 6.4 5.9 6.4 
33387.2 21383.1 62.5 5.9 6.0 6.4 

31459.6 23935.9 57.4 5.3 6.1 6.4 
30743.8 27573.0 60.6 5.7 6.2 6.6 
33387.2 21383.1 62.5 5.9 6.0 6.4 
29184.0 22973.4 63.4 5.8 6.8 6.5 
32885.5 23188.3 62.4 5.8 6.7 6.5 

26436.2 29400.9 58.3 5.6 6.6 6.4 
32781.1 23426.0 59.3 5.8 6.3 6.2 
30137.7 29615.8 57.4 5.6 6.5 6.4 
31459.6 23935.9 57.4 5.3 6.1 6.4 
30743.8 27573.0 60.6 5.7 6.2 6.6 
30309.9 22895.6 61.5 6.4 5.9 6.4 
28736.3 31687.1 64.9 5.9 6.2 6.1 
29342.4 29644.3 68.1 5.9 5.8 6.3 
33387.2 21383.1 62.5 5.9 6.0 6.4 

27803.4 31552.7 60.6 7.0 7.1 7.4 
35124.0 24196.0 59.1 7.1 6.6 7.0 
31516.6 27964.6 68.0 7.0 6.9 6.6 
30700.6 31920.1 60.2 6.6 7.1 7.1 
29840.7 27405.7 59.4 7.2 7.2 6.9 
33086.7 28343.0 60.3 6.9 6.5 7.4 
32918.0 25893.3 60.4 6.7 7.3 6.9 
29403.3 31898.3 56.1 7.4 6.8 7.1 
27574.5 29106.1 57.2 6.7 7.1 6.9 
35730.1 22153.2 62.3 7.2 6.3 7.2 
29479.3 32111.6 69.2 6.8 6.8 7.1 
30009.4 29855.4 59.3 7.4 6.4 7.4 

49058.3 44574.0 91.6 8.9 11.6 11.7 
45714.4 42372.7 91.2 9.5 10.9 10.9 
48174.9 42189.3 100.5 10.6 10.7 11.6 
47448.7 43139.8 111.0 11.8 10.5 11.5 
44990.0 43746.1 99.1 10.6 11.1 11.8 

37027.6 37091.0 84.0 9.4 8.5 8.8 
38349.4 31411.1 84.0 9.1 8.0 8.7 
39434.5 33318.5 81.8 7.5 8.5 8.3 
36798.6 34644.4 80.5 9.1 8.5 8.3 

29365.2 24086.1 61.2 6.4 6.0 6.3 
31836.4 24616.5 59.1 5.8 6.4 6.1 
30514.9 25126.4 57.1 5.4 6.2 6.2 
28382.2 25448.3 56.3 5.8 6.0 6.3 
32442.5 22573.6 62.3 5.9 6.1 6.3 
33387.2 21383.1 62.5 5.9 6.0 6.4 

31836.4 24616.5 59.1 5.8 6.4 6.1 
30162.6 25769.5 68.1 5.6 6.1 6.3 
31459.6 23935.9 57.4 5.3 6.1 6.4 
29703.8 24938.4 58.3 6.3 6.2 6.2 
30309.9 22895.6 61.5 6.4 5.9 6.4 
31484.1 25259.6 70.0 6.1 6.3 6.2 
29342.4 29644.3 68.1 5.9 5.8 6.3 
33387.2 21383.1 62.5 5.9 6.0 6.4 

27758.1 23721.0 58.4 5.3 6.2 6.4 
32442.5 22573.6 62.3 5.9 6.1 6.3 
30743.8 27573.0 60.6 5.7 6.2 6.6 
27152.0 25763.9 55.2 5.2 6.5 6.1 

30435.0 26687.8 66.6 6.1 6.1 5.7 
32442.5 22573.6 62.3 5.9 6.1 6.3 
29703.8 24938.4 58.3 6.3 6.2 6.2 
30743.8 27573.0 60.6 5.7 6.2 6.6 
30309.9 22895.6 61.5 6.4 5.9 6.4 
31041.1 24645.0 69.8 6.2 5.8 6.0 
33387.2 21383.1 62.5 5.9 6.0 6.4 

28741.0 22358.8 63.3 5.9 6.2 6.3 
26733.5 26472.9 67.6 6.1 6.2 5.8 
25057.6 25914.1 59.0 6.3 6.5 6.1 
25663.7 23871.3 62.2 6.4 6.1 6.3 
28134.9 24401.6 60.1 5.8 6.6 6.1 
27152.0 25763.9 55.2 5.2 6.5 6.1 

32781.1 23426.0 59.3 5.8 6.3 6.2 
30663.9 29134.4 70.1 6.4 6.1 6.2 
29703.8 24938.4 58.3 6.3 6.2 6.2 
30309.9 22895.6 61.5 6.4 5.9 6.4 
27152.0 25763.9 55.2 5.2 6.5 6.1 
33387.2 21383.1 62.5 5.9 6.0 6.4 

26436.2 29400.9 58.3 5.6 6.6 6.4 
31985.8 23454.5 70.1 6.2 5.6 6.1 
27758.1 23721.0 58.4 5.3 6.2 6.4 
24074.7 27276.3 54.1 5.7 6.4 6.1 
29703.8 24938.4 58.3 6.3 6.2 6.2 
30309.9 22895.6 61.5 6.4 5.9 6.4 
32090.2 23216.8 73.2 6.2 6.0 6.4 
27152.0 25763.9 55.2 5.2 6.5 6.1 
32671.4 25020.2 65.7 6.2 6.1 6.7 

33950.1 23687.5 65.4 6.9 6.5 7.1 
33524.1 23850.4 63.6 6.8 7.0 7.2 
30274.6 32083.1 58.4 6.5 7.5 7.1 
30872.7 25200.0 64.3 7.4 6.4 7.1 

31985.8 23454.5 70.1 6.2 5.6 6.1 
31459.6 23935.9 57.4 5.3 6.1 6.4 
30414.3 22657.9 64.6 6.4 6.3 6.7 
30058.1 26007.2 64.9 5.6 5.7 6.0 
30058.1 26007.2 64.9 5.6 5.7 6.1 
33387.2 21383.1 62.5 5.9 6.0 6.4 
29342.4 29644.3 68.1 5.9 5.8 6.3 
27152.0 25763.9 55.2 5.2 6.5 6.1 
32885.5 23188.3 62.4 5.8 6.7 6.5 

28741.0 22358.8 63.2 5.9 6.2 6.3 
26733.5 26472.9 67.6 6.1 6.2 5.8 
25057.6 25914.1 59.0 6.3 6.5 6.1 
23130.0 28466.8 53.9 5.7 6.6 6.0 
29908.8 27169.2 53.9 5.3 6.5 6.0 
31836.4 24616.4 59.1 5.8 6.4 6.1 
25663.7 23871.3 62.2 6.3 6.1 6.3 
28134.9 24401.6 60.1 5.8 6.6 6.1 
26207.3 26954.4 54.9 5.2 6.7 6.0 

31459.6 23935.9 57.4 5.3 6.1 6.4 
27152.0 25763.9 55.2 5.2 6.5 6.1 
33387.2 21383.1 62.5 5.9 6.0 6.4 
25750.6 27835.2 62.7 5.5 6.2 5.8 

31184.5 27686.0 66.4 6.2 6.7 7.5 
31184.5 27686.0 66.4 6.2 6.7 7.6 
27852.1 34320.1 62.4 7.5 7.1 7.6 
28229.2 29830.6 62.2 7.2 6.8 7.4 
28107.1 29198.5 65.4 6.7 6.6 7.5 
29783.0 29757.3 74.0 6.5 6.4 7.2 
29783.1 29757.3 74.0 6.5 6.4 7.2 

34877.4 23323.0 64.4 6.6 5.4 6.7 
29266.4 29431.0 55.0 6.5 5.8 6.4 
31571.2 22388.8 59.9 6.8 5.4 6.3 
29037.4 26984.4 51.6 6.2 5.8 6.0 
27758.1 23721.0 58.4 5.3 6.2 6.4 
31800.1 24835.4 63.4 7.1 5.4 6.7 
35593.2 19685.9 61.2 6.3 5.3 6.4 
30965.1 24431.6 56.7 6.7 5.7 6.1 
29643.5 24941.6 54.8 6.2 5.5 6.2 

27803.4 31552.7 60.6 7.0 7.1 7.4 
27623.3 33432.6 59.2 7.1 7.0 7.0 
28519.2 27915.6 57.4 6.7 7.0 7.1 
28988.0 28575.5 61.5 6.6 6.3 6.4 
31596.5 26403.2 58.4 6.2 7.1 7.1 
28896.0 28596.2 59.1 7.2 7.3 6.8 
29502.1 26553.4 62.3 7.3 7.0 7.0 
30309.9 22895.6 61.5 6.4 5.9 6.4 
27197.3 33595.5 57.4 7.0 7.4 7.1 

27060.4 31128.2 56.3 6.1 6.4 6.4 
27776.2 27491.1 53.1 5.8 6.3 6.1 
31459.6 23935.9 57.4 5.3 6.1 6.4 
30414.3 22657.9 64.6 6.4 6.3 6.7 
28382.2 25448.3 56.3 5.8 6.0 6.3 
30743.8 27573.0 60.6 5.7 6.2 6.6 
30058.1 26007.2 64.9 5.6 5.7 6.1 
33491.6 21145.5 65.6 5.9 6.4 6.7 
28736.3 31687.1 64.9 5.9 6.2 6.1 
29452.1 28050.0 61.7 5.5 6.1 5.8 
33387.2 21383.1 62.5 5.9 6.0 6.4 

33524.1 23850.4 63.6 6.8 7.0 7.2 
30446.8 25362.9 62.6 7.3 6.9 7.2 
26207.3 26954.4 54.9 5.2 6.7 6.0 
27152.0 25763.9 55.2 5.2 6.5 6.1 
25750.6 27835.2 62.7 5.5 6.2 5.8 

32781.1 23426.0 59.3 5.8 6.3 6.2 
29365.2 24086.1 61.2 6.4 6.0 6.3 
31985.8 23454.5 70.1 6.2 5.6 6.1 
24179.1 27038.6 57.2 5.7 6.8 6.4 
28759.1 26128.9 58.0 6.3 6.3 6.0 
32442.5 22573.6 62.3 5.9 6.1 6.3 
30309.9 22895.6 61.5 6.4 5.9 6.4 
33387.2 21383.1 62.5 5.9 6.0 6.4 

29365.2 24086.1 61.2 6.4 6.0 6.3 
31836.4 24616.5 59.1 5.8 6.4 6.1 
31270.0 27091.6 73.3 6.5 5.7 6.4 
30137.7 29615.8 57.4 5.6 6.5 6.4 
30514.9 25126.4 57.1 5.4 6.2 6.2 
31459.6 23935.9 57.4 5.3 6.1 6.4 
32442.5 22573.6 62.3 5.9 6.1 6.3 
24074.7 27276.3 54.1 5.7 6.4 6.1 
33387.2 21383.1 62.5 5.9 6.0 6.4 

31836.4 24616.5 59.1 5.8 6.4 6.1 
29365.2 24086.1 61.2 6.4 6.0 6.3 
31270.0 27091.6 73.3 6.5 5.7 6.4 
30414.3 22657.9 64.6 6.4 6.3 6.7 
28759.1 26128.9 58.0 6.3 6.3 6.0 
32442.5 22573.6 62.3 5.9 6.1 6.3 
30309.9 22895.6 61.5 6.4 5.9 6.4 
32090.2 23216.8 73.2 6.2 6.0 6.4 
33387.2 21383.1 62.5 5.9 6.0 6.4 
32885.5 23188.3 62.4 5.8 6.7 6.5 
29594.1 26532.7 64.7 6.7 6.0 6.7 

28284.3 23239.6 71.1 6.1 5.8 6.1 
29079.6 23211.1 60.3 5.8 6.4 6.2 
29685.7 21168.3 63.5 5.9 6.1 6.5 
29685.7 21168.3 63.5 5.9 6.1 6.4 
26608.4 22680.8 62.5 6.3 6.0 6.4 

32781.1 23426.0 59.3 5.8 6.3 6.2 
31270.0 27091.6 73.3 6.5 5.7 6.4 
28519.2 27915.6 57.4 6.7 7.0 7.1 
30446.8 25362.9 62.6 7.2 6.9 7.2 
30514.9 25126.4 57.1 5.4 6.2 6.2 
30137.7 29615.8 57.3 5.6 6.5 6.4 
31459.6 23935.9 57.4 5.3 6.1 6.4 
31836.4 24616.4 59.1 5.8 6.4 6.1 
32442.5 22573.6 62.3 5.9 6.1 6.3 
30743.8 27573.0 60.6 5.7 6.2 6.6 
29113.4 27197.7 64.7 5.6 5.9 5.9 
33387.2 21383.1 62.5 5.9 6.0 6.4 

30435.0 26687.8 66.6 6.1 6.1 5.7 
29365.2 24086.1 61.2 6.4 6.0 6.3 
31270.0 27091.6 73.3 6.5 5.7 6.4 
28507.4 29240.5 61.5 5.6 6.2 5.7 
27437.5 26638.8 56.1 5.8 6.1 6.2 
32442.5 22573.6 62.3 5.9 6.1 6.3 
30743.8 27573.0 60.6 5.7 6.2 6.6 
28736.3 31687.1 64.9 5.9 6.2 6.1 
31484.1 25259.6 70.0 6.1 6.3 6.2 
29342.4 29644.3 68.1 5.9 5.8 6.3 
29594.1 26532.7 64.7 6.7 6.0 6.7 

26436.2 29400.9 58.3 5.6 6.6 6.4 
31270.0 27091.6 73.3 6.5 5.7 6.4 
28988.0 28575.5 61.5 6.6 6.3 6.4 
29703.8 24938.4 58.3 6.3 6.2 6.2 
30651.8 27593.6 58.2 6.2 7.2 7.0 
28363.8 26848.2 63.5 6.1 6.5 6.5 
33387.2 21383.1 62.5 5.9 6.0 6.4 
32671.4 25020.2 65.7 6.2 6.1 6.7 
29342.4 29644.3 68.1 5.9 5.8 6.3 

32781.1 23426.0 59.3 5.8 6.3 6.2 
31270.0 27091.6 73.3 6.5 5.7 6.4 
30663.9 29134.4 70.1 6.4 6.1 6.2 
26733.5 26472.9 67.6 6.1 6.2 5.8 
25057.6 25914.1 59.0 6.3 6.5 6.1 
31379.7 25497.3 66.9 6.1 5.9 5.9 
28134.9 24401.6 60.1 5.8 6.6 6.1 
26968.4 31148.9 54.0 6.6 7.4 6.7 
26207.3 26954.4 54.9 5.2 6.7 6.0 
31484.1 25259.6 70.0 6.1 6.3 6.2 

29822.9 27420.1 67.9 7.1 6.2 7.2 
30538.7 23783.1 64.7 6.8 6.1 6.9 
33524.1 23850.4 63.6 6.8 7.0 7.2 
27256.4 25526.2 58.3 5.2 6.9 6.4 
29594.0 24973.5 64.4 6.8 6.2 6.8 
34054.5 23449.8 68.5 6.9 6.9 7.4 
32671.3 23461.1 65.5 6.3 6.3 6.8 
32900.2 25907.7 68.9 6.6 6.3 7.2 
26121.4 27205.3 68.9 7.1 6.3 7.2 
26335.5 25373.4 65.6 6.6 6.9 7.0 
29216.8 29463.0 64.7 7.0 6.5 7.0 
29412.8 23860.9 66.6 6.2 7.0 7.0 

28284.3 23239.6 71.1 6.1 5.8 6.1 
26356.6 25792.4 65.9 5.6 5.9 6.1 
25640.9 29429.5 69.1 5.9 6.0 6.4 
29079.6 23211.1 60.3 5.8 6.4 6.2 
27758.1 23721.0 58.4 5.3 6.2 6.4 
29685.7 21168.3 63.5 5.9 6.1 6.4 
27678.2 25282.5 67.9 6.1 6.1 5.9 
27913.1 29958.4 54.2 6.6 7.3 6.9 

32781.1 23426.0 59.3 5.8 6.3 6.2 
29079.6 23211.1 60.3 5.8 6.4 6.2 
30853.5 25978.7 54.2 5.3 6.4 6.1 
29685.7 21168.3 63.5 5.9 6.1 6.5 
24074.7 27276.3 54.1 5.7 6.4 6.1 
26002.3 24723.6 59.3 6.3 6.3 6.2 
33387.2 21383.1 62.5 5.9 6.0 6.4 

29079.6 23211.1 60.3 5.8 6.4 6.2 
31459.6 23935.9 57.4 5.3 6.1 6.4 
30743.8 27573.0 60.6 5.7 6.2 6.6 
26002.3 24723.6 59.3 6.3 6.3 6.2 
33387.2 21383.1 62.5 5.9 6.0 6.4 
27152.0 25763.9 55.2 5.2 6.5 6.1 
25750.6 27835.2 62.7 5.5 6.2 5.8 

27803.4 31552.7 60.6 7.0 7.1 7.4 
29685.7 21168.3 63.5 5.9 6.1 6.5 
29502.1 26553.4 62.3 7.3 7.0 7.0 
27197.3 33595.5 57.4 7.0 7.4 7.1 

32628.2 29367.4 65.4 7.1 7.0 7.1 
32579.4 25040.9 63.3 6.8 7.1 7.0 
33524.1 23850.4 63.6 6.8 7.0 7.2 
30551.2 25125.2 65.7 7.3 7.3 7.4 
33234.3 27324.6 68.6 7.2 6.6 7.4 
33344.0 25730.3 62.2 6.8 6.8 6.9 
29731.0 29000.0 65.7 7.6 7.0 7.4 
30157.0 28837.0 67.5 7.7 6.5 7.4 
30551.2 25125.2 65.7 7.2 7.3 7.4 
30880.7 30040.2 61.6 6.6 7.2 7.4 
27197.3 33595.5 57.4 7.0 7.4 7.1 

32781.1 23426.0 59.3 5.8 6.3 6.2 
31985.8 23454.5 70.1 6.2 5.6 6.1 
31459.6 23935.9 57.4 5.3 6.1 6.4 
28382.2 25448.3 56.3 5.8 6.0 6.3 
30309.9 22895.6 61.5 6.4 5.9 6.4 
27197.3 33595.5 57.4 7.0 7.4 7.1 
33387.2 21383.1 62.5 5.9 6.0 6.4 
27913.1 29958.4 54.2 6.6 7.3 6.9 

32781.1 23426.0 59.3 5.8 6.3 6.2 
28134.9 24401.6 60.0 5.8 6.6 6.1 
31985.8 23454.5 70.1 6.2 5.6 6.1 
25057.6 25914.1 59.0 6.3 6.5 6.1 
26608.4 22680.8 62.5 6.3 6.0 6.4 
32442.5 22573.6 62.3 5.9 6.1 6.3 
30058.1 26007.2 64.9 5.6 5.7 6.1 
30309.9 22895.6 61.5 6.4 5.9 6.4 
26002.3 24723.6 59.3 6.3 6.3 6.2 
33387.2 21383.1 62.5 5.9 6.0 6.4 

30700.6 31920.1 60.2 6.6 7.1 7.1 
29928.0 26390.5 64.1 7.4 6.6 6.9 
30990.4 28446.0 55.2 6.1 7.4 6.9 
27394.3 30986.0 55.7 6.8 7.0 6.6 
28896.0 28596.2 59.1 7.2 7.3 6.8 
31973.4 27083.7 60.1 6.7 7.4 6.8 
29322.0 28433.3 60.9 7.3 6.9 6.7 
30274.6 32083.1 58.4 6.5 7.5 7.2 
28000.4 28943.2 58.9 6.8 6.7 6.9 
32399.3 26920.8 61.9 6.8 7.0 6.7 

27666.5 29085.4 59.5 6.2 6.1 6.6 
30853.5 25978.7 54.2 5.3 6.4 6.1 
32442.5 22573.6 62.3 5.9 6.1 6.3 
30743.8 27573.0 60.6 5.7 6.2 6.6 
29113.4 27197.7 64.7 5.6 5.9 5.9 
27152.0 25763.9 55.2 5.2 6.5 6.1 
33387.2 21383.1 62.5 5.9 6.0 6.4 
29342.4 29644.3 68.1 5.9 5.8 6.3 

31270.0 27091.6 73.3 6.5 5.7 6.4 
31985.8 23454.5 70.1 6.2 5.6 6.1 
30414.3 22657.9 64.6 6.4 6.3 6.7 
28759.1 26128.9 58.0 6.3 6.3 6.0 
31041.1 24645.0 69.8 6.2 5.8 6.0 
29594.1 26532.7 64.7 6.7 6.0 6.7 
31836.4 24616.5 59.1 5.8 6.4 6.1 
30514.9 25126.4 57.1 5.4 6.2 6.2 
32442.5 22573.6 62.3 5.9 6.1 6.3 
30743.8 27573.0 60.6 5.7 6.2 6.6 
31564.0 23698.2 60.5 5.3 6.5 6.6 
33491.6 21145.5 65.6 5.9 6.4 6.7 
33387.2 21383.1 62.5 5.9 6.0 6.4 

27623.3 33432.6 59.2 7.1 7.0 7.0 
29928.0 26390.5 64.1 7.4 6.6 6.9 
30137.7 29615.8 57.4 5.6 6.5 6.4 
29502.1 26553.4 62.3 7.3 7.0 7.0 
28229.3 31389.8 62.4 7.1 6.6 7.3 
28945.1 27752.7 59.2 6.8 6.5 7.0 
30977.1 24962.3 67.5 7.4 6.8 7.4 
27197.3 33595.5 57.4 7.0 7.4 7.1 
29049.5 27515.0 62.3 6.8 6.9 7.3 

33022.5 25655.6 63.5 6.7 7.7 7.2 
32918.0 25893.3 60.4 6.7 7.3 6.9 
32202.3 29530.3 63.6 7.0 7.4 7.2 
29731.0 29000.0 65.7 7.6 7.0 7.4 
29124.9 31042.8 62.5 7.5 7.3 7.2 
32808.4 27487.5 66.8 7.1 7.1 7.5 

27623.3 33432.6 59.2 7.1 7.0 7.0 
31094.8 28208.3 58.3 6.2 7.8 7.1 
30700.6 31920.1 60.2 6.6 7.1 7.1 
33344.0 25730.3 62.2 6.8 6.8 6.9 
32918.0 25893.3 60.4 6.7 7.3 6.9 
30274.6 32083.1 58.4 6.5 7.5 7.1 
31077.7 27430.7 60.0 6.4 6.8 6.9 
30274.6 32083.1 58.4 6.5 7.5 7.2 

23736.0 26424.0 57.1 5.8 6.2 6.2 
28741.0 22358.8 63.3 5.9 6.2 6.3 
28741.0 22358.8 63.2 5.9 6.2 6.3 
25057.6 25914.1 59.0 6.3 6.5 6.1 
23130.0 28466.8 53.9 5.7 6.6 6.0 
26813.4 24911.5 58.1 5.3 6.3 6.2 
32671.4 25020.2 65.7 6.2 6.1 6.7 

33950.1 23687.5 65.4 6.9 6.5 7.1 
33524.1 23850.4 63.6 6.8 7.0 7.2 
33234.3 27324.6 68.6 7.2 6.6 7.4 
33344.0 25730.3 62.2 6.8 6.8 6.9 
30880.7 30040.2 61.6 6.6 7.2 7.4 
31700.9 26165.5 61.5 6.2 7.4 7.4 
33005.4 24878.0 65.1 6.9 6.7 6.9 
33628.5 23612.7 66.7 6.8 7.3 7.5 

29079.6 23211.1 60.3 5.8 6.4 6.2 
26002.3 24723.6 59.3 6.3 6.3 6.2 
27152.0 25763.9 55.2 5.2 6.5 6.1 
25750.6 27835.2 62.7 5.5 6.2 5.8 

32781.1 23426.0 59.3 5.8 6.3 6.2 
29365.2 24086.1 61.2 6.4 6.0 6.3 
28988.0 28575.5 61.5 6.6 6.3 6.4 
31270.0 27091.6 73.3 6.5 5.7 6.4 
29079.6 23211.1 60.3 5.8 6.4 6.2 
27666.5 29085.4 59.5 6.2 6.1 6.6 
30663.9 29134.4 70.1 6.4 6.1 6.2 
27060.4 31128.2 56.3 6.1 6.4 6.4 
27574.5 29106.1 57.2 6.7 7.1 6.9 
26002.3 24723.6 59.3 6.3 6.3 6.2 
33387.2 21383.1 62.5 5.9 6.0 6.4 

29365.2 24086.1 61.2 6.4 6.0 6.3 
30514.9 25126.4 57.1 5.4 6.2 6.2 
28382.2 25448.3 56.3 5.8 6.0 6.3 
32442.5 22573.6 62.3 5.9 6.1 6.3 
30743.8 27573.0 60.6 5.7 6.2 6.6 
30058.1 26007.2 64.9 5.6 5.7 6.1 
29113.4 27197.7 64.7 5.6 5.9 5.9 
31041.1 24645.0 69.8 6.2 5.8 6.0 
29342.4 29644.3 68.1 5.9 5.8 6.3 

27666.5 29085.4 59.5 6.2 6.1 6.6 
26207.3 26954.4 54.9 5.3 6.7 6.0 
30514.9 25126.4 57.1 5.4 6.2 6.2 
30743.8 27572.9 60.6 5.7 6.2 6.6 
30137.7 29615.8 57.3 5.6 6.5 6.4 
23130.0 28466.8 53.9 5.7 6.6 6.0 
31459.6 23935.9 57.4 5.3 6.1 6.4 
32442.5 22573.6 62.3 5.9 6.1 6.3 
30743.8 27573.0 60.6 5.7 6.2 6.6 
31041.1 24645.0 69.8 6.2 5.8 6.0 
26831.5 28681.6 52.9 5.8 6.4 6.0 

32781.1 23426.0 59.3 5.8 6.3 6.2 
31459.6 23935.9 57.4 5.3 6.1 6.4 
30743.8 27573.0 60.6 5.7 6.2 6.6 
30058.1 26007.2 64.9 5.6 5.7 6.0 
30058.1 26007.2 64.9 5.6 5.7 6.1 
28736.3 31687.1 64.9 5.9 6.2 6.1 
32090.2 23216.8 73.2 6.2 6.0 6.4 
33387.2 21383.1 62.5 5.9 6.0 6.4 
29342.4 29644.3 68.1 5.9 5.8 6.3 

31596.5 26403.2 58.4 6.2 7.1 7.1 
32918.0 25893.3 60.4 6.7 7.3 6.9 
32548.6 25758.8 72.9 7.2 6.2 6.8 
32022.4 26240.2 60.2 6.3 6.6 7.0 
28229.3 31389.8 62.4 7.1 6.6 7.3 
28945.1 27752.7 59.2 6.8 6.5 7.0 
30446.8 25362.9 62.6 7.3 6.9 7.2 
30872.7 25200.0 64.3 7.4 6.4 7.1 
33387.2 21383.1 62.5 5.9 6.0 6.4 

33950.1 23687.5 65.4 6.9 6.5 7.1 
33524.1 23850.4 63.6 6.8 7.0 7.2 
31832.9 29395.9 76.1 7.5 6.3 7.1 
33005.4 24878.0 65.1 6.9 6.7 7.0 
32918.0 25893.3 60.4 6.7 7.3 6.9 
30446.8 25362.9 62.6 7.3 6.9 7.2 
33005.4 24878.0 65.1 6.9 6.7 6.9 
33628.5 23612.7 66.7 6.8 7.3 7.5 
32399.3 26920.8 61.9 6.8 7.0 6.7 

25640.9 29429.5 69.1 5.9 6.0 6.4 
28741.0 22358.8 63.3 5.9 6.2 6.3 
28741.0 22358.8 63.2 5.9 6.2 6.3 
25411.9 26982.9 65.7 5.6 6.0 5.9 
26813.4 24911.5 58.1 5.3 6.3 6.2 

27758.1 23721.0 58.3 5.3 6.2 6.4 
26356.6 25792.4 65.9 5.6 5.9 6.1 
27758.1 23721.0 58.4 5.3 6.2 6.4 
24680.7 25233.5 57.3 5.8 6.1 6.4 

31270.0 27091.6 73.3 6.5 5.7 6.4 
26207.3 26954.4 54.9 5.2 6.6 6.0 
32442.5 22573.6 62.3 5.9 6.1 6.3 
23358.9 30913.4 57.3 6.0 6.5 6.4 
30309.9 22895.6 61.5 6.4 5.9 6.4 
28736.3 31687.1 64.9 5.9 6.2 6.1 
29113.4 27197.7 64.7 5.6 5.9 5.9 
29342.4 29644.3 68.1 5.9 5.8 6.3 
32885.5 23188.3 62.4 5.8 6.7 6.5 
32671.4 25020.2 65.7 6.2 6.1 6.7 

24805.9 29025.7 62.5 5.5 6.3 5.7 
26207.3 26954.4 54.9 5.3 6.7 6.0 
23130.0 28466.8 53.9 5.7 6.6 6.0 
32442.5 22573.6 62.3 5.9 6.1 6.3 
31041.1 24645.0 69.8 6.2 5.8 6.0 
28736.3 31687.1 64.9 5.9 6.2 6.1 

32579.4 25040.9 63.3 6.8 7.1 7.0 
33524.1 23850.4 63.6 6.8 7.0 7.2 
33344.0 25730.3 62.2 6.8 6.8 6.9 
30446.8 25362.9 62.6 7.3 6.9 7.2 
33005.4 24878.0 65.1 6.9 6.7 6.9 
27152.0 25763.9 55.2 5.2 6.5 6.1 
25750.6 27835.2 62.7 5.5 6.2 5.8 

29365.2 24086.1 61.2 6.4 6.0 6.3 
31270.0 27091.6 73.3 6.5 5.7 6.4 
31942.6 27801.7 69.7 7.1 6.5 6.5 
30414.3 22657.9 64.6 6.4 6.3 6.7 
29908.8 27169.2 53.9 5.3 6.5 6.0 
32442.5 22573.6 62.3 5.9 6.1 6.3 
33491.6 21145.5 65.6 5.9 6.4 6.7 

23736.0 26424.0 57.1 5.8 6.2 6.2 
30045.7 29636.5 55.0 6.2 7.5 6.7 
27758.1 23721.0 58.4 5.3 6.2 6.4 
30514.9 25126.4 57.1 5.4 6.2 6.2 
26968.4 31148.9 53.9 6.7 7.4 6.7 
23965.0 28870.6 60.5 6.1 6.2 6.6 
27042.3 27358.1 61.5 5.6 6.3 6.7 
26968.4 31148.9 54.0 6.6 7.4 6.7 
26813.4 24911.5 58.1 5.3 6.3 6.2 

34089.3 26648.3 61.2 6.5 6.6 7.0 
34695.4 24605.5 64.4 6.6 6.3 7.2 
32767.7 27158.2 59.3 6.1 6.4 7.2 
32052.0 30795.3 62.5 6.4 6.5 7.4 
35845.1 25645.8 60.3 5.6 6.4 7.2 

32781.1 23426.0 59.3 5.8 6.3 6.2 
29365.2 24086.1 61.2 6.4 6.0 6.3 
28611.0 26335.8 59.6 6.2 6.2 6.9 
30286.9 26894.7 68.2 6.0 5.9 6.6 
28759.1 26128.9 58.0 6.3 6.3 6.0 
30309.9 22895.6 61.5 6.4 5.9 6.4 
33387.2 21383.1 62.5 5.9 6.0 6.4 

27758.1 23721.0 58.3 5.3 6.2 6.4 
31985.8 23454.5 70.1 6.2 5.6 6.1 
27758.1 23721.0 58.4 5.3 6.2 6.4 
24680.7 25233.5 57.3 5.8 6.1 6.4 
31459.6 23935.9 57.4 5.3 6.1 6.4 
31379.7 25497.3 66.9 6.1 6.0 5.9 
24074.7 27276.3 54.1 5.7 6.4 6.1 
30058.1 26007.2 64.9 5.6 5.7 6.1 
33387.2 21383.1 62.5 5.9 6.0 6.4 
27152.0 25763.9 55.2 5.2 6.5 6.1 
25750.6 27835.2 62.7 5.5 6.2 5.8 
29342.4 29644.3 68.1 5.9 5.8 6.3 

32781.1 23426.0 59.3 5.8 6.3 6.2 
31270.0 27091.6 73.3 6.5 5.7 6.4 
30137.7 29615.8 57.4 5.6 6.5 6.4 
23130.0 28466.8 53.9 5.7 6.6 6.0 
25663.7 23871.3 62.2 6.4 6.1 6.3 
31564.0 23698.2 60.5 5.3 6.5 6.6 
30309.9 22895.6 61.5 6.4 5.9 6.4 
28134.9 24401.6 60.1 5.8 6.6 6.1 
33491.6 21145.5 65.6 5.9 6.4 6.7 
33387.2 21383.1 62.5 5.9 6.0 6.4 

33950.1 23687.5 65.4 6.9 6.5 7.1 
33524.1 23850.4 63.6 6.8 7.0 7.2 
30800.8 31601.7 71.1 7.3 7.1 6.9 
31306.7 29877.3 63.4 6.7 6.7 7.3 
30157.0 28837.0 67.5 7.7 6.5 7.4 
30274.6 32083.1 58.4 6.5 7.5 7.1 
30446.8 25362.9 62.6 7.3 6.9 7.2 
29124.9 31042.8 62.5 7.5 7.3 7.2 

28988.0 28575.5 61.5 6.6 6.3 6.4 
32065.3 27063.0 62.5 6.2 6.4 6.5 
29502.1 26553.4 62.3 7.3 7.0 7.0 
29184.0 22973.4 63.4 5.8 6.8 6.5 
29594.1 26532.7 64.7 6.7 6.0 6.7 

30957.9 25741.0 57.3 5.3 6.8 6.4 
26106.7 24485.9 62.4 6.3 6.7 6.5 
29790.1 20930.6 66.6 5.9 6.5 6.7 
29184.0 22973.4 63.4 5.8 6.8 6.5 

27758.1 23721.0 58.3 5.3 6.2 6.4 
27758.1 23721.0 58.4 5.3 6.2 6.4 
30743.8 27572.9 60.6 5.7 6.2 6.6 
31459.6 23935.9 57.4 5.3 6.1 6.4 
24680.7 25233.5 57.3 5.8 6.1 6.4 
30743.8 27573.0 60.6 5.7 6.2 6.6 
33387.2 21383.1 62.5 5.9 6.0 6.4 

29365.2 24086.1 61.2 6.4 6.0 6.3 
27758.1 23721.0 58.4 5.3 6.2 6.4 
31459.6 23935.9 57.4 5.3 6.1 6.4 
31379.7 25497.3 66.9 6.1 6.0 5.9 
30058.1 26007.2 64.9 5.6 5.7 6.1 
31041.1 24645.0 69.8 6.2 5.8 6.0 
32885.5 23188.3 62.4 5.8 6.7 6.5 
29342.4 29644.3 68.1 5.9 5.8 6.3 
26207.3 26954.4 54.9 5.3 6.7 6.0 
32442.5 22573.6 62.3 5.9 6.1 6.3 
30743.8 27573.0 60.6 5.7 6.2 6.6 
27042.3 27358.1 61.5 5.6 6.3 6.7 
33491.6 21145.5 65.6 5.9 6.4 6.7 
29452.1 28050.0 61.7 5.5 6.1 5.8 
33387.2 21383.1 62.5 5.9 6.0 6.4 

33106.4 30246.7 58.8 5.8 6.8 6.6 
33712.5 28203.9 62.0 5.9 6.5 6.9 
30011.0 27989.0 63.0 5.8 6.6 6.9 
28134.9 24401.6 60.1 5.8 6.6 6.1 

32781.1 23426.0 59.3 5.8 6.3 6.2 
30743.8 27572.9 60.6 5.7 6.2 6.6 
31459.6 23935.9 57.4 5.3 6.1 6.4 
30743.8 27573.0 60.6 5.7 6.2 6.6 
33387.2 21383.1 62.5 5.9 6.0 6.4 

32781.1 23426.0 59.3 5.8 6.3 6.2 
31459.6 23935.9 57.4 5.3 6.1 6.4 
31836.4 24616.4 59.1 5.8 6.4 6.1 
27437.5 26638.8 56.1 5.8 6.1 6.2 
30309.9 22895.6 61.5 6.4 5.9 6.4 
30137.7 29615.8 57.4 5.6 6.5 6.4 
27666.5 29085.4 59.5 6.2 6.1 6.6 
27060.4 31128.2 56.3 6.1 6.4 6.4 
30514.9 25126.4 57.1 5.4 6.2 6.2 
30137.7 29615.8 57.3 5.6 6.5 6.4 
29908.8 27169.2 53.9 5.3 6.5 6.0 
27776.2 27491.1 53.1 5.8 6.3 6.1 
29113.4 27197.7 64.7 5.6 5.9 5.9 
26207.3 26954.4 54.9 5.2 6.7 6.0 
33387.2 21383.1 62.5 5.9 6.0 6.4 

34917.4 26994.4 62.9 6.5 6.6 7.0 
28343.6 30522.7 58.5 5.9 7.0 6.8 
28138.6 28292.0 62.8 6.9 6.7 7.0 
25266.3 32035.2 57.4 6.4 6.9 6.8 
31215.9 26779.5 63.9 6.4 6.8 7.0 

32781.1 23426.0 59.3 5.8 6.3 6.2 
28988.0 28575.5 61.5 6.6 6.3 6.4 
30137.7 29615.8 57.4 5.6 6.5 6.4 
30514.9 25126.4 57.1 5.4 6.2 6.2 
29502.1 26553.4 62.3 7.3 7.0 7.0 
31379.7 25497.3 66.9 6.1 6.0 5.9 
33387.2 21383.1 62.5 5.9 6.0 6.4 

29365.2 24086.1 61.2 6.4 6.0 6.3 
31985.8 23454.5 70.1 6.2 5.6 6.1 
31836.4 24616.4 59.1 5.8 6.4 6.1 
32442.5 22573.6 62.3 5.9 6.1 6.3 
30058.1 26007.2 64.9 5.6 5.7 6.0 
30309.9 22895.6 61.5 6.4 5.9 6.4 
29342.4 29644.3 68.1 5.9 5.8 6.3 
33387.2 21383.1 62.5 5.9 6.0 6.4 

30435.0 26687.8 66.6 6.1 6.1 5.7 
29365.2 24086.1 61.2 6.4 6.0 6.3 
29840.7 27405.7 59.4 7.2 7.2 6.9 
31985.8 23454.5 70.1 6.2 5.6 6.1 
32442.5 22573.6 62.3 5.9 6.1 6.3 
31379.7 25497.3 66.9 6.1 5.9 5.9 
31041.1 24645.0 69.8 6.2 5.8 6.0 
33387.2 21383.1 62.5 5.9 6.0 6.4 

24805.9 29025.7 62.5 5.5 6.3 5.7 
25855.0 27597.5 65.8 5.5 6.6 6.1 
26207.3 26954.4 54.9 5.3 6.7 6.0 
24179.1 27038.6 57.2 5.7 6.8 6.4 
27256.4 25526.2 58.3 5.2 6.9 6.4 
23130.0 28466.8 53.9 5.7 6.6 6.0 
26207.3 26954.4 54.9 5.2 6.7 6.0 

32781.1 23426.0 59.3 5.8 6.3 6.2 
28134.9 24401.6 60.0 5.8 6.6 6.1 
26733.5 26472.9 67.6 6.1 6.2 5.8 
31459.6 23935.9 57.4 5.3 6.1 6.4 
23130.0 28466.8 53.9 5.7 6.6 6.0 
31836.4 24616.4 59.1 5.8 6.4 6.1 
24074.7 27276.3 54.1 5.7 6.4 6.1 
30058.1 26007.2 64.9 5.6 5.7 6.1 
26207.3 26954.4 54.9 5.3 6.7 6.0 
27666.5 29085.4 59.5 6.2 6.1 6.6 
28741.0 22358.8 63.2 5.9 6.2 6.3 
27060.4 31128.2 56.3 6.1 6.4 6.4 
30743.8 27573.0 60.6 5.7 6.2 6.6 
29703.8 24938.4 58.3 6.3 6.2 6.2 
28134.9 24401.6 60.1 5.8 6.6 6.1 
33387.2 21383.1 62.5 5.9 6.0 6.4 

32781.1 23426.0 59.3 5.8 6.3 6.2 
27758.1 23721.0 58.4 5.3 6.2 6.4 
25411.9 26982.9 65.7 5.6 6.0 5.9 
34865.6 25530.7 76.4 6.3 6.1 6.4 
34865.7 25530.7 76.4 6.3 6.1 6.4 
32671.4 25020.2 65.7 6.2 6.1 6.7 
33387.2 21383.1 62.5 5.9 6.0 6.4 

31836.4 24616.5 59.1 5.8 6.4 6.1 
29928.0 26390.5 64.1 7.4 6.6 6.9 
30743.8 27572.9 60.6 5.7 6.2 6.6 
29731.0 29000.0 65.7 7.6 7.0 7.4 
30157.0 28837.0 67.5 7.7 6.5 7.4 
30274.6 32083.1 58.4 6.5 7.5 7.1 
30274.6 32083.1 58.4 6.5 7.5 7.2 
30446.8 25362.9 62.6 7.3 6.9 7.2 
30743.8 27573.0 60.6 5.7 6.2 6.6 

29365.2 24086.1 61.2 6.4 6.0 6.3 
28486.7 25210.6 59.4 5.8 6.4 6.6 
31459.6 23935.9 57.4 5.3 6.1 6.4 
27776.1 27491.1 53.1 5.8 6.3 6.1 
28759.1 26128.9 58.0 6.3 6.3 6.0 
30309.9 22895.6 61.5 6.4 5.9 6.4 
31836.4 24616.5 59.1 5.8 6.4 6.1 
30137.7 29615.8 57.4 5.6 6.5 6.4 
27666.5 29085.4 59.5 6.2 6.1 6.6 
27060.4 31128.2 56.3 6.1 6.4 6.4 
27880.6 27253.5 56.3 5.8 6.7 6.4 
30137.7 29615.8 57.3 5.6 6.5 6.4 
29908.8 27169.2 53.9 5.3 6.5 6.0 
27776.2 27491.1 53.1 5.8 6.3 6.1 
27666.5 29085.4 59.5 6.1 6.1 6.6 
32442.5 22573.6 62.3 5.9 6.1 6.3 
31564.0 23698.2 60.5 5.3 6.5 6.6 
33387.2 21383.1 62.5 5.9 6.0 6.4 

30514.9 25126.4 57.1 5.4 6.2 6.2 
27437.5 26638.8 56.1 5.8 6.1 6.2 
32442.5 22573.6 62.3 5.9 6.1 6.3 
29790.1 20930.6 66.6 5.9 6.5 6.7 
27913.1 29958.4 54.2 6.6 7.3 6.9 

24805.9 29025.7 62.5 5.5 6.3 5.7 
31270.0 27091.6 73.3 6.5 5.7 6.4 
26207.3 26954.4 54.9 5.3 6.6 6.0 
27666.5 29085.4 59.5 6.2 6.1 6.6 
26207.3 26954.4 54.9 5.2 6.6 6.0 
26207.3 26954.4 54.9 5.3 6.7 6.0 
23130.0 28466.8 53.9 5.7 6.6 6.0 
32442.5 22573.6 62.3 5.9 6.1 6.3 

24680.7 25233.5 57.3 5.8 6.1 6.4 
31836.4 24616.4 59.1 5.8 6.4 6.1 
32442.5 22573.6 62.3 5.9 6.1 6.3 
24074.7 27276.3 54.1 5.7 6.4 6.1 
27152.0 25763.9 55.2 5.2 6.5 6.1 

25892.6 26317.8 65.7 6.7 6.1 6.7 
29079.6 23211.1 60.3 5.8 6.4 6.2 
25057.6 25914.1 59.0 6.3 6.5 6.1 
25286.5 28360.7 62.5 6.6 6.4 6.5 
25663.7 23871.3 62.2 6.4 6.1 6.3 
26002.3 24723.6 59.3 6.3 6.3 6.2 
27678.2 25282.5 67.9 6.1 6.1 5.9 
30651.8 27593.6 58.2 6.2 7.2 7.0 
28363.8 26848.2 63.5 6.1 6.5 6.5 

32781.1 23426.0 59.3 5.8 6.3 6.2 
30957.9 25741.0 57.3 5.3 6.8 6.4 
30853.5 25978.7 54.2 5.3 6.4 6.1 
31459.6 23935.9 57.4 5.3 6.1 6.4 
31564.0 23698.2 60.5 5.3 6.4 6.6 
30058.1 26007.2 64.9 5.6 5.7 6.1 
33491.6 21145.5 65.6 5.9 6.4 6.7 
33387.2 21383.1 62.5 5.9 6.0 6.4 
29342.4 29644.3 68.1 5.9 5.8 6.3 
32885.5 23188.3 62.4 5.8 6.7 6.5 

31836.4 24616.5 59.1 5.8 6.4 6.1 
31379.7 25497.3 66.9 6.1 6.0 5.9 
32442.5 22573.6 62.3 5.9 6.1 6.3 
33387.2 21383.1 62.5 5.9 6.0 6.4 

32781.1 23426.0 59.3 5.8 6.3 6.2 
28988.0 28575.5 61.5 6.6 6.3 6.5 
27060.4 31128.2 56.3 6.1 6.4 6.4 
26608.4 22680.8 62.5 6.3 6.0 6.4 
30743.8 27573.0 60.6 5.7 6.2 6.6 
29703.8 24938.4 58.3 6.3 6.2 6.2 
26002.3 24723.6 59.3 6.3 6.3 6.2 
29594.1 26532.7 64.7 6.7 6.0 6.7 
33387.2 21383.1 62.5 5.9 6.0 6.4 

29079.6 23211.1 60.3 5.8 6.4 6.2 
30621.0 28311.6 67.8 6.6 6.3 6.7 
24074.7 27276.3 54.1 5.7 6.4 6.1 
32548.6 25758.8 72.9 7.1 6.2 6.8 

28988.0 28575.5 61.5 6.6 6.3 6.4 
26207.3 26954.4 54.9 5.3 6.7 6.0 
26207.3 26954.4 54.9 5.2 6.6 6.0 
30514.9 25126.4 57.1 5.4 6.2 6.2 
25411.9 26982.9 65.7 5.6 6.0 5.9 
28759.1 26128.9 58.0 6.3 6.3 6.0 
32442.5 22573.6 62.3 5.9 6.1 6.3 
26813.4 24911.5 58.1 5.3 6.3 6.2 

23736.0 26424.0 57.1 5.8 6.2 6.2 
29365.2 24086.1 61.2 6.4 6.0 6.3 
31270.0 27091.6 73.3 6.5 5.7 6.4 
30514.9 25126.4 57.1 5.4 6.2 6.2 
23130.0 28466.8 53.9 5.7 6.6 6.0 
32442.5 22573.6 62.3 5.9 6.1 6.3 
31041.1 24645.0 69.8 6.2 5.8 6.0 
33387.2 21383.1 62.5 5.9 6.0 6.4 

29365.2 24086.1 61.2 6.4 6.0 6.3 
32442.5 22573.6 62.3 5.9 6.1 6.3 
32671.4 25020.2 65.7 6.2 6.1 6.7 

30435.0 26687.8 66.6 6.1 6.1 5.7 
32781.1 23426.0 59.3 5.8 6.3 6.2 
27666.5 29085.4 59.5 6.2 6.1 6.6 
31459.6 23935.9 57.4 5.3 6.1 6.4 
30743.8 27573.0 60.6 5.7 6.2 6.6 
30058.1 26007.2 64.9 5.6 5.7 6.1 
33387.2 21383.1 62.5 5.9 6.0 6.4 
29342.4 29644.3 68.1 5.9 5.8 6.3 

29685.7 21168.3 63.5 5.9 6.1 6.5 
29685.7 21168.3 63.5 5.9 6.1 6.4 
26608.4 22680.8 62.5 6.3 6.0 6.4 
23358.9 30913.4 57.3 6.0 6.5 6.4 
24785.1 24995.8 60.4 5.8 6.5 6.6 
27913.1 29958.4 54.2 6.6 7.3 6.9 

26733.5 26473.0 67.6 6.1 6.2 5.8 
26207.3 26954.4 54.9 5.3 6.7 6.0 
26733.5 26472.9 67.6 6.1 6.2 5.8 
25057.6 25914.1 59.0 6.3 6.5 6.1 
30309.9 22895.6 61.5 6.4 5.9 6.4 
28134.9 24401.6 60.1 5.8 6.6 6.1 
24785.1 24995.8 60.4 5.8 6.5 6.6 
24785.2 24995.8 60.4 5.8 6.5 6.6 

28284.3 23239.6 71.1 6.1 5.8 6.1 
28741.0 22358.8 63.3 5.9 6.2 6.3 
28134.9 24401.6 60.0 5.8 6.6 6.1 
27758.1 23721.0 58.4 5.3 6.2 6.4 
28741.0 22358.8 63.2 5.9 6.2 6.3 
29685.7 21168.3 63.5 5.9 6.1 6.4 
25057.6 25914.1 59.0 6.3 6.5 6.1 
23130.0 28466.8 53.9 5.7 6.6 6.0 
27042.3 27358.1 61.5 5.6 6.3 6.7 
28134.9 24401.6 60.1 5.8 6.6 6.1 
27152.0 25763.9 55.2 5.2 6.5 6.1 

33700.3 27266.6 64.0 6.0 6.8 7.4 
26101.3 32439.0 64.1 6.8 6.6 7.4 
34122.1 27022.9 73.6 6.8 6.0 6.9 
31822.0 24736.7 67.1 6.5 6.4 7.2 
33595.9 27504.3 60.9 6.0 6.4 7.1 
29288.3 29332.3 58.7 5.9 6.9 6.9 
29894.4 27289.4 61.9 6.0 6.5 7.2 
28744.7 26249.2 66.0 7.0 6.4 7.2 
28493.0 29360.8 69.5 6.2 6.2 6.8 
26817.1 28801.9 60.9 6.4 6.4 7.1 
35523.5 24951.5 66.1 6.6 6.3 7.2 

32781.1 23426.0 59.3 5.8 6.3 6.2 
31270.0 27091.6 73.3 6.5 5.7 6.4 
30137.7 29615.8 57.4 5.6 6.5 6.4 
32442.5 22573.6 62.3 5.9 6.1 6.3 
33491.6 21145.5 65.6 5.9 6.4 6.7 
32671.4 25020.2 65.7 6.2 6.1 6.7 
33387.2 21383.1 62.5 5.9 6.0 6.4 

24805.9 29025.7 62.5 5.5 6.3 5.7 
29079.6 23211.1 60.3 5.8 6.4 6.2 
26207.3 26954.4 54.9 5.3 6.7 6.0 
26002.3 24723.6 59.3 6.3 6.3 6.2 
26207.3 26954.4 54.9 5.2 6.7 6.0 

32781.1 23426.0 59.3 5.8 6.3 6.2 
30137.7 29615.8 57.4 5.6 6.5 6.4 
27666.5 29085.4 59.5 6.2 6.1 6.6 
27060.4 31128.2 56.3 6.1 6.4 6.4 
31459.6 23935.9 57.4 5.3 6.1 6.4 
32442.5 22573.6 62.3 5.9 6.1 6.3 
33491.6 21145.5 65.6 5.9 6.4 6.7 
31041.1 24645.0 69.8 6.2 5.8 6.0 
33387.2 21383.1 62.5 5.9 6.0 6.4 

32122.7 25921.8 71.2 7.0 6.6 6.9 
33524.1 23850.4 63.6 6.8 7.0 7.2 
30195.1 28474.5 66.0 6.5 6.7 6.8 
31226.8 31438.7 72.9 7.4 6.6 6.8 

30435.0 26687.8 66.6 6.1 6.1 5.7 
31836.4 24616.5 59.1 5.8 6.4 6.1 
27666.5 29085.4 59.5 6.2 6.1 6.6 
31459.6 23935.9 57.4 5.3 6.1 6.4 
30414.3 22657.9 64.6 6.4 6.3 6.7 
31836.4 24616.4 59.1 5.8 6.4 6.1 
27437.5 26638.8 56.1 5.8 6.1 6.2 
32442.5 22573.6 62.3 5.9 6.1 6.3 
33387.2 21383.1 62.5 5.9 6.0 6.4 

26356.6 25792.4 65.9 5.6 5.9 6.1 
27758.1 23721.0 58.4 5.3 6.2 6.4 
24680.7 25233.5 57.3 5.8 6.1 6.4 
29184.0 22973.4 63.4 5.8 6.8 6.5 

30371.1 27005.1 64.3 7.3 7.1 7.1 
30551.2 25125.2 65.7 7.3 7.3 7.4 
29945.1 27168.0 62.5 7.2 7.6 7.2 
30551.2 25125.2 65.7 7.2 7.3 7.4 

27803.4 31552.7 60.6 7.0 7.1 7.4 
32781.1 23426.0 59.3 5.8 6.3 6.2 
32065.3 27063.0 62.5 6.2 6.4 6.5 
28229.3 31389.8 62.4 7.1 6.6 7.3 
30309.9 22895.6 61.5 6.4 5.9 6.4 
33491.6 21145.5 65.6 5.9 6.4 6.7 
27197.3 33595.5 57.4 7.0 7.4 7.1 
32671.4 25020.2 65.7 6.2 6.1 6.7 
33387.2 21383.1 62.5 5.9 6.0 6.4 

30514.9 25126.4 57.1 5.4 6.2 6.2 
31459.6 23935.9 57.4 5.3 6.1 6.4 
30414.3 22657.9 64.6 6.4 6.3 6.7 
29908.8 27169.2 53.9 5.3 6.5 6.0 
28382.2 25448.3 56.3 5.8 6.0 6.3 
27666.5 29085.4 59.5 6.1 6.1 6.6 
30743.8 27573.0 60.6 5.7 6.2 6.6 

32781.1 23426.0 59.3 5.8 6.3 6.2 
31270.0 27091.6 73.3 6.5 5.7 6.4 
27758.1 23721.0 58.3 5.3 6.2 6.4 
27758.1 23721.0 58.4 5.3 6.2 6.4 
31985.8 23454.5 70.1 6.2 5.6 6.1 
29685.7 21168.3 63.5 5.9 6.1 6.4 
24680.7 25233.5 57.3 5.8 6.1 6.4 
30743.8 27573.0 60.6 5.7 6.2 6.6 
33387.2 21383.1 62.5 5.9 6.0 6.4 
29594.1 26532.7 64.7 6.7 6.0 6.7 
27152.0 25763.9 55.2 5.2 6.5 6.1 

30435.0 26687.8 66.6 6.1 6.1 5.7 
29365.2 24086.1 61.2 6.4 6.0 6.3 
31270.0 27091.6 73.3 6.5 5.7 6.4 
30137.7 29615.8 57.4 5.6 6.5 6.4 
30663.9 29134.4 70.1 6.4 6.1 6.2 
28759.1 26128.9 58.0 6.3 6.3 6.0 
27437.5 26638.8 56.1 5.8 6.1 6.2 
31836.4 24616.4 59.1 5.8 6.4 6.1 
32442.5 22573.6 62.3 5.9 6.1 6.3 
26831.5 28681.6 52.9 5.8 6.4 6.0 
33387.2 21383.1 62.5 5.9 6.0 6.4 

27666.5 29085.4 59.5 6.2 6.1 6.6 
27437.5 26638.8 56.1 5.8 6.1 6.2 
33387.2 21383.1 62.5 5.9 6.0 6.4 

23736.0 26424.0 57.1 5.8 6.2 6.2 
26207.3 26954.4 54.9 5.3 6.7 6.0 
28741.0 22358.8 63.3 5.9 6.2 6.3 
31459.6 23935.9 57.4 5.3 6.1 6.4 
23130.0 28466.8 53.9 5.7 6.6 6.0 
31379.7 25497.3 66.9 6.1 5.9 5.9 
30309.9 22895.6 61.5 6.4 5.9 6.4 
26813.4 24911.5 58.1 5.3 6.3 6.2 
33387.2 21383.1 62.5 5.9 6.0 6.4 

29079.6 23211.1 60.3 5.8 6.4 6.2 
27060.4 31128.2 56.3 6.1 6.4 6.4 
29685.7 21168.3 63.5 5.9 6.1 6.5 
29685.7 21168.3 63.5 5.9 6.1 6.4 
26608.4 22680.8 62.5 6.3 6.0 6.4 
29685.7 21168.3 63.5 5.8 6.1 6.5 
27152.0 25763.9 55.2 5.2 6.5 6.1 

32781.1 23426.0 59.3 5.8 6.3 6.2 
31985.8 23454.5 70.1 6.2 5.6 6.1 
27060.4 31128.2 56.3 6.1 6.4 6.4 
30853.5 25978.7 54.2 5.3 6.4 6.1 
31459.6 23935.9 57.4 5.3 6.1 6.4 
31379.7 25497.3 66.9 6.1 6.0 5.9 
28382.2 25448.3 56.3 5.8 6.0 6.3 
30743.8 27573.0 60.6 5.7 6.2 6.6 
33387.2 21383.1 62.5 5.9 6.0 6.4 

26207.3 26954.4 54.9 5.3 6.7 6.0 
30514.9 25126.4 57.1 5.4 6.2 6.2 
23130.0 28466.8 53.9 5.7 6.6 6.0 
30414.3 22657.9 64.6 6.4 6.3 6.7 
29908.8 27169.2 53.9 5.3 6.5 6.0 
33387.2 21383.1 62.5 5.9 6.0 6.4 
32671.4 25020.2 65.7 6.2 6.1 6.7 

32781.1 23426.0 59.3 5.8 6.3 6.2 
31459.6 23935.9 57.4 5.3 6.1 6.4 
24074.7 27276.3 54.1 5.7 6.4 6.1 
30743.8 27573.0 60.6 5.7 6.2 6.6 
33387.2 21383.1 62.5 5.9 6.0 6.4 
27152.0 25763.9 55.2 5.2 6.5 6.1 
25750.6 27835.2 62.7 5.5 6.2 5.8 

33524.1 23850.4 63.6 6.8 7.0 7.2 
32122.7 25921.8 71.1 7.0 6.6 6.9 
32918.0 25893.3 60.4 6.7 7.3 6.9 
28229.3 31389.8 62.4 7.1 6.6 7.3 

32781.1 23426.0 59.3 5.8 6.3 6.2 
31836.4 24616.5 59.1 5.8 6.4 6.1 
29365.2 24086.1 61.2 6.4 6.0 6.3 
28988.0 28575.5 61.5 6.6 6.3 6.4 
30137.7 29615.8 57.4 5.6 6.5 6.4 
26207.3 26954.4 54.9 5.3 6.7 6.0 
30663.9 29134.4 70.1 6.4 6.1 6.2 
31459.6 23935.9 57.4 5.3 6.1 6.4 
32442.5 22573.6 62.3 5.9 6.1 6.3 
27152.0 25763.9 55.2 5.2 6.5 6.1 
33387.2 21383.1 62.5 5.9 6.0 6.4 

32781.1 23426.0 59.3 5.8 6.3 6.2 
31270.0 27091.6 73.3 6.5 5.7 6.4 
31459.6 23935.9 57.4 5.3 6.1 6.4 
28759.1 26128.9 58.0 6.3 6.3 6.0 
26831.5 28681.6 52.9 5.8 6.4 6.0 
26436.2 29400.9 58.3 5.6 6.6 6.4 
27666.5 29085.4 59.5 6.2 6.1 6.6 
27060.4 31128.2 56.3 6.1 6.4 6.4 
30137.7 29615.8 57.3 5.6 6.5 6.4 
27776.2 27491.1 53.1 5.8 6.3 6.1 
29908.8 27169.2 53.9 5.3 6.5 6.0 
30743.8 27573.0 60.6 5.7 6.2 6.6 
31564.0 23698.2 60.5 5.3 6.5 6.6 

32781.1 23426.0 59.3 5.8 6.3 6.2 
31985.8 23454.5 70.1 6.2 5.6 6.1 
31459.6 23935.9 57.4 5.3 6.1 6.4 
30309.9 22895.6 61.5 6.4 5.9 6.4 
33387.2 21383.1 62.5 5.9 6.0 6.4 

27986.9 24608.5 61.6 5.7 6.4 6.9 
27271.1 28245.6 64.8 6.0 6.5 7.2 
26002.3 24723.6 59.3 6.3 6.3 6.2 
29308.4 24098.6 63.5 6.2 6.6 6.7 

26436.2 29400.9 58.3 5.6 6.6 6.4 
28969.9 24805.4 66.7 6.2 6.2 6.7 
29079.6 23211.1 60.3 5.8 6.4 6.2 
26207.3 26954.4 54.9 5.3 6.7 6.0 
28134.9 24401.6 60.0 5.8 6.6 6.1 
27568.5 26876.7 74.3 6.5 5.9 6.4 
28741.0 22358.8 63.2 5.9 6.2 6.3 
29685.7 21168.3 63.5 5.9 6.1 6.4 
27042.3 27358.1 61.5 5.6 6.3 6.7 
28134.9 24401.6 60.1 5.8 6.6 6.1 
27568.5 26876.7 74.3 6.4 5.9 6.4 
29184.0 22973.4 63.4 5.8 6.8 6.5 

32781.1 23426.0 59.3 5.8 6.3 6.2 
27666.5 29085.4 59.5 6.2 6.1 6.6 
26207.3 26954.4 54.9 5.3 6.7 6.0 
31459.6 23935.9 57.4 5.3 6.1 6.4 
27437.5 26638.8 56.1 5.8 6.1 6.2 
32442.5 22573.6 62.3 5.9 6.1 6.3 
29703.8 24938.4 58.3 6.3 6.2 6.2 
30309.9 22895.6 61.5 6.4 5.9 6.4 

24805.9 29025.7 62.5 5.5 6.3 5.7 
26436.2 29400.9 58.3 5.6 6.6 6.4 
26207.3 26954.4 54.9 5.3 6.7 6.0 
27060.4 31128.2 56.3 6.1 6.4 6.4 
30853.5 25978.7 54.2 5.3 6.4 6.1 
31459.6 23935.9 57.4 5.3 6.1 6.4 
29908.8 27169.2 53.9 5.3 6.5 6.0 
30743.8 27573.0 60.6 5.7 6.2 6.6 
26831.5 28681.6 52.9 5.8 6.4 6.0 

34877.4 23323.0 64.4 6.6 5.4 6.7 
31571.2 22388.8 59.9 6.8 5.4 6.3 
33196.4 26748.7 53.9 6.5 6.7 6.9 
32442.5 22573.6 62.3 5.9 6.1 6.3 
30965.1 24431.6 56.7 6.7 5.7 6.1 
29594.1 26532.7 64.7 6.7 6.0 6.7 

36156.0 21990.3 64.1 7.3 5.9 7.1 
29266.4 29431.0 55.0 6.5 5.8 6.4 
28988.0 28575.5 61.5 6.6 6.3 6.4 
29928.0 26390.5 64.1 7.4 6.6 6.9 
27060.4 31128.2 56.3 6.1 6.4 6.4 
34271.3 25365.8 61.2 6.5 5.8 6.5 
31800.1 24835.4 63.4 7.1 5.4 6.7 
31194.0 26878.2 60.2 7.0 5.7 6.5 

32781.1 23426.0 59.3 5.8 6.3 6.2 
30137.7 29615.8 57.4 5.6 6.5 6.4 
27666.5 29085.4 59.5 6.2 6.1 6.6 
30514.9 25126.4 57.1 5.4 6.2 6.2 
28382.2 25448.3 56.3 5.8 6.0 6.3 
30743.8 27573.0 60.6 5.7 6.2 6.6 
29342.4 29644.3 68.1 5.9 5.8 6.3 

32781.1 23426.0 59.3 5.8 6.3 6.2 
31270.0 27091.6 73.3 6.5 5.7 6.4 
26207.3 26954.4 54.9 5.3 6.7 6.0 
27256.4 25526.2 58.3 5.2 6.9 6.4 
32442.5 22573.6 62.3 5.9 6.1 6.3 
30743.8 27573.0 60.6 5.7 6.2 6.6 
33387.2 21383.1 62.5 5.9 6.0 6.4 
32671.4 25020.2 65.7 6.2 6.1 6.7 

32781.1 23426.0 59.3 5.8 6.3 6.2 
30435.0 26687.8 66.6 6.1 6.1 5.7 
29079.6 23211.1 60.3 5.8 6.4 6.2 
31985.8 23454.5 70.1 6.2 5.6 6.1 
31459.6 23935.9 57.4 5.3 6.1 6.4 
28759.1 26128.9 58.0 6.3 6.3 6.0 
32442.5 22573.6 62.3 5.9 6.1 6.3 
30743.8 27573.0 60.6 5.7 6.2 6.6 
28134.9 24401.6 60.1 5.8 6.6 6.1 
33387.2 21383.1 62.5 5.9 6.0 6.4 

32781.1 23426.0 59.3 5.8 6.3 6.2 
31836.4 24616.5 59.1 5.8 6.4 6.1 
30514.9 25126.4 57.1 5.4 6.2 6.2 
30743.8 27572.9 60.6 5.7 6.2 6.6 
31459.6 23935.9 57.4 5.3 6.1 6.4 
31379.7 25497.3 66.9 6.1 6.0 5.9 
28759.1 26128.9 58.0 6.3 6.3 6.0 
32442.5 22573.6 62.3 5.9 6.1 6.3 
31564.0 23698.2 60.5 5.3 6.4 6.6 
30743.8 27573.0 60.6 5.7 6.2 6.6 
33387.2 21383.1 62.5 5.9 6.0 6.4 

32781.1 23426.0 59.3 5.8 6.3 6.2 
31836.4 24616.5 59.1 5.8 6.4 6.1 
29365.2 24086.1 61.2 6.4 6.0 6.3 
28988.0 28575.5 61.5 6.6 6.3 6.4 
32442.5 22573.6 62.3 5.9 6.1 6.3 
29703.8 24938.4 58.3 6.3 6.2 6.2 
33491.6 21145.5 65.6 5.9 6.4 6.7 
33387.2 21383.1 62.5 5.9 6.0 6.4 

32781.1 23426.0 59.3 5.8 6.3 6.2 
28988.0 28575.5 61.5 6.6 6.3 6.4 
27666.5 29085.4 59.5 6.2 6.1 6.6 
30514.9 25126.4 57.1 5.4 6.2 6.2 
31459.6 23935.9 57.4 5.3 6.1 6.4 
28759.1 26128.9 58.0 6.3 6.3 6.0 
32442.5 22573.6 62.3 5.9 6.1 6.3 
24074.7 27276.3 54.1 5.7 6.4 6.1 
30058.1 26007.2 64.9 5.6 5.7 6.1 
28736.3 31687.1 64.9 5.9 6.2 6.1 
29342.4 29644.3 68.1 5.9 5.8 6.3 
33387.2 21383.1 62.5 5.9 6.0 6.4 

33950.1 23687.5 65.4 6.9 6.5 7.1 
27152.0 25763.9 55.2 5.2 6.5 6.1 

30435.0 26687.8 66.6 6.1 6.1 5.7 
31836.4 24616.5 59.1 5.8 6.4 6.1 
29365.2 24086.1 61.2 6.4 6.0 6.3 
28988.0 28575.5 61.5 6.6 6.3 6.4 
26733.5 26473.0 67.6 6.1 6.2 5.8 
26207.3 26954.4 54.9 5.3 6.7 6.0 
26733.5 26472.9 67.6 6.1 6.2 5.8 
28759.1 26128.9 58.0 6.3 6.3 6.0 
31836.4 24616.4 59.1 5.8 6.4 6.1 
31041.1 24645.0 69.8 6.2 5.8 6.0 

26356.6 25792.4 65.9 5.6 5.9 6.1 
29079.6 23211.1 60.3 5.8 6.4 6.2 
28741.0 22358.8 63.3 5.9 6.2 6.3 
27758.1 23721.0 58.4 5.3 6.2 6.4 
30853.5 25978.7 54.2 5.3 6.4 6.1 
29685.7 21168.3 63.5 5.9 6.1 6.4 
24680.7 25233.5 57.3 5.8 6.1 6.4 
28134.9 24401.6 60.1 5.8 6.6 6.1 
27152.0 25763.9 55.2 5.2 6.5 6.1 

26436.2 29400.9 58.3 5.6 6.6 6.4 
29365.2 24086.1 61.2 6.4 6.0 6.3 
29685.7 21168.3 63.5 5.9 6.1 6.4 
27437.5 26638.8 56.1 5.8 6.1 6.2 
32442.5 22573.6 62.3 5.9 6.1 6.3 
30309.9 22895.6 61.5 6.4 5.9 6.4 
27152.0 25763.9 55.2 5.2 6.5 6.1 
33387.2 21383.1 62.5 5.9 6.0 6.4 

32781.1 23426.0 59.3 5.8 6.3 6.2 
30137.7 29615.8 57.4 5.6 6.5 6.4 
27666.5 29085.4 59.5 6.2 6.1 6.6 
27060.4 31128.2 56.3 6.1 6.4 6.4 
27776.2 27491.1 53.1 5.8 6.3 6.1 
31459.6 23935.9 57.4 5.3 6.1 6.4 
27776.1 27491.1 53.1 5.8 6.3 6.1 
29703.8 24938.4 58.3 6.3 6.2 6.2 
30309.9 22895.6 61.5 6.4 5.9 6.4 
33387.2 21383.1 62.5 5.9 6.0 6.4 

30435.0 26687.8 66.6 6.1 6.1 5.7 
32781.1 23426.0 59.3 5.8 6.3 6.2 
31836.4 24616.5 59.1 5.8 6.4 6.1 
29908.8 27169.2 53.9 5.3 6.5 6.0 
31459.6 23935.9 57.4 5.3 6.1 6.4 
31836.4 24616.4 59.1 5.8 6.4 6.1 
32442.5 22573.6 62.3 5.9 6.1 6.3 
30743.8 27573.0 60.6 5.7 6.2 6.6 
33387.2 21383.1 62.5 5.9 6.0 6.4 

26436.2 29400.9 58.3 5.6 6.6 6.4 
30853.5 25978.7 54.2 5.3 6.4 6.1 
27776.2 27491.1 53.1 5.8 6.3 6.1 
32442.5 22573.6 62.3 5.9 6.1 6.3 
24074.7 27276.3 54.1 5.7 6.4 6.1 
30309.9 22895.6 61.5 6.4 5.9 6.4 
27152.0 25763.9 55.2 5.2 6.5 6.1 
25750.6 27835.2 62.7 5.5 6.2 5.8 
25034.8 31472.3 65.9 5.8 6.3 6.1 

32781.1 23426.0 59.3 5.8 6.3 6.2 
27623.3 33432.6 59.2 7.1 7.0 7.0 
27666.5 29085.4 59.5 6.2 6.1 6.6 
31985.8 23454.5 70.1 6.2 5.6 6.1 
31459.6 23935.9 57.4 5.3 6.1 6.4 
28382.2 25448.3 56.3 5.8 6.0 6.3 
30058.1 26007.2 64.9 5.6 5.7 6.0 
30743.8 27573.0 60.6 5.7 6.2 6.6 
30058.1 26007.2 64.9 5.6 5.7 6.1 
29342.4 29644.3 68.1 5.9 5.8 6.3 
33387.2 21383.1 62.5 5.9 6.0 6.4 

35124.0 24196.0 59.1 7.1 6.6 7.0 
30514.9 25126.4 57.1 5.4 6.2 6.2 
33512.6 28180.1 62.1 7.1 6.1 7.3 
33283.7 25733.5 58.7 6.7 6.1 6.9 
35211.4 23180.7 63.8 7.3 6.0 7.0 
33387.2 21383.1 62.5 5.9 6.0 6.4 

32781.1 23426.0 59.3 5.8 6.3 6.2 
31985.8 23454.5 70.1 6.2 5.6 6.1 
31459.6 23935.9 57.4 5.3 6.1 6.4 
24074.7 27276.3 54.1 5.7 6.4 6.1 
30309.9 22895.6 61.5 6.4 5.9 6.4 
33387.2 21383.1 62.5 5.9 6.0 6.4 

26962.4 28919.5 71.1 6.4 6.2 6.2 
30853.5 25978.7 54.2 5.3 6.4 6.1 
31459.6 23935.9 57.4 5.3 6.1 6.4 
28382.2 25448.3 56.3 5.8 6.0 6.3 
28644.3 31707.8 62.6 6.4 7.2 6.4 
30309.9 22895.6 61.5 6.4 5.9 6.4 
27197.3 33595.5 57.4 7.0 7.4 7.1 
27678.2 25282.5 67.9 6.1 6.1 5.9 
33387.2 21383.1 62.5 5.9 6.0 6.4 
28363.8 26848.2 63.5 6.1 6.5 6.5 

32781.1 23426.0 59.3 5.8 6.3 6.2 
30137.7 29615.8 57.4 5.6 6.5 6.4 
28134.9 24401.6 60.0 5.8 6.6 6.1 
27060.4 31128.2 56.3 6.1 6.4 6.4 
25057.6 25914.1 59.0 6.3 6.5 6.1 
32442.5 22573.6 62.3 5.9 6.1 6.3 
30743.8 27573.0 60.6 5.7 6.2 6.6 
31564.0 23698.2 60.5 5.3 6.5 6.6 
28134.9 24401.6 60.1 5.8 6.6 6.1 
33387.2 21383.1 62.5 5.9 6.0 6.4 

33950.1 23687.5 65.4 6.9 6.5 7.1 
33005.4 24878.0 65.1 6.9 6.7 7.0 
24179.1 27038.6 57.2 5.7 6.8 6.4 
26813.4 24911.5 58.1 5.3 6.3 6.2 
27913.1 29958.4 54.2 6.6 7.3 6.8 
24785.2 24995.8 60.4 5.8 6.5 6.6 
27913.1 29958.4 54.2 6.6 7.3 6.9 
29184.0 22973.4 63.4 5.8 6.8 6.5 

33950.1 23687.5 65.4 6.9 6.5 7.1 
33524.1 23850.4 63.6 6.8 7.0 7.2 
33344.0 25730.3 62.2 6.8 6.8 6.9 
33022.5 25655.6 63.5 6.7 7.7 7.2 
28945.1 27752.7 59.2 6.8 6.5 7.0 
33448.4 25492.6 65.3 6.8 7.2 7.1 
27152.0 25763.9 55.1 5.2 6.5 6.1 
25750.6 27835.2 62.7 5.5 6.2 5.8 

29365.2 24086.1 61.2 6.4 6.0 6.3 
29079.6 23211.1 60.3 5.8 6.4 6.2 
31985.8 23454.5 70.1 6.2 5.6 6.1 
28759.1 26128.9 58.0 6.3 6.3 6.0 
32442.5 22573.6 62.3 5.9 6.1 6.3 
27152.0 25763.9 55.2 5.2 6.5 6.1 
32671.4 25020.2 65.7 6.2 6.1 6.7 

33950.1 23687.5 65.4 6.9 6.5 7.1 
31832.9 29395.9 76.1 7.5 6.3 7.1 
33344.0 25730.3 62.2 6.8 6.8 6.9 
32918.0 25893.3 60.4 6.7 7.3 6.9 
32202.3 29530.3 63.6 7.0 7.4 7.2 
29790.1 20930.6 66.6 5.8 6.5 6.7 

30435.0 26687.8 66.6 6.1 6.1 5.7 
26733.5 26473.0 67.6 6.1 6.2 5.8 
31270.0 27091.6 73.3 6.5 5.7 6.4 
32065.3 27063.0 62.5 6.2 6.4 6.5 
28134.9 24401.6 60.0 5.8 6.6 6.1 
26733.5 26472.9 67.6 6.1 6.2 5.8 
25057.6 25914.1 59.0 6.3 6.5 6.1 
28134.9 24401.6 60.1 5.8 6.6 6.1 
31041.1 24645.0 69.8 6.2 5.8 6.0 
32671.4 25020.2 65.7 6.2 6.1 6.7 
28363.8 26848.2 63.5 6.1 6.5 6.5 

31836.4 24616.5 59.1 5.8 6.4 6.1 
29365.2 24086.1 61.2 6.4 6.0 6.3 
29079.6 23211.1 60.3 5.8 6.4 6.2 
30514.9 25126.4 57.1 5.4 6.2 6.2 
30743.8 27572.9 60.6 5.7 6.2 6.6 
31459.6 23935.9 57.4 5.3 6.1 6.4 
28382.2 25448.3 56.3 5.8 6.0 6.3 
32442.5 22573.6 62.3 5.9 6.1 6.3 
31564.0 23698.2 60.5 5.3 6.5 6.6 
26002.3 24723.6 59.3 6.3 6.3 6.2 
33387.2 21383.1 62.5 5.9 6.0 6.4 

26436.2 29400.9 58.3 5.6 6.6 6.4 
25855.0 27597.5 65.8 5.5 6.6 6.1 
29685.7 21168.3 63.5 5.9 6.1 6.5 
27256.4 25526.2 58.3 5.2 6.9 6.4 
26608.4 22680.8 62.5 6.3 6.0 6.4 
23358.9 30913.4 57.3 6.0 6.5 6.4 
27152.0 25763.9 55.2 5.2 6.5 6.1 

27803.4 31552.7 60.6 7.0 7.1 7.4 
32122.7 25921.8 71.2 7.0 6.6 6.9 
31596.5 26403.2 58.4 6.2 7.1 7.1 
30990.4 28446.0 55.2 6.1 7.4 6.9 
30195.1 28474.5 66.0 6.5 6.7 6.8 
30274.6 32083.1 58.4 6.5 7.5 7.1 
30880.7 30040.2 61.6 6.6 7.2 7.4 
27197.3 33595.5 57.4 7.0 7.4 7.1 

26436.2 29400.9 58.3 5.6 6.6 6.4 
26962.4 28919.5 71.1 6.4 6.2 6.2 
29079.6 23211.1 60.3 5.8 6.4 6.2 
30853.5 25978.7 54.2 5.3 6.4 6.1 
31459.6 23935.9 57.4 5.3 6.1 6.4 
24074.7 27276.3 54.1 5.7 6.4 6.1 
33387.2 21383.1 62.5 5.9 6.0 6.4 
27152.0 25763.9 55.2 5.2 6.5 6.1 

31270.0 27091.6 73.3 6.5 5.7 6.4 
31985.8 23454.5 70.1 6.2 5.6 6.1 
30663.9 29134.4 70.1 6.4 6.1 6.2 
31459.6 23935.9 57.4 5.3 6.1 6.4 
27437.5 26638.8 56.1 5.8 6.1 6.2 
26436.2 29400.9 58.3 5.6 6.6 6.4 
30137.7 29615.8 57.4 5.6 6.5 6.4 
27666.5 29085.4 59.5 6.2 6.1 6.6 
30514.9 25126.4 57.1 5.4 6.2 6.2 
27666.5 29085.4 59.5 6.1 6.1 6.6 
31564.0 23698.2 60.5 5.3 6.5 6.6 
28486.6 25210.6 59.4 5.8 6.4 6.6 
33387.2 21383.1 62.5 5.9 6.0 6.4 

30957.9 25741.0 57.3 5.3 6.8 6.4 
29365.2 24086.1 61.2 6.4 6.0 6.3 
30538.7 23783.1 64.7 6.8 6.1 6.9 
27666.5 29085.4 59.5 6.2 6.1 6.6 
27060.4 31128.2 56.3 6.1 6.4 6.4 
33616.0 22270.6 65.7 6.3 6.2 6.9 
23130.0 28466.8 53.9 5.7 6.6 6.0 
27437.5 26638.8 56.1 5.8 6.1 6.2 
27666.5 29085.4 59.5 6.1 6.1 6.6 
26831.5 28681.6 52.9 5.8 6.4 6.0 

23736.0 26424.0 57.1 5.8 6.2 6.2 
26813.4 24911.5 58.1 5.3 6.3 6.2 
33387.2 21383.1 62.5 5.9 6.0 6.4 

32579.4 25040.9 63.3 6.8 7.1 7.0 
33524.1 23850.4 63.6 6.8 7.0 7.2 
31832.9 29395.9 76.1 7.5 6.3 7.1 
33234.3 27324.6 68.6 7.2 6.6 7.4 
29731.0 29000.0 65.7 7.6 7.0 7.4 
30446.8 25362.9 62.6 7.3 6.9 7.2 
31406.9 29558.8 74.3 7.4 6.7 7.1 

26733.5 26473.0 67.6 6.1 6.2 5.8 
27862.5 23483.4 61.5 5.3 6.6 6.7 
25057.6 25914.1 59.0 6.3 6.5 6.1 
28134.9 24401.6 60.1 5.8 6.6 6.1 
24785.2 24995.8 60.4 5.8 6.5 6.6 

27060.4 31128.2 56.3 6.1 6.4 6.4 
30137.7 29615.8 57.3 5.6 6.5 6.4 
31459.6 23935.9 57.4 5.3 6.1 6.4 
29908.8 27169.2 53.9 5.3 6.5 6.0 
27776.2 27491.1 53.1 5.8 6.3 6.1 
28382.2 25448.3 56.3 5.8 6.0 6.3 
30309.9 22895.6 61.5 6.4 5.9 6.4 
33387.2 21383.1 62.5 5.9 6.0 6.4 

32781.1 23426.0 59.3 5.8 6.3 6.2 
30435.0 26687.8 66.6 6.1 6.1 5.7 
27256.4 25526.2 58.3 5.2 6.9 6.4 
31459.6 23935.9 57.4 5.3 6.1 6.4 
31379.7 25497.3 66.9 6.1 6.0 5.9 
28382.2 25448.3 56.3 5.8 6.0 6.3 
29703.8 24938.4 58.3 6.3 6.2 6.2 
30309.9 22895.6 61.5 6.4 5.9 6.4 
31041.1 24645.0 69.8 6.2 5.8 6.0 
33387.2 21383.1 62.5 5.9 6.0 6.4 

29079.6 23211.1 60.3 5.8 6.4 6.2 
27060.4 31128.2 56.3 6.1 6.4 6.4 
24074.7 27276.3 54.1 5.7 6.4 6.1 
30309.9 22895.6 61.5 6.4 5.9 6.4 
27152.0 25763.9 55.2 5.2 6.5 6.1 

27339.6 24430.1 70.8 6.1 5.9 6.0 
26207.3 26954.4 54.9 5.3 6.7 6.0 
28741.0 22358.8 63.3 5.9 6.2 6.3 
28741.0 22358.8 63.2 5.9 6.2 6.3 
28134.9 24401.6 60.1 5.8 6.6 6.1 

28988.0 28575.5 61.5 6.6 6.3 6.4 
29452.1 28050.0 61.7 5.5 6.0 5.8 
30137.7 29615.8 57.4 5.6 6.5 6.4 
29079.6 23211.1 60.3 5.8 6.4 6.2 
31379.7 25497.3 66.9 6.1 6.0 5.9 
31379.7 25497.3 66.9 6.1 5.9 5.9 
28736.3 31687.1 64.9 5.9 6.2 6.1 
27678.2 25282.5 67.9 6.1 6.1 5.9 
29452.1 28050.0 61.7 5.5 6.1 5.8 
29594.1 26532.7 64.7 6.7 6.0 6.7 
33387.2 21383.1 62.5 5.9 6.0 6.4 

32781.1 23426.0 59.3 5.8 6.3 6.2 
28759.1 26128.9 58.0 6.3 6.3 6.0 
32442.5 22573.6 62.3 5.9 6.1 6.3 
30309.9 22895.6 61.5 6.4 5.9 6.4 
32671.4 25020.2 65.7 6.2 6.1 6.7 
27152.0 25763.9 55.2 5.2 6.5 6.1 

32781.1 23426.0 59.3 5.8 6.3 6.2 
30137.7 29615.8 57.4 5.6 6.5 6.4 
29079.6 23211.1 60.3 5.8 6.4 6.2 
30137.7 29615.8 57.3 5.6 6.5 6.4 
31836.4 24616.4 59.1 5.8 6.4 6.1 
32442.5 22573.6 62.3 5.9 6.1 6.3 
30743.8 27573.0 60.6 5.7 6.2 6.6 
24074.7 27276.3 54.1 5.7 6.4 6.1 
27152.0 25763.9 55.2 5.2 6.5 6.1 
33387.2 21383.1 62.5 5.9 6.0 6.4 

32628.2 29367.4 65.4 7.1 7.0 7.1 
32919.6 31843.1 60.8 6.8 7.8 7.4 
32918.0 25893.3 60.4 6.7 7.3 6.9 
32202.3 29530.3 63.6 7.0 7.4 7.2 

30651.8 27593.7 58.2 6.2 7.2 7.0 
32579.4 25040.9 63.3 6.8 7.1 7.0 
33950.1 23687.5 65.4 6.9 6.5 7.1 
33524.1 23850.4 63.6 6.8 7.0 7.2 
32918.0 25893.3 60.4 6.7 7.3 6.9 
31973.4 27083.7 60.1 6.7 7.4 6.8 
30551.2 25125.2 65.7 7.2 7.3 7.4 
28229.3 31389.8 62.4 7.1 6.6 7.3 
28945.1 27752.7 59.2 6.8 6.5 7.0 
32399.3 26920.8 61.9 6.8 7.0 6.7 

32781.1 23426.0 59.3 5.8 6.3 6.2 
26436.2 29400.9 58.3 5.6 6.6 6.4 
24074.6 27276.3 54.1 5.7 6.4 6.1 
27256.4 25526.2 58.3 5.2 6.9 6.4 
29703.8 24938.4 58.3 6.3 6.2 6.2 
26002.3 24723.6 59.3 6.3 6.3 6.2 
27152.0 25763.9 55.2 5.2 6.5 6.1 

29808.2 24700.7 61.4 6.3 6.6 6.4 
30743.8 27572.9 60.6 5.7 6.2 6.6 
31459.6 23935.9 57.4 5.3 6.1 6.4 
23130.0 28466.8 53.9 5.7 6.6 6.0 
30414.3 22657.9 64.6 6.4 6.3 6.7 
32442.5 22573.6 62.3 5.9 6.1 6.3 
30058.1 26007.2 64.9 5.6 5.7 6.1 
26813.4 24911.5 58.1 5.3 6.3 6.2 
33387.2 21383.1 62.5 5.9 6.0 6.4 
27152.0 25763.9 55.2 5.2 6.5 6.1 

23736.0 26424.0 57.1 5.8 6.2 6.2 
31836.4 24616.5 59.1 5.8 6.4 6.1 
30137.7 29615.8 57.4 5.6 6.5 6.4 
31459.6 23935.9 57.4 5.3 6.1 6.4 
32442.5 22573.6 62.3 5.9 6.1 6.3 
30743.8 27573.0 60.6 5.7 6.2 6.6 
31564.0 23698.2 60.5 5.3 6.5 6.6 
33491.6 21145.4 65.6 5.9 6.4 6.7 
28736.3 31687.1 64.9 5.9 6.2 6.1 
31041.1 24645.0 69.8 6.2 5.8 6.0 
33491.6 21145.5 65.6 5.9 6.4 6.7 
32885.5 23188.3 62.4 5.8 6.7 6.5 

25892.6 26317.8 65.7 6.7 6.1 6.7 
28969.9 24805.4 66.7 6.2 6.2 6.7 
25640.9 29429.5 69.1 5.9 6.0 6.4 
24909.5 26120.9 60.5 6.2 6.3 6.9 
26608.4 22680.8 62.5 6.3 6.0 6.4 
27568.5 26876.7 74.3 6.4 5.9 6.4 

29365.2 24086.1 61.2 6.4 6.0 6.3 
31836.4 24616.4 59.1 5.8 6.4 6.1 
32442.5 22573.6 62.3 5.9 6.1 6.3 
30309.9 22895.6 61.5 6.4 5.9 6.4 
26831.5 28681.6 52.9 5.8 6.4 6.0 
33387.2 21383.1 62.5 5.9 6.0 6.4 

30514.9 25126.4 57.1 5.4 6.2 6.2 
30743.8 27572.9 60.6 5.7 6.2 6.6 
31459.6 23935.9 57.4 5.3 6.1 6.4 
24680.7 25233.5 57.3 5.8 6.1 6.4 
32442.5 22573.6 62.3 5.9 6.1 6.3 
30743.8 27573.0 60.6 5.7 6.2 6.6 
30309.9 22895.6 61.5 6.4 5.9 6.4 
30058.1 26007.2 64.9 5.6 5.7 6.1 
27152.0 25763.9 55.2 5.2 6.5 6.1 
29342.4 29644.3 68.1 5.9 5.8 6.3 
25750.6 27835.2 62.7 5.5 6.2 5.8 

31836.4 24616.5 59.1 5.8 6.4 6.1 
31270.0 27091.6 73.3 6.5 5.7 6.4 
27666.5 29085.4 59.5 6.2 6.1 6.6 
30663.9 29134.4 70.1 6.4 6.1 6.2 
30137.7 29615.8 57.3 5.6 6.5 6.4 
29908.8 27169.2 53.9 5.3 6.5 6.0 
31459.6 23935.9 57.4 5.3 6.1 6.4 
31836.4 24616.4 59.1 5.8 6.4 6.1 
28382.2 25448.3 56.3 5.8 6.0 6.3 
32442.5 22573.6 62.3 5.9 6.1 6.3 
28736.3 31687.1 64.9 5.9 6.2 6.1 
33387.2 21383.1 62.5 5.9 6.0 6.4 

29502.1 26553.4 62.3 7.3 7.0 7.0 
30157.0 28837.0 67.5 7.7 6.5 7.4 
30880.7 30040.2 61.6 6.6 7.2 7.4 
30651.8 27593.6 58.2 6.2 7.2 7.0 

24805.9 29025.7 62.5 5.5 6.3 5.7 
25057.6 25914.1 59.0 6.3 6.5 6.1 
26962.3 27360.4 70.8 6.5 6.4 6.3 
23130.0 28466.8 53.9 5.7 6.6 6.0 
28759.1 26128.9 58.0 6.3 6.3 6.0 
28363.7 25289.1 63.3 6.2 6.7 6.6 

37356.4 32886.1 68.6 7.5 7.3 8.5 
37032.6 32015.3 69.6 7.7 7.3 8.5 
36426.5 34058.1 66.4 7.6 7.6 8.2 
36640.6 36523.2 71.8 7.8 7.4 8.7 

23736.0 26424.0 57.1 5.8 6.2 6.2 
32781.1 23426.0 59.3 5.8 6.3 6.2 
27666.5 29085.4 59.5 6.2 6.1 6.6 
27060.4 31128.2 56.3 6.1 6.4 6.4 
31985.8 23454.5 70.1 6.2 5.6 6.1 
30137.7 29615.8 57.3 5.6 6.5 6.4 
31459.6 23935.9 57.4 5.3 6.1 6.4 
26813.4 24911.5 58.1 5.3 6.3 6.2 
33387.2 21383.1 62.5 5.9 6.0 6.4 

29079.6 23211.1 60.3 5.8 6.4 6.2 
32548.6 25758.8 72.9 7.1 6.2 6.8 
26002.3 24723.6 59.3 6.3 6.3 6.2 

31985.8 23454.5 70.1 6.2 5.6 6.1 
31459.6 23935.9 57.4 5.3 6.1 6.4 
32442.5 22573.6 62.3 5.9 6.1 6.3 
30058.1 26007.2 64.9 5.6 5.7 6.1 
31041.1 24645.0 69.8 6.2 5.8 6.0 
28736.3 31687.1 64.9 5.9 6.2 6.1 
32090.2 23216.8 73.2 6.2 6.0 6.4 
29342.4 29644.3 68.1 5.9 5.8 6.3 

32781.1 23426.0 59.3 5.8 6.3 6.2 
30137.7 29615.8 57.4 5.6 6.5 6.4 
30514.9 25126.4 57.1 5.4 6.2 6.2 
28229.3 31389.8 62.4 7.1 6.6 7.3 
28945.1 27752.7 59.2 6.8 6.5 7.0 
28000.4 28943.2 58.9 6.8 6.7 6.9 

27339.6 24430.1 70.8 6.1 5.9 6.0 
31270.0 27091.6 73.3 6.5 5.7 6.4 
28741.0 22358.8 63.3 5.9 6.2 6.3 
28741.0 22358.8 63.2 5.9 6.2 6.3 
30514.9 25126.4 57.1 5.4 6.2 6.2 
32442.5 22573.6 62.3 5.9 6.1 6.3 
33491.6 21145.5 65.6 5.9 6.4 6.7 
26813.4 24911.5 58.1 5.3 6.3 6.2 
29594.1 26532.7 64.7 6.7 6.0 6.7 
33387.2 21383.1 62.5 5.9 6.0 6.4 
32671.4 25020.2 65.7 6.2 6.1 6.7 

30274.6 32083.1 58.4 6.5 7.5 7.1 
30274.6 32083.1 58.4 6.5 7.5 7.2 
28873.2 34154.4 66.0 6.8 7.2 6.8 
31041.1 24645.0 69.8 6.2 5.8 6.0 

32781.1 23426.0 59.3 5.8 6.3 6.2 
27803.4 31552.7 60.6 7.0 7.1 7.4 
30853.5 25978.7 54.2 5.3 6.4 6.1 
28229.3 31389.8 62.4 7.1 6.6 7.3 
31459.6 23935.9 57.4 5.3 6.1 6.4 
30058.1 26007.2 64.9 5.6 5.7 6.1 
29452.1 28050.0 61.7 5.5 6.1 5.8 

32579.4 25040.9 63.3 6.8 7.1 7.0 
33524.1 23850.4 63.6 6.8 7.0 7.2 
33234.3 27324.6 68.6 7.2 6.6 7.4 
29731.0 29000.0 65.7 7.6 7.0 7.4 
30880.7 30040.2 61.6 6.6 7.2 7.4 
27197.2 32036.4 57.2 7.0 7.6 7.2 

31836.4 24616.5 59.1 5.8 6.4 6.1 
31985.8 23454.5 70.1 6.2 5.6 6.1 
25411.9 26982.9 65.7 5.6 6.0 5.9 
32442.5 22573.6 62.3 5.9 6.1 6.3 
31041.1 24645.0 69.8 6.2 5.8 6.0 
33387.2 21383.1 62.5 5.9 6.0 6.4 

28741.0 22358.8 63.3 5.9 6.2 6.3 
28741.0 22358.8 63.2 5.9 6.2 6.3 
29685.7 21168.3 63.5 5.9 6.1 6.4 
25663.7 23871.3 62.2 6.4 6.1 6.3 
25663.7 23871.3 62.2 6.3 6.1 6.3 
31564.0 23698.2 60.5 5.3 6.5 6.6 
26813.4 24911.5 58.1 5.3 6.3 6.2 
33387.2 21383.1 62.5 5.9 6.0 6.4 

31836.4 24616.5 59.1 5.8 6.4 6.1 
29365.2 24086.1 61.2 6.4 6.0 6.3 
31270.0 27091.6 73.3 6.5 5.7 6.4 
30514.9 25126.4 57.1 5.4 6.2 6.2 
23130.0 28466.8 53.9 5.7 6.6 6.0 
32442.5 22573.6 62.3 5.9 6.1 6.3 
30743.8 27573.0 60.6 5.7 6.2 6.6 
29184.0 22973.4 63.4 5.8 6.8 6.5 
33387.2 21383.1 62.5 5.9 6.0 6.4 
29594.1 26532.7 64.7 6.7 6.0 6.7 

32579.4 25040.9 63.3 6.8 7.1 7.0 
33524.1 23850.4 63.6 6.8 7.0 7.2 
30157.0 28837.0 67.5 7.7 6.5 7.4 
33005.4 24878.0 65.1 6.9 6.7 6.9 
27152.0 25763.9 55.2 5.2 6.5 6.1 

28284.3 23239.6 71.1 6.1 5.8 6.1 
29079.6 23211.1 60.3 5.8 6.4 6.2 
26207.3 26954.4 54.9 5.3 6.7 6.0 
29685.7 21168.3 63.5 5.9 6.1 6.5 
28945.1 27752.7 59.2 6.8 6.5 7.0 
26002.3 24723.6 59.3 6.3 6.3 6.2 
27678.2 25282.5 67.9 6.1 6.1 5.9 

31985.8 23454.5 70.1 6.2 5.6 6.1 
30137.7 29615.8 57.3 5.6 6.5 6.4 
28507.4 29240.5 61.5 5.6 6.2 5.7 
23965.0 28870.6 60.5 6.1 6.2 6.6 
31459.6 23935.9 57.4 5.3 6.1 6.4 
32442.5 22573.6 62.3 5.9 6.1 6.3 
30058.1 26007.2 64.9 5.6 5.7 6.1 
28736.3 31687.1 64.9 5.9 6.2 6.1 
32090.2 23216.8 73.2 6.2 6.0 6.4 
29342.4 29644.3 68.1 5.9 5.8 6.3 
33387.2 21383.1 62.5 5.9 6.0 6.4 

26436.2 29400.9 58.3 5.6 6.6 6.4 
28519.2 27915.6 57.4 6.7 7.0 7.1 
29079.6 23211.1 60.3 5.8 6.4 6.2 
28896.0 28596.2 59.1 7.2 7.3 6.8 
30853.5 25978.7 54.2 5.3 6.4 6.1 
27574.5 29106.1 57.2 6.7 7.1 6.9 
29685.7 21168.3 63.5 5.9 6.1 6.4 
26608.4 22680.8 62.5 6.3 6.0 6.4 
23358.9 30913.4 57.3 6.0 6.5 6.4 
28000.4 28943.2 58.9 6.8 6.7 6.9 

25286.5 28360.7 62.5 6.6 6.4 6.5 
28363.8 26848.2 63.5 6.1 6.5 6.5 

33126.5 24068.7 66.2 6.1 6.6 7.1 
30278.1 28027.8 68.6 6.9 6.5 7.5 
31843.8 27012.0 72.5 6.9 6.5 7.4 

32781.1 23426.0 59.3 5.8 6.3 6.2 
29365.2 24086.1 61.2 6.4 6.0 6.3 
31459.6 23935.9 57.4 5.3 6.1 6.4 
32442.5 22573.6 62.3 5.9 6.1 6.3 
29703.8 24938.4 58.3 6.3 6.2 6.2 
33387.2 21383.1 62.5 5.9 6.0 6.4 
25750.6 27835.2 62.7 5.5 6.2 5.8 

28343.6 30522.7 58.5 5.9 7.0 6.8 
28243.5 31863.3 73.0 7.4 7.9 7.5 

29365.2 24086.1 61.2 6.4 6.0 6.3 
27666.5 29085.4 59.5 6.2 6.1 6.6 
27060.4 31128.2 56.3 6.1 6.4 6.4 
30514.9 25126.4 57.1 5.4 6.2 6.2 
30743.8 27573.0 60.6 5.7 6.2 6.6 

32781.1 23426.0 59.3 5.8 6.3 6.2 
26436.2 29400.9 58.3 5.6 6.6 6.4 
26207.3 26954.4 54.9 5.3 6.7 6.0 
30853.5 25978.7 54.2 5.3 6.4 6.1 
31836.4 24616.4 59.1 5.8 6.4 6.1 
32442.5 22573.6 62.3 5.9 6.1 6.3 
30743.8 27573.0 60.6 5.7 6.2 6.6 
31041.1 24645.0 69.8 6.2 5.8 6.0 
33387.2 21383.1 62.5 5.9 6.0 6.4 

26436.2 29400.9 58.3 5.6 6.6 6.4 
26712.8 22443.1 65.6 6.3 6.4 6.7 
31270.0 27091.6 73.3 6.5 5.7 6.4 
23965.0 28870.6 60.5 6.1 6.2 6.6 
32442.5 22573.6 62.3 5.9 6.1 6.3 
29790.1 20930.6 66.6 5.9 6.5 6.7 
23358.9 30913.4 57.3 6.0 6.5 6.4 
33491.6 21145.5 65.6 5.9 6.4 6.7 
31041.1 24645.0 69.8 6.2 5.8 6.0 
29594.1 26532.7 64.7 6.7 6.0 6.7 
32671.4 25020.2 65.7 6.2 6.1 6.7 

26207.3 26954.4 54.9 5.3 6.7 6.0 
27666.5 29085.4 59.5 6.2 6.1 6.6 
31459.6 23935.9 57.4 5.3 6.1 6.4 
23130.0 28466.8 53.9 5.7 6.6 6.0 
28382.2 25448.3 56.3 5.8 6.0 6.3 
30743.8 27573.0 60.6 5.7 6.2 6.6 
30309.9 22895.6 61.5 6.4 5.9 6.4 
33387.2 21383.1 62.5 5.9 6.0 6.4 

29079.6 23211.1 60.3 5.8 6.4 6.2 
26733.5 26472.9 67.6 6.1 6.2 5.8 
26002.3 24723.6 59.3 6.3 6.3 6.2 
28134.9 24401.6 60.1 5.8 6.6 6.1 
27678.2 25282.5 67.9 6.1 6.1 5.9 
28363.8 26848.2 63.5 6.1 6.5 6.5 

29365.2 24086.1 61.2 6.4 6.0 6.3 
27758.1 23721.0 58.4 5.3 6.2 6.4 
30853.5 25978.7 54.2 5.3 6.4 6.1 
30137.7 29615.8 57.3 5.6 6.5 6.4 
31459.6 23935.9 57.4 5.3 6.1 6.4 
28759.1 26128.9 58.0 6.3 6.3 6.0 
31836.4 24616.4 59.1 5.8 6.4 6.1 
32442.5 22573.6 62.3 5.9 6.1 6.3 
24074.7 27276.3 54.1 5.7 6.4 6.1 
30743.8 27573.0 60.6 5.7 6.2 6.6 
29594.1 26532.7 64.7 6.7 6.0 6.7 
27152.0 25763.9 55.2 5.2 6.5 6.1 

30514.9 25126.4 57.1 5.4 6.2 6.2 
30743.8 27572.9 60.6 5.7 6.2 6.6 
29908.8 27169.2 53.9 5.3 6.5 6.0 
31459.6 23935.9 57.4 5.3 6.1 6.4 
28759.1 26128.9 58.0 6.3 6.3 6.0 
32442.5 22573.6 62.3 5.9 6.1 6.3 
30743.8 27573.0 60.6 5.7 6.2 6.6 
31564.0 23698.2 60.5 5.3 6.5 6.6 

32579.4 25040.9 63.3 6.8 7.1 7.0 
27803.4 31552.7 60.6 7.0 7.1 7.4 
33950.1 23687.5 65.4 6.9 6.5 7.1 
28017.5 29720.7 57.3 6.6 7.7 7.1 
30880.7 30040.2 61.6 6.6 7.2 7.4 
32399.3 26920.8 61.9 6.8 7.0 6.7 
33524.1 23850.4 63.6 6.8 7.0 7.2 
29928.0 26390.5 64.1 7.4 6.6 6.9 
31306.7 29877.3 63.4 6.7 6.7 7.3 
29502.1 26553.4 62.3 7.3 7.0 7.0 
30157.0 28837.0 67.5 7.7 6.5 7.4 
34054.5 23449.8 68.5 6.9 6.9 7.4 
31094.8 28208.3 58.3 6.1 7.8 7.1 
27197.3 33595.5 57.4 7.0 7.4 7.1 
29550.9 30879.9 64.3 7.6 6.9 7.1 
33628.5 23612.7 66.7 6.8 7.3 7.5 

32781.1 23426.0 59.3 5.8 6.3 6.2 
29365.2 24086.1 61.2 6.4 6.0 6.3 
32065.3 27063.0 62.5 6.2 6.4 6.5 
30414.3 22657.9 64.6 6.4 6.3 6.7 
23130.0 28466.8 53.9 5.7 6.6 6.0 
32442.5 22573.6 62.3 5.9 6.1 6.3 
31564.0 23698.2 60.5 5.3 6.5 6.6 
28486.7 25210.6 59.5 5.8 6.4 6.6 
32885.5 23188.3 62.4 5.8 6.7 6.5 
32671.4 25020.2 65.7 6.2 6.1 6.7 

27803.4 31552.7 60.6 7.0 7.1 7.4 
28519.2 27915.6 57.4 6.7 7.0 7.1 
33234.3 27324.6 68.6 7.2 6.6 7.4 
29840.7 27405.7 59.4 7.2 7.2 6.9 
31596.5 26403.2 58.4 6.2 7.1 7.1 
30157.0 28837.0 67.5 7.7 6.5 7.4 
30274.6 32083.1 58.4 6.5 7.5 7.1 
30880.7 30040.2 61.6 6.6 7.2 7.4 
30446.8 25362.9 62.6 7.3 6.9 7.2 
27197.3 33595.5 57.4 7.0 7.4 7.1 

32781.1 23426.0 59.3 5.8 6.3 6.2 
29365.2 24086.1 61.2 6.4 6.0 6.3 
31459.6 23935.9 57.4 5.3 6.1 6.4 
30309.9 22895.6 61.5 6.4 5.9 6.4 
27152.0 25763.9 55.2 5.2 6.5 6.1 
33387.2 21383.1 62.5 5.9 6.0 6.4 

31836.4 24616.5 59.1 5.8 6.4 6.1 
27758.1 23721.0 58.3 5.3 6.2 6.4 
26207.3 26954.4 54.9 5.3 6.7 6.0 
29685.7 21168.3 63.5 5.9 6.1 6.4 
23130.0 28466.8 53.9 5.7 6.6 6.0 
28759.1 26128.9 58.0 6.3 6.3 6.0 
26608.4 22680.8 62.5 6.3 6.0 6.4 

32781.1 23426.0 59.3 5.8 6.3 6.2 
25892.6 26317.8 65.7 6.7 6.1 6.7 
29079.6 23211.1 60.3 5.8 6.4 6.2 
28741.0 22358.8 63.2 5.9 6.2 6.3 
31985.8 23454.5 70.1 6.2 5.6 6.1 
30853.5 25978.7 54.2 5.3 6.4 6.1 
29685.7 21168.3 63.5 5.9 6.1 6.4 
30743.8 27573.0 60.6 5.7 6.2 6.6 
28134.9 24401.6 60.1 5.8 6.6 6.1 
33387.2 21383.1 62.5 5.9 6.0 6.4 

26436.2 29400.9 58.3 5.6 6.6 6.4 
31836.4 24616.5 59.1 5.8 6.4 6.1 
26207.3 26954.4 54.9 5.3 6.6 6.0 
30514.9 25126.4 57.1 5.4 6.2 6.2 
32442.5 22573.6 62.3 5.9 6.1 6.3 
27666.5 29085.4 59.5 6.1 6.1 6.6 
30743.8 27573.0 60.6 5.7 6.2 6.6 
23358.9 30913.4 57.3 6.0 6.5 6.4 
26207.3 26954.4 54.9 5.2 6.7 6.0 

