82978.3 63435.2 148.3 16.1 14.7 19.5 
78815.7 68429.3 147.1 15.9 14.0 19.8 
81295.7 66088.7 143.9 15.2 14.7 19.7 
82165.8 66208.1 154.8 15.8 13.9 19.5 
83003.9 62560.4 146.4 16.2 14.1 19.2 
79237.0 66566.0 148.4 16.2 13.8 19.7 
77133.0 71082.8 142.7 15.0 14.0 20.0 
80771.6 75076.5 158.9 14.9 14.4 20.6 
84902.6 63532.0 155.7 16.3 15.1 19.4 

74495.0 84401.0 146.0 18.4 19.3 22.5 

84074.5 66427.1 139.9 16.3 14.8 19.7 
83435.5 68916.1 146.4 16.6 15.1 19.9 
83138.0 70656.8 145.1 15.2 14.8 20.1 
79321.2 65406.0 144.3 16.0 15.8 19.4 
84238.8 66098.3 143.4 16.2 15.0 19.6 
83976.1 67009.0 136.7 15.6 15.0 19.7 
83817.4 67961.7 142.1 15.9 15.2 19.7 
82979.3 71609.4 150.4 15.5 15.0 20.1 
83400.6 69746.1 151.7 15.8 14.8 20.0 

67167.6 76300.8 124.3 17.6 17.1 19.3 
68591.8 76403.2 126.8 17.7 17.1 19.7 
65925.5 77385.1 129.0 18.1 17.1 19.7 
66090.6 76465.5 124.2 17.4 16.4 19.7 

74774.4 78224.1 146.2 18.6 19.0 22.0 
76628.3 78446.1 133.8 18.0 19.0 21.8 
78322.7 77435.4 134.1 18.2 19.2 21.6 
72392.0 84196.7 151.1 17.9 19.2 22.6 
74548.1 83178.1 146.7 18.2 18.8 22.5 
74721.3 79447.0 145.4 18.8 19.5 22.0 
78269.6 78658.3 133.3 18.4 19.7 21.6 
75386.2 79530.4 138.4 18.6 18.9 22.2 

85005.6 61611.7 147.5 16.2 14.9 19.4 
81844.9 66981.6 146.1 14.8 14.5 19.1 
82683.0 63333.8 137.8 15.2 14.6 18.8 

91079.9 88844.3 149.6 21.4 21.1 23.8 
91294.3 88768.3 149.9 21.3 21.0 23.8 
87522.1 86000.7 153.7 20.3 20.7 24.0 
88599.1 85836.0 153.9 20.5 21.4 23.6 
91079.9 88844.3 149.7 21.4 21.1 23.8 
90023.3 85938.3 156.3 20.6 21.4 23.9 

107814.7 110702.5 187.5 25.4 26.2 29.2 
107446.4 115317.2 203.1 26.6 24.1 29.4 
108452.3 111575.7 206.0 26.2 24.5 29.6 
106472.7 113724.0 208.2 26.5 24.9 29.5 

100848.6 111597.5 216.8 26.9 25.2 29.2 

78301.6 87474.5 153.4 19.0 20.6 23.7 
79139.7 83826.7 145.0 19.4 20.7 23.4 

74911.8 82616.6 136.4 18.5 19.7 22.2 
75963.4 78362.8 140.8 18.3 19.6 21.6 
75799.1 78691.5 137.3 18.4 19.4 21.7 
75076.9 81697.0 131.6 17.7 19.0 22.3 
76411.0 79997.8 129.6 18.4 19.3 21.8 
76360.9 79745.0 132.8 18.4 19.5 21.8 
75315.8 85180.1 140.1 17.6 19.6 22.2 
76575.3 79669.1 133.0 18.2 19.5 21.8 
75498.3 79833.7 132.8 18.0 18.8 22.2 
75772.0 82486.8 136.1 18.7 19.7 22.0 

99701.3 99994.4 179.8 22.8 23.7 26.7 
100122.7 98131.1 181.1 23.1 23.5 26.6 
99043.2 97094.6 189.8 23.2 24.6 27.1 

90993.0 86414.5 156.8 22.1 21.6 23.7 

83529.8 86698.4 152.8 19.3 21.1 23.1 
84367.9 83050.7 144.5 19.7 21.2 22.8 

61288.9 73627.8 107.9 16.5 15.7 18.2 
60258.3 70825.5 116.9 16.1 16.2 17.9 
59793.2 72296.5 109.0 15.8 15.4 18.5 
60212.0 73792.4 107.7 16.3 14.9 18.6 
59181.4 70990.2 116.7 15.9 15.5 18.3 
61906.3 72781.7 108.0 16.5 15.1 18.4 

77010.2 84169.4 140.4 17.7 19.8 22.0 
74933.8 86134.6 144.4 18.3 19.5 22.3 
74073.7 86264.4 144.7 18.1 19.5 22.6 
75572.9 83645.5 137.9 18.0 19.2 22.1 
74280.7 84477.0 145.7 18.5 19.3 22.5 
75737.1 83316.8 141.4 17.8 19.4 22.1 
75315.8 85180.1 140.1 17.6 19.6 22.2 
74703.9 83873.8 147.8 17.6 19.7 22.1 

78105.4 78987.0 129.9 18.6 19.5 21.6 
75168.9 81082.0 134.2 18.9 19.3 22.2 
75334.0 80162.4 129.4 18.1 18.6 22.2 
76411.0 79997.8 129.6 18.4 19.3 21.8 

78360.4 83062.9 137.2 19.3 20.3 22.4 

97922.2 94275.0 184.7 22.6 22.8 26.3 
95668.9 99434.2 203.8 22.6 22.8 26.7 
96507.0 95786.5 195.5 23.0 23.0 26.3 
97118.9 97092.8 187.7 23.0 22.9 26.5 
97757.9 94603.7 181.2 22.7 22.6 26.3 
97500.8 96138.3 183.4 22.3 23.0 26.4 
96280.8 100740.5 196.0 22.6 22.8 26.8 

118808.5 126323.4 245.3 27.6 28.8 33.8 

83978.8 61156.9 139.9 16.0 14.3 19.5 
83345.1 68869.4 146.1 15.6 14.6 20.0 
82933.7 66592.0 147.2 15.1 14.3 20.0 
84238.8 66098.3 143.4 16.2 15.0 19.6 
84024.4 66174.3 143.1 16.3 15.0 19.6 
84193.2 61081.0 140.2 15.8 14.3 19.5 
83771.8 62944.3 138.9 15.5 14.5 19.6 
82551.8 67546.5 151.6 15.8 14.2 20.1 

104755.2 111023.9 203.5 24.3 25.6 29.7 
104728.8 102430.9 208.9 24.9 25.1 28.8 
101225.2 103294.4 203.5 24.7 24.5 28.4 

81895.0 67234.3 142.9 14.8 14.3 19.1 
82851.8 58240.5 134.9 14.7 13.9 18.6 
82048.5 61058.3 137.9 15.1 14.0 18.9 
82013.7 61888.2 143.2 14.3 13.7 19.0 
81799.3 61964.2 142.9 14.4 13.8 19.0 
81849.4 62216.9 139.7 14.4 13.6 19.0 
82897.4 63257.8 138.1 15.1 14.6 18.7 
82637.4 58316.4 134.6 14.8 13.9 18.7 

101137.3 105347.3 208.0 24.1 24.8 28.4 
102667.4 104665.2 204.8 24.4 24.8 28.3 
118813.8 107300.7 208.3 24.1 24.5 30.7 
117944.9 107529.0 218.2 23.7 25.0 30.6 
108282.5 110546.5 211.6 25.1 23.9 30.6 
100525.4 104041.0 215.8 24.1 24.9 28.3 
100973.0 105676.0 204.6 24.2 24.6 28.5 
102831.7 104336.5 208.3 24.3 24.9 28.2 

101638.5 106835.3 187.0 25.0 25.6 28.8 

99914.8 107216.4 182.5 24.1 25.8 28.7 
96945.8 107443.5 180.5 23.7 25.1 28.9 
101562.9 105158.3 175.0 24.0 25.8 28.6 

82233.1 67097.1 139.1 16.1 14.5 19.4 
81395.0 70744.9 147.5 15.7 14.3 19.7 
77233.2 71265.8 148.8 15.4 14.3 19.9 
77447.5 71189.8 149.1 15.2 14.3 19.9 

75626.0 82422.6 138.7 17.8 18.7 22.2 
76464.1 78774.9 130.3 18.2 18.8 21.8 
75790.2 82093.9 142.1 17.6 18.9 22.1 
77320.3 81411.9 138.9 18.0 18.8 22.0 
78158.5 77764.1 130.6 18.4 19.0 21.7 
75852.2 77468.6 138.1 18.2 18.9 21.7 

59896.6 75422.4 127.8 17.2 16.5 18.6 
60895.1 74147.2 123.1 16.7 16.6 19.0 

58571.5 70310.1 120.4 15.8 16.5 18.5 
57739.3 72988.9 133.5 16.6 16.4 18.7 
57959.6 69003.8 128.2 15.8 16.5 18.4 
58351.2 74295.2 125.7 16.5 16.3 18.8 
61926.7 69711.1 114.9 15.9 16.2 18.1 

79536.8 67992.7 148.3 15.0 14.9 19.2 
80125.8 65250.9 145.0 14.7 14.7 19.0 
81178.3 61527.1 136.9 15.0 14.9 18.6 
82514.1 63743.7 133.4 15.9 14.9 19.6 
81014.0 61855.9 133.5 15.1 14.7 18.7 
80375.0 64344.9 140.0 15.4 15.0 18.9 
80340.1 65174.9 145.3 14.6 14.7 19.0 

78081.9 83892.9 136.1 19.5 19.2 23.3 
77078.6 88460.3 149.2 19.8 19.7 23.6 
76275.3 91278.1 152.3 20.2 19.8 23.8 
77517.5 90193.8 147.7 19.7 19.9 23.4 

89221.2 64722.6 150.7 15.7 15.4 19.8 
85654.3 60620.1 140.5 14.8 14.4 19.9 
85023.2 62480.5 149.9 14.8 14.0 20.1 
86075.7 58756.7 141.8 15.1 14.2 19.7 
86121.3 63774.1 145.0 15.5 14.9 19.8 
87451.8 61076.9 140.5 15.7 14.6 19.5 
89175.6 59705.3 147.5 15.3 14.7 19.7 
84028.9 61409.7 136.7 16.0 14.1 19.6 

81186.9 57317.0 121.4 14.0 13.3 17.9 
80619.3 59745.5 142.8 14.2 14.0 18.0 
80866.0 59321.3 126.3 14.8 14.5 18.2 
81028.2 58269.6 126.8 14.3 13.5 17.9 
79318.8 56076.9 126.8 14.5 13.8 17.7 

132592.5 131654.6 235.9 30.2 31.0 34.9 
122653.0 134014.7 259.7 29.9 30.4 35.1 

74520.9 60943.0 141.9 14.5 14.7 18.1 
75359.0 57295.3 133.6 14.9 14.9 17.7 
83552.0 58523.8 131.2 14.6 14.7 18.6 
73798.7 54611.9 127.1 14.5 15.0 17.6 
82549.7 62500.2 136.0 14.4 14.3 19.0 
83387.8 58852.5 127.7 14.8 14.5 18.6 

64052.2 75635.2 121.4 15.8 15.8 19.6 
64517.4 74164.2 129.3 16.1 16.6 19.0 
63887.1 76554.8 126.2 16.5 16.5 19.5 
65953.7 72837.1 122.7 16.4 15.7 19.3 
68203.1 71424.8 134.8 16.5 17.8 19.5 
65129.2 75470.5 121.6 16.0 16.5 19.2 
66003.8 73089.8 119.5 16.4 15.5 19.3 
66823.6 74459.8 121.9 16.2 16.7 19.0 

82851.8 58240.5 134.9 14.7 13.9 18.6 
78740.0 59014.1 133.0 14.3 13.7 18.9 
78066.1 62333.2 144.8 13.8 13.7 19.2 
78904.2 58685.4 136.4 14.2 13.8 18.8 
78904.3 58685.4 136.4 14.2 13.8 18.8 

75359.0 57295.3 133.6 14.9 14.9 17.7 
73639.9 55564.6 132.4 14.9 15.1 17.6 

91236.3 71318.3 161.4 15.0 14.8 19.9 
72828.9 59370.7 133.6 14.5 14.9 17.9 
71990.8 63018.4 141.9 14.1 14.7 18.2 

74520.9 60943.0 141.9 14.5 14.7 18.1 
75359.0 57295.3 133.6 14.9 14.9 17.7 
73509.2 58084.5 142.0 15.2 15.4 17.8 
72828.9 59370.7 133.6 14.5 14.9 17.9 
71990.8 63018.4 141.9 14.1 14.7 18.2 

82049.6 89612.4 149.0 19.3 20.7 23.3 
81228.8 88833.3 154.9 20.1 20.4 23.6 
82306.7 88077.8 146.8 19.7 20.3 23.3 
82471.0 87749.1 150.3 19.6 20.5 23.2 
80590.7 90731.5 153.1 19.8 19.9 23.8 

86121.3 63774.1 145.0 15.5 14.9 19.8 
85068.8 67497.8 153.1 15.2 14.7 20.2 
85118.9 67750.6 149.8 15.2 14.5 20.2 
85283.2 67421.9 153.3 15.1 14.7 20.2 
77241.6 54971.0 135.2 14.2 14.8 17.9 
85957.0 64102.8 141.5 15.6 14.7 19.9 
84479.9 70239.7 156.4 15.5 14.9 20.4 

75779.1 60451.5 136.1 15.0 15.0 18.6 

65989.7 73954.5 128.3 16.4 17.8 20.3 
69058.6 73100.0 120.7 17.0 18.0 19.8 
69085.1 76556.2 121.4 16.8 17.9 19.9 
69222.8 72771.3 124.1 16.9 18.2 19.8 
68757.5 75002.4 129.6 16.0 17.3 19.9 
67981.6 73264.7 120.5 16.8 17.3 20.2 
68419.5 75589.1 127.2 17.3 18.3 20.0 
67063.2 76013.2 129.3 15.8 17.1 20.1 
69342.2 75021.6 119.2 17.2 17.5 19.8 

59570.4 69162.8 125.5 15.8 16.3 18.1 
60625.9 68021.9 126.0 15.4 16.6 18.4 
60994.6 69265.1 128.0 15.9 16.3 18.5 
60787.6 71052.5 127.0 15.5 16.5 18.6 
62986.6 72867.2 124.8 16.3 17.4 18.8 

84074.5 66427.1 139.9 16.3 14.8 19.7 
84238.8 66098.3 143.4 16.2 15.0 19.6 
83236.4 70074.8 148.2 15.9 14.6 20.0 

98713.9 106978.1 206.8 23.3 23.5 28.4 
99973.4 101467.0 199.8 24.0 23.5 27.9 
98940.2 102024.0 206.2 23.7 23.8 27.9 
99361.6 100160.7 207.5 24.0 23.5 27.8 
99170.1 104284.8 202.8 24.4 23.6 28.2 
99197.3 100489.4 204.0 24.1 23.4 27.8 

94469.9 82131.0 181.1 18.6 18.3 23.2 
94585.8 87218.8 174.9 18.7 17.9 23.5 
94798.1 81515.8 174.9 18.4 18.6 23.4 
94478.7 82032.5 171.5 18.8 17.8 23.6 
94642.9 81703.8 174.9 18.7 18.0 23.5 
95720.8 80948.3 166.9 18.3 17.9 23.2 
95437.1 79026.7 168.3 18.1 18.3 23.2 
95601.4 78698.0 171.8 18.0 18.5 23.1 
94302.2 85297.2 176.4 18.5 18.4 23.5 

75359.0 57295.3 133.6 14.9 14.9 17.7 
73639.9 55564.6 132.4 14.9 15.1 17.6 
72801.8 59212.3 140.8 14.5 15.0 18.0 
72828.9 59370.7 133.6 14.5 14.9 17.9 

77240.5 61510.1 139.7 14.8 14.9 18.8 
78111.7 67350.5 148.0 14.2 14.4 19.3 
78735.5 63778.8 139.4 14.7 14.6 18.9 
78949.8 63702.8 139.6 14.6 14.5 18.9 
76486.3 62007.2 132.1 15.4 14.5 18.9 
77690.4 69213.9 146.7 13.9 14.6 19.4 
78785.6 64031.5 136.2 14.7 14.4 19.0 
77076.2 61838.8 136.2 14.9 14.7 18.8 

117522.1 110245.2 212.0 23.3 25.6 30.3 
113057.5 107461.4 219.2 24.1 25.1 30.2 
113079.4 108936.0 207.4 24.6 24.9 30.5 
123164.0 108789.5 210.7 24.0 25.8 29.9 
118626.6 109402.8 208.2 23.9 25.6 30.2 
122574.1 108957.8 206.6 24.4 25.6 30.0 
117943.5 108381.9 213.3 23.6 25.4 30.2 
119048.0 107539.5 209.4 24.2 25.4 30.1 
114773.8 107925.3 207.7 24.7 25.0 30.3 

71347.5 76335.9 124.1 18.0 18.4 20.5 
70509.4 79983.7 132.4 17.6 18.3 20.8 

97571.3 80485.5 184.0 18.2 18.7 23.2 
99877.6 80781.1 176.6 18.4 18.8 23.2 

75359.0 57295.3 133.6 14.9 14.9 17.7 
72828.9 59370.7 133.6 14.5 14.9 17.9 
71990.8 63018.4 141.9 14.1 14.7 18.2 

75359.0 57295.3 133.6 14.9 14.9 17.7 
73082.3 85737.3 152.5 18.3 19.3 22.3 

88848.7 88131.8 170.7 21.8 21.4 23.7 
88641.7 89919.1 169.6 21.4 21.6 23.8 
87399.6 91003.3 174.3 21.9 21.5 24.1 
87173.3 95957.4 174.8 21.4 21.3 24.6 
88176.6 91390.0 161.7 21.1 20.8 24.3 
88597.9 89526.7 163.0 21.4 20.6 24.2 
86561.5 94651.1 182.6 21.5 21.4 24.5 
89870.9 90379.3 162.0 21.3 21.0 24.1 

122350.5 131277.9 253.5 28.5 29.6 34.6 
131069.8 129537.8 235.0 29.8 30.8 34.7 

72101.9 74112.9 135.1 17.3 17.4 19.7 
75359.0 57295.3 133.6 14.9 14.9 17.7 
81732.0 56813.5 130.3 14.8 13.8 18.2 
81092.9 59302.6 136.8 15.1 14.1 18.4 
81896.2 56484.8 133.8 14.7 14.0 18.2 
71298.6 76930.6 138.1 17.7 17.6 19.9 
71518.9 72945.6 132.8 17.0 17.7 19.6 

97519.0 80013.1 169.1 18.2 19.3 23.0 
95922.9 85717.8 179.4 18.5 19.1 23.2 
96511.8 82976.0 176.1 18.2 19.0 23.0 
95824.6 81023.9 168.8 18.0 19.2 23.2 
98192.9 76694.1 157.3 18.7 19.3 22.7 
95484.9 83393.4 172.7 18.0 18.0 23.5 
96277.8 80506.5 165.5 18.1 18.4 23.5 
97564.3 79252.2 168.0 18.5 19.1 22.7 
97354.8 80341.8 165.6 18.3 19.2 23.1 
96726.2 82900.0 176.4 18.1 19.0 23.0 
95649.2 83064.6 176.2 17.9 18.2 23.4 

75359.0 57295.3 133.6 14.9 14.9 17.7 

59283.9 74641.5 135.1 17.4 17.2 18.7 
59895.7 75947.8 127.3 17.4 17.1 18.9 
60513.2 75101.7 127.4 17.3 16.6 19.1 
61590.1 74937.0 127.6 17.6 17.3 18.7 
74238.8 85344.8 139.9 17.3 18.9 22.6 

76613.8 85695.6 164.9 19.6 20.3 23.4 
79355.9 82522.7 141.0 19.5 20.2 22.9 
81000.3 81259.2 144.5 19.7 20.6 22.7 
78467.8 85917.7 152.5 19.1 20.3 23.2 
79305.9 82269.9 144.2 19.5 20.4 22.8 
77617.0 81128.3 151.7 19.3 19.8 23.1 
79520.2 82193.9 144.4 19.4 20.4 22.8 
78070.2 84535.4 160.5 19.0 20.3 23.0 
77266.9 87353.2 163.6 19.4 20.5 23.2 

85882.1 61985.3 142.8 15.3 13.8 19.7 
85778.9 62955.4 145.2 15.5 14.5 19.7 
86046.3 61656.6 146.2 15.2 14.0 19.7 
85993.2 62879.5 145.5 15.4 14.5 19.6 
85189.9 65697.3 148.5 15.8 14.7 19.9 
84404.9 68122.1 157.6 15.2 14.0 20.2 
85243.0 64474.3 149.3 15.6 14.1 19.9 
85043.9 65633.0 151.1 14.9 13.7 20.1 
85208.2 65304.3 154.6 14.8 13.9 20.0 

97804.3 102332.0 197.4 22.8 22.3 26.7 
96109.9 103342.8 197.1 22.6 22.2 26.9 
102003.1 89394.5 167.8 19.8 19.6 24.8 
96948.0 99695.0 188.8 23.0 22.3 26.5 

72828.9 59370.7 133.6 14.5 14.9 17.9 
71517.9 81131.7 134.2 17.1 18.5 20.6 
71990.8 63018.4 141.9 14.1 14.7 18.2 

72828.9 59370.7 133.6 14.5 14.9 17.9 
71990.8 63018.4 141.9 14.1 14.7 18.2 

116256.2 122447.1 207.9 27.1 28.9 32.4 

68224.2 79206.8 117.7 18.4 16.7 19.2 
65278.9 81400.3 131.6 18.6 17.0 19.4 
67167.6 76300.8 124.3 17.6 17.1 19.3 
67805.5 77710.8 118.9 18.0 17.2 19.1 
66529.8 80217.5 117.4 18.2 16.6 19.4 
66111.1 78721.5 118.6 17.8 17.0 19.3 
65890.8 82706.6 123.9 18.5 16.9 19.6 

82407.6 70483.8 146.6 16.7 14.8 19.5 
85838.8 66797.9 153.5 17.3 15.2 19.2 
85888.9 67050.6 150.2 17.3 15.0 19.3 
84090.2 67830.3 150.9 17.6 14.9 19.3 
84206.2 69704.1 145.9 16.3 14.9 19.5 
83252.1 71478.0 159.3 17.2 14.7 19.7 
82571.8 70155.0 150.0 16.5 15.0 19.5 

64442.6 74509.3 133.1 17.0 17.5 19.2 
63200.5 75593.5 137.7 17.5 17.4 19.6 
63365.6 74673.9 132.9 16.8 16.7 19.6 
62980.2 79578.6 142.9 18.3 17.3 19.9 
64834.2 79800.6 130.6 17.7 17.3 19.7 
64222.3 78494.3 138.3 17.8 17.3 19.5 
65054.5 75815.6 125.3 17.0 17.4 19.4 

104492.4 113230.1 217.2 24.9 24.2 30.2 
104278.1 113306.0 217.0 25.0 24.2 30.2 
104527.3 101715.4 198.7 22.9 24.6 27.2 
104328.2 113558.8 213.7 25.0 24.0 30.3 
102633.8 114569.5 213.5 24.8 23.9 30.5 

83398.1 67646.5 146.9 15.4 14.1 20.0 
84450.6 63922.8 138.8 15.7 14.3 19.7 
83289.5 68851.9 149.0 15.7 14.1 20.1 
82809.2 70388.3 150.2 15.7 14.2 20.2 
84397.5 65145.7 138.0 15.9 14.8 19.6 
83647.3 66740.6 141.9 16.1 14.4 19.9 
83453.7 68523.2 152.5 15.6 14.3 20.0 
82650.4 71341.0 155.5 16.0 14.4 20.2 
83612.5 67570.5 147.1 15.3 14.1 20.0 

96507.0 95786.5 195.5 23.0 23.0 26.3 
97118.9 97092.8 187.7 23.0 22.9 26.5 
97707.9 94351.0 184.4 22.7 22.8 26.3 
97310.3 92968.7 192.4 22.6 22.9 26.1 
99195.2 95127.6 183.6 22.5 23.2 26.2 
97500.8 96138.3 183.4 22.3 23.0 26.4 
96472.2 96616.4 200.7 22.2 22.7 26.5 
99616.6 93264.2 184.9 22.8 22.9 26.1 

62229.2 72447.9 121.1 17.3 17.0 18.5 
61972.1 73982.5 123.3 16.9 17.4 18.6 
60895.1 74147.2 123.1 16.7 16.6 19.0 
60277.7 74993.3 123.0 16.7 17.2 18.8 
61590.1 74937.0 127.6 17.6 17.3 18.7 

95091.7 100601.8 201.4 22.9 22.2 27.2 
95929.8 96954.1 193.1 23.3 22.3 26.9 
95318.0 95647.8 200.8 23.3 22.4 26.7 
94479.9 99295.6 209.2 22.9 22.3 27.1 

90688.4 89288.1 160.1 21.2 22.0 24.2 
91056.7 88647.7 160.6 21.7 22.4 24.0 
89850.2 92935.8 168.5 20.8 21.9 24.5 

84074.5 66427.1 139.9 16.3 14.8 19.7 
82597.3 72563.9 154.8 16.2 14.9 20.2 
84238.8 66098.3 143.4 16.2 15.0 19.6 
83400.6 69746.1 151.7 15.8 14.8 20.0 
71388.3 84682.5 135.3 19.1 18.0 21.0 
71168.0 88667.5 140.6 19.8 17.9 21.3 

94124.0 110364.0 179.0 24.1 25.2 27.6 

77861.9 86881.4 141.3 18.9 19.6 22.8 
78364.2 87207.7 143.0 19.6 19.5 23.0 
76007.9 86659.4 153.7 19.5 19.6 23.0 
80394.4 82222.9 133.3 19.5 19.9 22.3 
79556.2 85870.7 141.6 19.1 19.8 22.6 
78479.3 86035.3 141.4 18.9 19.0 23.0 
78528.5 86879.0 146.5 19.5 19.7 22.9 

62229.2 72447.9 121.1 17.3 17.0 18.5 
61540.3 72065.0 124.5 16.7 17.3 19.0 
61972.1 73982.5 123.3 16.9 17.4 18.6 
58427.2 70821.1 129.6 16.5 16.6 18.8 
60895.1 74147.2 123.1 16.7 16.6 19.0 
60277.7 74993.3 123.0 16.7 17.2 18.8 
60534.8 73458.7 120.8 17.1 16.8 18.7 
60116.0 71962.7 122.0 16.7 17.3 18.6 
59504.2 70656.4 129.8 16.7 17.4 18.4 

83954.5 72991.5 145.2 16.7 14.8 20.9 
84792.6 69343.7 136.9 17.1 14.9 20.6 
72828.9 59370.7 133.6 14.5 14.9 17.9 
71990.8 63018.4 141.9 14.1 14.7 18.2 

82372.8 63173.4 150.6 17.0 14.8 19.6 
82158.5 63249.4 150.3 17.1 14.9 19.6 
81479.1 65944.5 153.3 16.4 14.5 20.0 
81320.4 66897.1 158.7 16.7 14.7 20.0 
82317.2 62296.7 145.0 16.8 14.7 19.6 
81370.5 67149.9 155.5 16.7 14.5 20.0 
82208.6 63502.1 147.1 17.1 14.7 19.7 
84531.1 61780.0 156.8 18.1 14.9 20.3 
82372.8 63173.4 150.6 17.0 14.9 19.6 

77412.5 86368.5 144.2 19.1 20.2 22.5 
84017.8 82160.8 137.5 20.1 21.1 22.9 
77993.5 84255.3 138.0 19.1 20.7 22.3 
77576.8 86039.8 147.6 19.0 20.4 22.5 

59922.9 72152.4 128.5 17.1 16.9 18.6 
58680.8 73236.6 133.1 17.7 16.8 18.9 
61347.2 72254.7 131.0 17.2 16.9 18.9 
58846.0 72317.0 128.4 16.9 16.2 19.0 

81334.2 91975.6 163.3 19.8 19.4 24.7 
83949.2 91936.8 159.5 20.2 19.8 24.6 

111436.9 121608.9 207.8 26.5 28.1 31.9 

69753.3 78659.5 131.7 17.1 18.2 20.0 
70864.1 72983.5 123.7 17.3 18.9 19.5 
70591.4 75011.7 123.4 17.5 18.4 19.6 

83978.8 61156.9 139.9 16.0 14.3 19.5 
83355.0 64728.7 148.5 15.4 14.1 19.9 
82933.7 66592.0 147.2 15.1 14.3 20.0 
84238.8 66098.3 143.4 16.2 15.0 19.6 
82867.7 87530.8 151.0 18.6 19.7 23.8 
84193.2 61081.0 140.2 15.8 14.3 19.5 
83389.9 63898.8 143.2 16.2 14.4 19.8 
83771.8 62944.3 138.9 15.5 14.5 19.6 
83400.6 69746.1 151.7 15.8 14.8 20.0 

84238.8 66098.3 143.4 16.2 15.0 19.6 
81602.0 70525.7 152.4 16.1 14.7 20.0 
84024.4 66174.3 143.1 16.3 15.0 19.6 
82275.8 67206.7 140.6 16.7 14.7 19.7 
83400.6 69746.1 151.7 15.8 14.8 20.0 
83236.4 70074.8 148.2 15.9 14.6 20.0 
82440.1 66878.0 144.1 16.5 14.9 19.7 

75359.0 57295.3 133.6 14.9 14.9 17.7 
72828.9 59370.7 133.6 14.5 14.9 17.9 

76614.9 83804.2 137.3 19.0 19.3 22.7 
84238.8 66098.3 143.4 16.2 15.0 19.6 
77691.8 83639.5 137.5 19.2 20.0 22.3 

78203.5 85739.5 160.1 18.6 18.9 23.8 
80185.0 83037.5 150.8 18.5 19.7 22.6 
75780.3 87866.9 165.2 19.4 20.2 23.2 
77878.7 82741.9 158.3 18.3 19.7 22.6 
76472.4 84154.9 159.4 19.0 19.4 23.0 
75833.3 86644.0 166.0 19.2 19.7 23.2 
76636.6 83826.2 162.9 18.8 19.6 23.0 
76215.3 85689.5 161.6 18.5 19.8 23.1 

77010.2 84169.4 140.4 17.7 19.8 22.0 
75963.4 78362.8 140.8 18.3 19.6 21.6 
75368.8 83957.2 140.8 17.4 19.1 22.2 
74518.1 79167.8 140.1 17.6 18.5 22.2 
77484.6 81083.2 142.4 17.8 19.0 21.9 
74757.0 82650.9 148.6 17.4 19.1 22.1 
77901.3 79298.7 132.8 17.9 19.4 21.7 
75790.2 82093.9 142.1 17.6 18.9 22.1 
76206.9 80309.5 132.5 17.8 19.2 21.9 
75595.1 79003.2 140.3 17.8 19.3 21.8 
75125.3 82010.5 149.1 17.9 19.5 21.9 

87847.8 91093.6 160.1 20.0 21.4 23.8 
88104.9 89559.0 157.9 20.4 21.0 23.8 
88269.2 89230.3 161.4 20.3 21.2 23.7 

75359.0 57295.3 133.6 14.9 14.9 17.7 
72828.9 59370.7 133.6 14.5 14.9 17.9 

80210.1 90770.1 159.1 19.7 21.5 23.9 
80631.5 88906.8 160.4 20.0 21.3 23.8 
80417.1 88982.8 160.1 20.1 21.3 23.8 

84022.7 62473.3 138.5 17.1 14.0 19.2 
83095.3 62810.3 142.7 16.7 14.2 19.5 
82931.0 63139.0 139.2 16.8 14.0 19.5 
82125.7 65202.7 133.9 16.3 14.0 19.4 
84777.9 60156.8 147.0 17.6 14.3 19.3 
82340.0 65126.8 134.1 16.2 13.9 19.4 
83184.6 66121.0 146.8 16.7 13.9 19.6 
81501.9 68774.5 142.4 15.7 13.8 19.7 

73079.9 85912.5 156.8 18.8 19.5 22.5 
73691.7 87218.8 149.0 18.8 19.5 22.7 
73918.0 82264.8 148.5 19.2 19.7 22.2 
74445.8 83557.4 140.9 17.7 18.7 22.5 
75963.4 78362.8 140.8 18.3 19.6 21.6 
75160.1 81180.6 143.8 18.7 19.7 21.8 
74322.0 84828.3 152.2 18.3 19.6 22.2 
73245.0 84992.9 152.0 18.1 18.8 22.6 
75125.3 82010.5 149.1 17.9 19.5 21.9 

82597.3 72563.9 154.8 16.2 14.9 20.2 
84238.8 66098.3 143.4 16.2 15.0 19.6 
85625.5 65689.1 151.0 17.8 15.6 20.3 
83400.6 69746.1 151.7 15.8 14.8 20.0 
83236.4 70074.8 148.2 15.9 14.6 20.0 
80798.7 73343.5 155.5 16.5 14.9 20.2 

79722.3 85878.8 145.6 19.1 20.3 23.3 

101363.6 97914.4 205.8 23.9 23.9 27.7 
102260.6 102987.5 216.4 23.4 24.2 28.3 
103293.8 102430.5 209.9 23.6 23.9 28.3 
103520.1 97476.5 209.3 24.1 24.2 27.8 
101975.4 99220.7 198.1 23.9 23.8 27.8 
104131.9 98782.8 201.6 24.0 24.1 28.0 
105826.3 97772.0 201.9 24.2 24.2 27.8 

92816.0 75017.6 170.3 18.6 16.9 21.5 
92601.7 75093.5 170.0 18.7 16.9 21.5 
92651.7 75346.3 166.8 18.7 16.7 21.6 
92012.7 77835.4 173.3 19.0 17.0 21.7 

92202.2 91704.8 180.4 21.7 23.1 24.7 
92791.2 88963.0 177.0 21.4 23.0 24.5 
92275.9 90273.5 177.6 21.8 22.6 24.8 
92167.4 92534.8 185.6 20.8 22.9 24.8 
93079.2 87455.7 174.6 21.4 22.5 24.6 
95147.5 89511.3 166.4 21.5 22.9 24.5 
93526.8 89090.7 163.4 21.5 22.2 24.8 
92003.1 92863.5 182.2 21.0 22.7 24.8 

122350.5 131277.9 253.5 28.5 29.6 34.6 

80850.0 62093.1 145.3 16.4 15.7 18.6 
76575.3 79669.1 133.0 18.2 19.5 21.8 
75464.0 63243.5 143.2 15.0 15.0 18.7 
82059.1 63335.5 145.7 16.8 15.8 18.6 

72828.9 59370.7 133.6 14.5 14.9 17.9 
71990.8 63018.4 141.9 14.1 14.7 18.2 

78302.4 81851.4 141.0 19.2 19.8 22.3 
73983.8 80511.0 143.0 18.6 20.0 21.5 
75125.3 82010.5 149.1 17.9 19.5 21.9 

86477.0 96617.2 179.3 22.8 22.3 25.3 
87719.1 95533.0 174.7 22.3 22.4 25.0 
88557.2 91885.2 166.4 22.7 22.5 24.6 
87315.1 92969.5 171.0 23.2 22.4 25.0 

60348.0 76021.2 132.2 18.1 17.2 19.1 
60568.3 72036.2 126.9 17.3 17.4 18.8 
61810.4 70952.0 122.3 16.8 17.5 18.4 
60513.2 75101.7 127.4 17.3 16.6 19.1 
60733.5 71116.6 122.1 16.6 16.7 18.8 
61590.1 74937.0 127.6 17.6 17.3 18.7 

88754.5 106012.7 179.3 23.3 24.3 27.8 

100998.0 97056.8 186.3 23.6 22.7 27.3 
99995.7 101033.2 191.2 23.3 22.4 27.7 
100833.8 97385.5 182.8 23.7 22.5 27.4 

72828.9 59370.7 133.6 14.5 14.9 17.9 
71990.8 63018.4 141.9 14.1 14.7 18.2 

65278.9 81400.3 131.6 18.6 17.0 19.4 
64834.2 79800.6 130.6 17.7 17.3 19.7 
67805.5 77710.8 118.9 18.0 17.2 19.1 
65890.8 82706.6 123.9 18.5 16.9 19.6 

106962.8 107404.2 182.5 24.9 26.2 28.6 

84238.8 66098.3 143.4 16.2 15.0 19.6 
83817.4 67961.7 142.1 15.9 15.2 19.7 
82979.3 71609.4 150.4 15.5 15.0 20.1 

74520.9 60943.0 141.9 14.5 14.7 18.1 
75359.0 57295.3 133.6 14.9 14.9 17.7 
72828.9 59370.7 133.6 14.5 14.9 17.9 
71990.8 63018.4 141.9 14.1 14.7 18.2 

73639.9 55564.6 132.4 14.9 15.1 17.6 
72828.9 59370.7 133.6 14.5 14.9 17.9 
71990.8 63018.4 141.9 14.1 14.7 18.2 

120896.1 98633.6 204.4 25.6 25.1 31.1 
124014.7 97725.1 207.1 25.9 25.2 31.2 
120448.5 96998.6 215.6 25.5 25.3 30.9 
122590.5 97622.8 204.6 25.8 25.2 30.9 
121708.5 97429.6 214.6 25.7 25.1 31.3 
108777.5 102070.5 191.3 24.9 24.0 29.1 
121513.5 97787.5 204.5 25.6 24.5 31.3 
120284.3 97327.3 212.1 25.6 25.2 30.9 

83895.4 87511.0 149.2 19.5 21.2 23.3 
84880.1 70679.9 149.5 16.2 15.0 20.4 

75359.0 57295.3 133.6 14.9 14.9 17.7 
73639.9 55564.6 132.4 14.9 15.1 17.6 

106591.3 108665.2 208.7 24.7 25.7 29.0 
104874.1 112602.2 206.7 26.3 24.5 30.2 

112332.3 118447.1 204.1 26.9 28.0 31.7 

74739.6 84971.6 149.0 18.8 19.5 22.9 

100058.7 101632.9 206.1 22.9 23.9 27.9 
99419.6 104121.9 212.6 23.2 24.2 28.1 

75189.9 82280.2 147.8 19.7 19.8 22.7 
82882.3 66735.7 150.3 16.1 16.3 19.5 
76981.9 81004.2 152.5 19.4 20.3 22.7 

76411.0 79997.8 129.6 18.4 19.3 21.8 
73639.9 55564.6 132.4 14.9 15.1 17.6 
72828.9 59370.7 133.6 14.5 14.9 17.9 
71990.8 63018.4 141.9 14.1 14.7 18.2 

74529.8 83571.1 140.7 19.2 19.6 22.3 
75799.1 78691.5 137.3 18.4 19.4 21.7 
76153.9 81532.4 131.7 18.0 19.7 21.9 
75572.9 83645.5 137.9 18.0 19.2 22.1 
75160.1 81180.6 143.8 18.7 19.7 21.8 
75737.1 83316.8 141.4 17.8 19.4 22.1 
76575.3 79669.1 133.0 18.2 19.5 21.8 
75498.3 79833.7 132.8 18.0 18.8 22.2 
74495.0 84401.1 146.0 18.4 19.3 22.5 
75772.0 82486.8 136.1 18.7 19.7 22.0 
74660.2 83481.5 141.2 17.6 18.6 22.5 

74986.9 84911.7 145.2 18.1 19.0 22.4 
75014.1 81116.3 146.4 17.8 18.8 22.0 
75178.4 80787.6 149.9 17.7 18.9 22.0 
74757.0 82650.9 148.6 17.4 19.1 22.1 
73133.0 84689.6 157.5 18.6 19.0 22.6 
73883.2 83094.8 153.7 18.4 19.4 22.3 
74375.1 83605.4 152.9 18.1 19.1 22.2 
74322.0 84828.3 152.2 18.3 19.6 22.2 
73936.3 81871.8 154.5 18.2 18.9 22.3 
73772.0 82200.6 151.0 18.3 18.7 22.4 
74964.0 80863.6 149.6 17.8 19.0 22.0 

93653.4 107243.0 179.9 22.9 22.5 26.9 
88805.5 98357.6 178.3 21.3 22.5 25.1 
93867.7 107167.0 180.2 22.8 22.4 26.9 
93653.4 107243.0 180.0 22.9 22.5 26.9 
114747.0 94948.8 216.7 24.2 23.3 31.4 

73496.8 82615.2 142.4 18.9 19.5 21.6 
72907.8 85357.0 145.7 19.2 19.6 21.8 
73819.6 80839.7 139.5 18.7 19.8 21.6 
75476.4 80467.0 140.2 18.6 19.1 21.7 
74158.7 84174.2 131.5 18.8 19.2 21.8 
73711.1 82539.2 142.7 18.7 19.5 21.6 
73546.8 82868.0 139.2 18.9 19.3 21.6 
73769.5 80587.0 142.7 18.7 20.0 21.5 

72828.9 59370.7 133.6 14.5 14.9 17.9 
71990.8 63018.4 141.9 14.1 14.7 18.2 

88517.9 67933.5 150.5 16.5 15.1 20.0 
89356.0 64285.8 142.2 16.9 15.2 19.7 

81665.6 68514.5 148.2 15.5 14.3 19.5 
82503.7 64866.8 139.9 15.9 14.4 19.2 
71231.0 57652.0 140.8 14.0 14.7 17.4 

77010.2 84169.4 140.4 17.7 19.8 22.0 
74073.7 86264.4 144.7 18.1 19.5 22.6 
74238.8 85344.8 139.9 17.3 18.8 22.6 
75737.1 83316.8 141.4 17.8 19.4 22.1 
74703.9 83873.8 147.8 17.6 19.7 22.0 
74495.0 84401.0 146.0 18.4 19.3 22.5 
74660.2 83481.5 141.2 17.6 18.6 22.5 

112406.2 116302.2 191.0 25.5 27.5 31.0 

66528.5 78789.9 130.9 17.9 17.4 19.5 
63757.2 79965.3 130.4 17.5 16.5 20.1 
64834.2 79800.6 130.6 17.7 17.3 19.7 
63592.0 80884.9 135.2 18.2 17.2 20.0 
64222.3 78494.3 138.3 17.8 17.3 19.5 

74520.9 60943.0 141.9 14.5 14.7 18.1 
75359.0 57295.3 133.6 14.9 14.9 17.7 
72828.9 59370.7 133.6 14.5 14.9 17.9 
71990.8 63018.4 141.9 14.1 14.7 18.2 

113723.2 117923.7 198.8 26.3 28.4 31.7 
124517.7 120011.5 214.3 28.8 29.8 32.3 

68672.7 76821.3 133.9 17.3 18.0 20.3 
68837.0 76492.6 137.4 17.2 18.1 20.3 
68622.7 76568.5 137.1 17.3 18.2 20.3 

101400.1 104473.4 211.4 24.0 24.3 28.8 
108921.5 108057.4 205.1 24.8 23.5 30.4 

70603.5 76140.8 133.6 16.8 16.9 20.2 
71680.5 75976.2 133.8 17.0 17.7 19.8 
71518.9 72945.6 132.8 17.0 17.7 19.6 
71298.6 76930.6 138.1 17.7 17.6 19.9 

103251.8 107492.8 210.8 24.3 25.1 29.1 
103037.4 107568.8 210.6 24.4 25.1 29.1 
102830.4 109356.1 209.6 24.0 25.3 29.2 

68365.3 84171.0 128.5 17.9 17.3 20.3 
68638.0 82142.8 128.8 17.7 17.8 20.2 
69203.4 80523.3 120.2 18.3 17.4 20.0 

107683.5 113287.7 200.6 25.3 25.1 29.9 
113152.6 110828.4 210.3 23.5 24.6 31.1 
108466.7 111153.6 206.9 24.5 24.5 30.0 
107736.6 112064.8 201.3 25.1 24.6 29.9 

100620.5 102686.4 201.6 22.8 24.0 28.0 
100008.6 101380.1 209.3 22.9 24.1 27.8 
100846.7 97732.4 201.0 23.3 24.2 27.5 
103153.0 98027.9 193.5 23.4 24.3 27.5 
101458.6 99038.7 193.2 23.2 24.2 27.7 
101508.6 99291.4 190.0 23.2 24.0 27.7 

75359.0 57295.3 133.6 14.9 14.9 17.7 
72828.9 59370.7 133.6 14.5 14.9 17.9 
71990.8 63018.4 141.9 14.1 14.7 18.2 

72729.6 80343.5 130.6 17.0 19.6 20.7 

80228.1 63150.7 148.3 16.3 14.6 19.0 
80193.3 63980.6 153.6 15.5 14.3 19.1 
82841.8 62381.2 132.5 14.8 14.4 18.7 
75359.0 57295.3 133.6 14.9 14.9 17.7 
80610.1 62196.2 144.0 15.6 14.7 18.8 
82733.1 63586.6 134.6 15.2 14.4 18.8 
83056.1 62305.2 132.7 14.7 14.4 18.7 
82053.7 66281.7 137.6 14.4 14.1 19.1 
80867.2 60661.6 141.8 16.0 14.3 18.8 
80817.1 60408.9 145.0 16.0 14.5 18.7 
80029.1 64309.4 150.1 15.6 14.2 19.1 

62229.2 72447.9 121.1 17.3 17.0 18.5 
59922.9 72152.4 128.5 17.1 16.9 18.6 
58680.8 73236.6 133.1 17.7 16.8 18.9 
60534.8 73458.7 120.8 17.1 16.8 18.7 
59292.7 74542.9 125.4 17.6 16.8 19.1 

86218.7 63341.4 134.8 14.9 14.2 18.4 
86168.7 63088.7 138.1 14.9 14.4 18.4 
86383.0 63012.7 138.3 14.7 14.4 18.4 
85544.9 66660.5 146.7 14.4 14.3 18.7 
84741.6 69478.3 149.7 14.8 14.4 18.9 
85579.7 65830.5 141.4 15.2 14.5 18.6 
71990.8 63018.4 141.9 14.1 14.7 18.2 

118174.8 109789.8 214.8 24.4 24.8 30.9 
99702.9 110866.1 182.2 24.2 25.8 29.7 
109120.6 106898.8 203.3 25.5 24.0 30.3 

83213.2 64925.1 143.7 15.5 14.7 20.2 
80709.2 70674.5 152.2 15.3 14.3 20.2 
80449.1 73684.8 150.4 15.1 15.0 20.3 
82210.8 68901.5 148.5 15.2 14.3 20.6 
85371.4 63531.7 149.8 16.6 14.7 20.9 
82738.7 68011.3 141.6 15.4 15.4 20.3 
82322.0 69795.7 151.2 15.3 15.0 20.5 
82375.1 68572.8 152.0 15.1 14.5 20.5 
85268.9 65935.9 141.6 15.8 15.4 20.1 

80608.4 81231.6 152.5 19.5 20.8 22.6 
82448.3 86670.9 159.1 18.9 19.4 24.1 
82662.7 86594.9 159.3 18.8 19.4 24.1 
79098.1 88137.6 151.9 18.4 20.0 23.6 
81869.4 86962.2 152.4 18.9 20.9 23.0 
81971.0 86820.4 156.6 18.6 20.0 23.4 
80894.0 86985.1 156.4 18.4 19.2 23.8 
79563.2 86666.7 159.8 18.7 20.8 23.0 

67955.5 79247.8 119.1 16.7 16.6 20.0 
67316.5 81736.9 125.6 17.0 16.9 20.2 
69196.8 78754.5 122.8 16.8 17.5 19.6 
67905.5 78995.1 122.3 16.7 16.8 20.0 
69032.5 79083.2 119.3 16.9 17.3 19.6 

80272.6 89939.9 144.7 20.1 18.8 23.7 
77843.3 83841.7 147.2 19.5 19.4 23.0 
75730.9 91656.4 157.8 19.0 19.2 24.3 
75502.3 90293.7 157.5 19.6 19.8 23.9 
79660.7 88633.6 152.4 20.1 18.9 23.5 
79434.5 93587.6 153.0 19.7 18.7 24.0 
81967.0 88929.1 145.0 20.3 19.0 23.5 

78201.3 71714.3 162.0 16.6 14.9 20.4 
78583.2 70759.9 157.6 15.9 14.9 20.2 
79004.6 68896.6 158.9 16.2 14.7 20.1 
78840.3 69225.3 155.4 16.3 14.5 20.2 

116256.2 122447.1 207.9 27.1 28.9 32.4 

59593.3 73210.9 121.1 16.0 16.4 18.5 
60232.3 70721.8 114.6 15.7 16.1 18.3 
60849.7 69875.7 114.7 15.7 15.5 18.5 
58351.2 74295.2 125.7 16.5 16.3 18.8 
59620.5 69415.6 122.3 15.8 16.1 18.1 
61669.6 71245.7 117.0 15.5 16.6 18.1 
61926.7 69711.1 114.9 15.9 16.2 18.1 
58990.2 71806.1 119.2 16.3 16.0 18.6 

81287.2 70037.1 142.1 15.5 15.2 19.9 
79218.7 63088.4 137.4 15.6 15.5 18.9 
81708.6 68173.7 143.4 15.8 15.0 19.8 
80870.5 71821.5 151.7 15.4 14.8 20.1 

84132.4 68973.6 152.6 16.4 15.0 19.3 
84074.5 66427.1 139.9 16.3 14.8 19.7 
83130.0 72950.1 157.4 16.1 14.7 19.7 
83968.1 69302.4 149.1 16.5 14.8 19.3 
82979.3 71609.4 150.4 15.5 15.0 20.1 
82872.9 74484.7 159.6 15.7 15.1 19.7 

73639.9 55564.6 132.4 14.9 15.1 17.6 
72828.9 59370.7 133.6 14.5 14.9 17.9 
71990.8 63018.4 141.9 14.1 14.7 18.2 

76966.2 80328.4 142.0 18.1 19.8 22.1 
77835.2 80100.1 132.0 18.5 19.3 22.2 
77387.6 78465.1 143.2 18.4 19.6 22.0 
77578.1 81634.7 134.2 18.1 19.7 22.3 
77223.4 78793.8 139.8 18.5 19.4 22.0 

81315.4 90020.8 161.0 19.7 21.4 24.0 

96311.0 95469.5 201.2 22.1 22.2 26.5 
98748.0 101629.5 200.6 23.9 23.1 27.2 
98974.2 96675.4 200.0 24.3 23.4 26.8 
101280.5 96971.0 192.6 24.4 23.4 26.7 
99586.1 97981.7 192.3 24.3 23.3 26.9 
98962.3 101553.5 200.9 23.7 23.1 27.2 

118614.0 117420.7 242.0 25.8 25.8 31.1 
116371.5 115974.2 229.1 26.0 25.3 31.8 
118065.9 114963.5 229.3 26.2 25.5 31.6 
119225.9 118727.0 234.3 25.7 25.7 31.3 

68171.3 70853.2 126.9 16.6 16.9 19.3 
65052.6 71761.6 124.1 16.3 16.8 19.1 
64684.0 70518.4 122.1 15.8 17.0 19.0 
64233.7 72242.7 130.8 15.9 17.0 19.0 
63198.7 71539.6 136.5 16.8 16.8 19.3 
65102.7 72014.4 120.9 16.3 16.6 19.1 
64440.8 70455.3 131.8 16.3 16.9 18.9 
66747.0 70750.9 124.4 16.5 16.9 18.9 
64025.7 72179.0 120.7 16.0 15.8 19.5 

100161.7 105629.9 179.3 23.9 24.3 27.3 
101472.7 104058.3 177.4 23.5 23.6 27.3 

110800.6 99373.2 229.9 23.5 24.2 29.8 
110379.2 101236.5 228.6 23.2 24.4 29.9 
109558.5 100457.4 234.5 24.0 24.1 30.2 
108755.2 103275.2 237.5 24.4 24.3 30.4 
112088.6 103429.2 228.5 23.0 24.1 30.1 
115490.1 98542.4 210.6 24.0 23.9 29.7 
114816.2 101861.4 222.4 23.5 24.0 29.9 
111638.7 95725.5 221.5 23.9 24.3 29.5 
115654.3 98213.7 214.0 23.9 24.1 29.6 
110636.4 99701.9 226.4 23.6 24.0 29.9 
112942.6 99997.5 218.9 23.8 24.1 29.8 
113780.7 96349.7 210.6 24.2 24.2 29.5 
109997.3 102191.0 232.9 23.9 24.3 30.1 

97922.2 94275.0 184.7 22.6 22.8 26.3 
97118.9 97092.8 187.7 23.0 22.9 26.5 
96869.7 97998.7 192.7 22.3 22.7 26.6 
96280.8 100740.5 196.0 22.6 22.8 26.8 

103195.7 109390.1 198.9 25.0 22.7 28.2 
102942.4 103666.4 202.6 23.8 23.0 28.0 
103577.6 108435.6 194.6 24.3 22.8 28.0 
104695.7 101129.2 190.9 23.1 24.6 27.9 
103999.0 106572.3 195.9 24.6 22.6 27.9 
103834.8 106901.0 192.4 24.7 22.4 28.0 

59922.9 72152.4 128.5 17.1 16.9 18.6 
60534.8 73458.7 120.8 17.1 16.8 18.7 
59457.8 73623.3 120.6 16.9 16.1 19.1 

78251.7 80565.1 142.0 18.5 19.0 22.8 
77360.5 85435.8 149.6 18.3 19.4 23.1 
79328.7 80400.5 142.2 18.7 19.7 22.4 
79275.6 81623.4 141.4 18.9 20.2 22.4 
78198.7 81788.0 141.2 18.7 19.5 22.8 
77448.4 83382.9 145.1 18.9 19.1 23.1 
77395.4 84605.8 144.3 19.1 19.6 23.0 

85397.2 61740.0 152.0 14.5 13.9 18.9 
87263.1 64665.0 144.8 13.7 14.0 19.0 
85123.5 68523.8 145.4 14.1 14.5 18.8 
87427.4 64336.2 148.2 13.6 14.2 18.9 
83678.9 63735.5 153.9 15.1 14.2 18.7 
85544.9 66660.5 146.6 14.4 14.3 18.7 
86624.1 67154.0 151.3 14.0 14.3 19.1 

84499.6 61610.7 133.7 14.8 14.5 18.3 
84663.9 61282.0 137.2 14.7 14.7 18.3 
83825.8 64929.8 145.5 14.3 14.5 18.6 
83661.5 65258.5 142.0 14.4 14.4 18.6 
83860.6 64099.8 140.2 15.1 14.8 18.5 

72906.5 80304.1 146.8 17.6 19.0 21.3 
72692.2 80380.1 146.5 17.7 19.1 21.3 
72103.2 83121.9 149.8 18.0 19.2 21.5 
76566.8 79449.1 144.8 18.9 19.9 21.5 

81250.8 82880.8 145.7 18.9 20.2 22.4 
79392.1 84220.3 142.0 18.8 19.8 22.6 
80230.2 80572.5 133.7 19.2 20.0 22.3 
79556.4 83891.5 145.5 18.7 20.0 22.6 
80394.5 80243.8 137.1 19.1 20.1 22.3 

74176.6 67777.4 147.8 14.1 13.6 18.7 
74383.6 67558.2 152.8 14.5 14.0 18.9 
73962.2 69421.5 151.5 14.2 14.2 19.0 
73580.3 70376.0 155.8 14.9 14.1 19.2 

114587.2 113423.6 215.1 24.9 24.1 30.7 
115332.4 103552.0 214.1 24.3 23.7 30.7 
118030.4 106670.2 206.9 25.5 24.0 30.4 
116135.6 107411.9 221.9 24.3 24.2 30.8 
117015.1 100898.5 218.5 25.3 23.8 30.5 

78164.1 86163.7 149.1 19.7 20.5 23.1 
76469.7 87174.5 148.8 19.5 20.4 23.3 
77802.7 90467.5 157.2 19.5 20.5 24.1 
77190.9 89161.2 164.9 19.5 20.6 24.0 
76462.9 83009.2 151.1 19.6 20.6 22.8 

78960.6 66532.5 151.1 14.2 14.2 18.8 
78746.3 66608.5 150.9 14.3 14.2 18.8 
80670.0 68725.2 151.1 14.0 13.8 18.9 
84617.5 68280.2 149.5 14.5 13.9 18.7 
78164.8 66127.6 148.7 14.0 13.9 19.3 
78693.2 67831.4 150.1 14.5 14.7 18.7 
83324.9 64303.1 139.9 14.8 14.5 18.4 
81241.1 59842.2 138.9 15.1 14.4 18.6 
78539.3 68395.8 149.8 13.9 14.4 18.9 
85034.2 66495.8 139.9 14.6 14.2 18.5 
81343.8 65406.1 139.3 14.5 13.8 18.6 
79634.5 63213.5 139.3 14.7 14.1 18.5 

74520.9 60943.0 141.9 14.5 14.7 18.1 
75359.0 57295.3 133.6 14.9 14.9 17.7 
73509.2 58084.5 142.0 15.2 15.4 17.8 
72828.9 59370.7 133.6 14.5 14.9 17.9 
76956.6 58711.8 141.5 15.5 15.4 17.3 

110194.4 106821.8 208.6 24.5 25.6 29.6 

89536.8 76958.3 156.0 17.3 15.4 22.3 
88789.6 75050.0 167.9 17.7 15.5 21.9 
85522.0 75320.2 159.7 16.4 14.6 21.0 
87080.3 72857.4 167.9 17.9 15.8 21.8 

77192.0 84926.9 144.1 18.1 18.8 23.0 
84069.8 82405.1 141.2 19.2 19.8 23.1 
76115.0 85091.5 143.9 17.9 18.1 23.4 
78886.4 83916.1 144.4 18.3 19.0 22.8 
76580.1 83620.6 151.8 18.1 18.9 22.8 

72828.9 59370.7 133.6 14.5 14.9 17.9 
71990.8 63018.4 141.9 14.1 14.7 18.2 

59975.2 72256.4 116.8 15.3 16.4 18.3 
59593.3 73210.9 121.1 16.0 16.4 18.5 
60232.3 70721.8 114.6 15.7 16.1 18.3 
61669.6 71245.7 117.0 15.5 16.6 18.1 

75359.0 57295.3 133.6 14.9 14.9 17.7 
72828.9 59370.7 133.6 14.5 14.9 17.9 
71990.8 63018.4 141.9 14.1 14.7 18.2 

83435.5 68916.1 146.4 16.6 15.1 19.9 
84238.8 66098.3 143.4 16.2 15.0 19.6 
83817.4 67961.7 142.1 15.9 15.2 19.7 
86561.3 64376.3 153.0 17.2 15.2 20.3 
84024.4 66174.3 143.1 16.3 15.0 19.6 
83400.6 69746.1 151.7 15.8 14.8 20.0 
83236.4 70074.8 148.2 15.9 14.6 20.0 

97536.4 97996.2 197.9 22.9 22.7 26.8 
98181.0 102495.6 197.8 23.6 22.8 27.6 

74520.9 60943.0 141.9 14.5 14.7 18.1 
76153.9 81532.4 131.7 18.0 19.7 21.9 
75359.0 57295.3 133.6 14.9 14.9 17.7 
76411.0 79997.8 129.6 18.4 19.3 21.8 
73639.9 55564.6 132.4 14.9 15.1 17.6 

131365.9 115090.4 234.5 25.3 26.3 31.2 

74933.8 86134.6 144.4 18.3 19.5 22.3 
75160.1 81180.6 143.8 18.7 19.7 21.8 
75737.1 83316.8 141.4 17.8 19.4 22.1 
76575.3 79669.1 133.0 18.2 19.5 21.8 
75772.0 82486.8 136.1 18.7 19.7 22.0 

74347.0 85610.8 146.6 17.4 19.1 22.1 
74619.7 83582.5 146.9 17.3 19.6 22.1 
75178.5 86111.7 138.4 17.4 20.1 22.2 
74511.2 85282.0 150.1 17.3 19.3 22.1 

109843.6 123396.8 239.5 27.5 27.8 32.4 

79166.6 83731.4 143.8 17.9 20.0 22.2 
79588.0 81868.1 145.1 18.2 19.8 22.1 
79423.8 82196.8 141.7 18.3 19.6 22.1 
80004.8 80083.7 135.5 18.3 20.1 21.8 
80426.1 78220.4 136.8 18.6 19.9 21.7 
83587.2 80970.2 134.5 18.7 20.4 21.7 

103444.6 111468.9 211.1 25.7 24.3 29.5 
105139.0 110458.2 211.4 25.9 24.5 29.3 
104282.7 107821.2 202.8 26.1 24.5 29.2 

82186.2 74000.8 154.1 15.9 14.8 20.8 
83024.3 70353.1 145.7 16.3 14.9 20.5 
82058.2 73106.2 154.5 15.8 14.4 20.6 
84820.6 69555.2 153.6 16.4 14.9 20.2 
81843.9 73182.2 154.3 16.0 14.5 20.6 
82896.3 69458.4 146.2 16.2 14.6 20.3 
83982.5 73203.0 162.0 16.0 14.8 20.5 
82474.9 71321.7 144.9 15.9 14.8 20.4 

81169.8 69242.3 144.6 15.0 15.6 19.9 
81005.6 69571.0 141.1 15.1 15.4 19.9 
83535.7 67495.6 141.1 15.6 15.4 19.8 
84238.8 66098.3 143.4 16.2 15.0 19.6 
80167.4 73218.8 149.4 14.7 15.3 20.3 
80331.7 72890.0 152.9 14.6 15.4 20.2 
81708.6 68173.7 143.4 15.8 15.0 19.8 
80748.4 71105.6 143.3 14.7 15.8 20.0 
80366.5 72060.1 147.6 15.4 15.7 20.1 

77217.2 82382.0 141.4 18.2 19.6 21.9 

119783.0 107781.3 204.8 24.3 23.9 30.9 
120337.5 102212.0 198.0 24.6 24.5 30.5 
119066.0 104919.1 207.3 24.6 24.4 30.6 
119816.2 103324.3 203.5 24.4 24.8 30.3 
119499.4 105859.8 206.3 24.2 24.4 30.8 

