24.2 22.7 24.7 24.9 22.2 22.2 
25.7 23.9 23.7 25.3 22.1 22.7 
24.1 23.9 24.4 26.8 22.2 21.0 
23.8 23.5 23.8 26.1 23.3 20.8 
23.5 24.0 24.6 26.2 22.5 21.3 
24.3 24.0 23.9 25.9 22.2 21.3 
24.1 24.3 24.4 26.4 21.5 20.9 

57.6 60.4 52.5 51.2 53.7 49.0 
58.1 60.8 53.5 52.4 53.2 50.2 
58.2 61.2 53.1 52.1 53.7 50.0 
57.6 60.4 52.4 51.1 53.5 50.5 
57.6 61.0 53.0 51.6 53.7 50.0 
57.5 60.7 52.3 50.7 53.6 50.3 

30.9 30.9 28.1 27.5 26.5 23.9 
30.9 29.7 27.4 28.6 25.4 24.1 
31.6 30.2 26.8 27.9 26.1 24.6 

24.9 24.9 23.3 24.1 22.6 20.1 
26.4 23.8 23.9 25.6 20.6 21.7 
25.8 24.8 23.7 24.2 22.0 19.9 
25.5 23.6 23.3 24.5 21.3 21.3 

28.0 26.9 25.0 24.8 23.6 22.4 

19.7 16.4 17.5 17.8 16.0 15.9 
20.1 16.3 18.3 18.4 15.8 16.3 
19.9 16.6 17.8 18.5 15.9 16.0 
19.3 16.7 18.0 18.4 15.8 16.0 
19.0 18.8 20.3 19.2 17.5 15.9 
19.9 16.8 18.2 18.8 15.7 15.4 

28.1 28.0 26.2 25.1 23.9 21.5 
27.5 28.5 27.2 25.2 25.2 21.5 
28.0 27.7 26.8 25.9 24.5 22.3 
27.5 28.3 26.3 24.6 25.3 21.7 
27.6 28.1 26.7 25.3 25.2 21.9 

18.5 18.1 19.2 18.6 15.0 16.5 
19.3 18.2 18.5 18.3 14.7 16.5 
18.8 17.7 18.4 18.5 15.8 15.9 
18.0 18.5 19.4 19.2 15.6 15.6 
17.9 18.2 19.4 19.3 15.4 15.4 

29.8 29.3 28.1 27.5 25.4 22.9 
29.7 29.4 27.8 26.8 25.5 22.8 

27.1 31.3 28.4 28.6 28.3 26.8 
28.6 31.3 27.0 27.3 30.1 26.7 
28.7 31.2 26.6 27.5 30.4 26.1 
28.4 31.6 27.4 27.6 29.6 26.7 
27.7 30.3 26.6 26.7 30.1 26.2 
29.5 32.1 26.8 28.6 29.8 26.1 
28.3 31.1 26.1 27.1 30.1 25.5 
29.6 31.9 27.2 29.3 29.8 26.2 
26.2 30.7 27.8 27.4 30.3 26.0 
28.6 32.0 27.2 28.5 29.4 26.3 
27.0 30.3 27.3 27.0 30.4 26.2 
29.2 32.0 26.3 28.2 29.6 25.5 

18.1 19.6 17.9 19.4 21.0 19.0 
18.0 20.7 18.1 19.1 21.8 18.5 
17.4 20.0 18.2 18.9 20.2 18.6 
17.8 19.9 17.4 19.0 21.3 18.7 
17.8 19.9 17.9 18.4 19.9 19.1 
18.2 20.1 17.2 19.0 21.9 18.8 
17.9 20.4 17.0 18.7 21.9 18.6 
17.4 21.6 16.7 18.6 19.0 18.4 

29.7 27.9 25.0 25.6 24.9 23.0 
29.1 27.6 24.7 25.9 24.4 23.1 
29.5 27.8 24.7 26.2 24.5 22.7 

17.8 18.7 21.0 19.3 17.4 15.9 
19.3 16.5 17.5 18.2 15.4 16.0 
19.7 16.4 17.2 17.9 15.4 15.3 
19.2 16.2 17.7 18.0 15.3 15.2 
17.9 16.4 18.9 19.0 15.5 15.3 
16.7 22.2 18.7 19.0 19.3 17.8 
18.7 16.5 18.2 18.7 15.2 15.3 
19.3 16.7 17.8 18.5 15.3 15.4 
18.8 16.3 17.9 18.3 15.4 15.9 

24.6 24.7 23.9 23.2 21.5 21.0 
25.9 24.3 23.3 24.0 22.0 21.1 
25.2 24.5 23.6 23.3 22.0 20.6 

28.1 26.2 24.9 25.1 23.3 22.2 

50.6 52.3 47.2 53.3 47.6 44.6 
51.0 51.5 46.9 52.6 46.7 44.8 

28.2 27.8 26.9 26.9 25.4 22.0 
29.6 28.0 26.5 26.8 24.4 22.4 
29.6 28.1 26.2 26.1 24.5 22.3 
28.8 28.0 27.0 26.4 24.7 21.6 
28.8 28.1 26.6 25.7 24.7 21.5 

24.7 22.1 20.9 22.1 19.2 20.4 
24.7 22.3 21.2 22.4 19.1 19.8 
25.3 22.1 21.1 22.1 19.2 20.0 
25.2 22.1 21.9 21.5 19.4 20.0 
24.4 22.0 22.6 21.9 19.7 20.0 
24.5 22.0 21.6 21.6 19.4 20.4 
23.5 21.9 22.9 21.7 19.6 19.4 
24.2 21.8 22.4 21.8 19.7 20.0 

44.6 48.9 44.3 41.9 44.1 38.5 
45.0 49.2 44.3 42.6 44.1 38.8 
45.2 47.8 42.5 42.5 45.0 38.1 
45.6 48.2 42.3 43.3 45.6 37.4 

42.7 46.7 41.0 46.9 42.5 39.5 
43.7 46.7 39.8 47.9 42.1 40.3 
42.7 46.3 40.5 46.9 41.5 39.9 
41.9 46.1 40.5 46.0 42.6 40.0 
42.1 46.1 39.7 46.5 42.4 39.9 
41.9 45.7 40.0 46.0 41.5 40.3 

16.6 19.3 18.9 19.2 19.4 18.6 
16.5 20.3 18.5 20.3 19.1 17.9 
16.9 20.3 17.4 18.8 20.1 18.3 
17.8 22.0 17.4 19.4 20.9 18.1 
17.5 22.1 17.7 19.9 21.2 17.6 
16.0 19.7 18.7 19.4 19.9 17.8 
17.9 22.3 17.9 20.0 20.1 18.1 
17.1 20.3 19.0 19.3 20.3 17.9 

19.1 20.1 22.4 21.4 17.8 16.0 
18.8 18.6 20.9 20.3 17.6 16.3 
18.6 20.0 20.5 20.0 18.9 16.7 
15.6 22.2 17.6 19.4 18.6 18.1 
18.5 20.4 22.4 20.9 19.1 16.3 
18.8 18.9 19.8 19.3 17.3 16.1 

15.8 20.2 16.0 17.3 18.5 16.3 
15.3 21.7 17.8 19.2 18.8 17.2 
15.6 22.1 17.8 19.3 18.4 17.1 
16.3 19.9 15.5 16.7 18.6 16.2 
16.6 19.8 15.5 16.9 18.6 16.6 

30.2 29.5 27.0 26.9 26.2 23.4 
30.0 28.8 26.7 27.0 26.0 24.8 
30.3 28.7 26.3 26.6 25.5 23.8 

23.3 22.5 21.7 22.1 18.0 18.4 
22.3 22.4 21.9 23.2 19.0 18.2 
22.7 23.1 23.4 22.1 20.1 19.0 
23.7 23.2 22.7 22.0 18.5 17.9 
22.8 21.9 21.3 22.7 18.3 17.9 
22.9 22.6 22.0 22.7 18.3 17.9 

15.3 21.7 17.8 19.2 18.8 17.2 
15.7 22.0 17.2 18.6 19.2 17.3 
18.8 19.4 20.6 19.0 16.4 16.6 
15.5 22.3 18.5 18.9 18.6 17.5 
19.4 19.3 20.4 19.0 16.4 16.5 
15.1 22.2 18.3 19.2 18.8 17.9 
15.4 22.4 18.5 19.3 18.8 17.9 
15.9 21.3 18.0 19.0 18.2 17.9 
16.3 21.6 17.4 18.5 18.6 18.0 
16.2 21.7 16.6 18.0 19.4 17.2 

40.6 38.2 35.0 41.5 34.3 33.1 
40.2 38.6 35.5 40.1 35.9 34.3 
40.1 37.9 35.4 40.5 34.2 33.1 
40.6 38.1 35.2 40.1 33.7 33.1 

18.7 22.7 17.0 20.0 22.2 17.3 
19.4 22.3 16.5 19.6 22.3 17.5 
18.9 22.1 16.6 19.7 21.7 17.5 

28.5 27.7 25.9 26.1 23.8 21.7 
28.2 27.9 26.1 25.6 24.5 22.2 
28.1 28.0 25.7 24.9 24.6 22.1 

25.9 28.7 25.4 25.4 27.7 25.5 
27.9 28.0 27.9 27.3 28.5 25.5 
25.7 28.5 25.6 26.1 28.9 26.3 
25.5 28.6 25.1 25.1 26.8 26.3 
27.3 28.3 25.6 26.4 28.5 26.2 
27.2 28.4 27.6 27.2 29.0 25.3 
26.5 28.3 26.0 26.3 28.0 26.3 
25.4 29.2 25.6 26.1 27.6 26.3 

20.6 18.9 21.6 20.9 17.5 17.2 
22.0 19.5 20.4 21.6 17.1 17.8 
15.9 17.8 18.5 16.5 19.2 13.8 
21.7 19.1 20.5 21.6 17.5 17.8 
20.8 19.0 20.9 21.4 17.4 17.2 
21.1 18.5 20.1 21.3 18.2 16.7 

25.3 27.2 25.3 25.1 24.7 20.8 
25.4 26.0 24.1 24.6 22.4 20.8 
25.0 26.0 23.5 25.3 23.0 20.9 

17.5 16.8 17.0 17.1 14.8 14.8 
17.7 17.0 17.1 17.2 14.8 14.7 
17.3 16.5 17.7 17.4 15.4 14.5 
16.8 16.8 16.9 18.0 15.0 14.7 
16.7 16.9 18.0 17.8 14.9 14.2 
17.8 16.6 16.8 17.6 14.0 14.3 

30.1 29.1 26.7 27.2 25.0 23.7 

27.4 27.5 24.6 25.3 23.8 21.3 
27.2 26.4 23.7 24.9 23.1 21.8 

19.3 21.9 19.4 20.9 24.8 19.7 
20.5 22.1 19.2 20.6 24.8 19.4 
20.1 21.9 18.7 20.6 24.5 19.7 
20.5 22.1 19.4 20.2 24.3 20.5 
20.7 21.5 18.9 20.4 23.9 20.5 
19.9 21.5 19.6 20.7 24.2 20.5 
21.1 21.7 19.4 20.4 24.2 20.1 

28.6 28.3 26.2 25.9 25.1 22.8 
28.2 28.7 26.8 26.5 26.5 23.6 

28.7 27.6 25.3 27.0 23.9 23.1 
28.7 27.8 24.9 26.3 23.9 23.0 

50.5 53.5 47.4 54.6 48.2 47.7 
50.4 53.4 46.9 55.1 47.9 47.7 

48.0 51.1 43.3 52.6 45.0 42.7 
47.8 51.0 44.1 52.1 45.1 42.7 
47.9 51.9 44.1 52.8 45.6 42.3 
47.7 51.8 44.8 52.3 45.8 42.3 

28.9 32.8 30.3 30.7 33.6 28.1 
28.4 32.8 31.0 30.6 33.8 28.0 
28.7 33.1 31.2 30.6 33.8 27.9 
28.7 32.7 30.7 30.0 33.5 28.5 
29.9 32.0 29.9 30.1 32.5 27.3 
29.0 32.5 31.2 30.4 33.2 28.7 

17.4 21.8 18.2 18.6 19.4 18.1 
17.1 22.5 18.1 18.4 19.7 17.9 
16.7 22.2 18.7 19.0 19.3 17.8 
17.1 22.7 17.9 19.2 19.6 17.6 

24.3 24.5 23.9 24.0 20.9 20.3 
24.8 23.8 23.0 23.4 20.2 19.6 
24.2 24.8 24.6 23.6 22.2 20.1 
24.2 24.9 24.9 24.0 22.1 19.5 
24.3 24.6 23.8 23.9 22.6 20.5 

17.3 22.8 18.6 18.6 19.4 17.8 
16.9 22.4 18.9 19.1 19.3 17.8 
17.0 22.1 18.4 18.5 19.0 18.3 
17.1 21.9 18.2 18.4 19.4 17.7 
16.7 22.2 18.7 19.0 19.3 17.8 
17.1 22.7 17.9 19.2 19.6 17.6 

48.9 46.9 44.0 48.6 43.7 42.9 
47.9 48.9 45.2 48.6 44.8 42.7 
49.2 46.7 43.9 49.1 42.9 42.4 
48.8 47.1 44.4 48.9 43.5 42.3 

23.5 25.4 21.9 23.5 27.4 22.3 
24.9 24.9 22.9 23.0 28.2 22.6 
25.4 25.9 22.0 23.5 27.6 22.5 

18.5 17.0 18.3 18.0 14.4 16.1 
18.5 16.8 17.9 17.5 15.3 16.3 
18.9 16.5 18.8 19.1 13.5 16.5 
18.3 16.9 18.1 17.2 15.7 16.1 
19.1 16.9 17.4 16.9 15.4 16.2 
19.0 17.7 17.8 17.6 15.1 15.6 
20.0 15.6 18.0 17.5 14.9 16.3 
18.8 16.8 17.4 17.3 14.6 15.7 
19.1 17.1 17.8 16.8 15.3 15.9 
19.7 16.1 18.8 17.6 14.1 16.9 
18.2 16.6 17.7 17.8 15.1 15.6 
17.9 17.1 18.5 17.9 14.3 16.1 
18.8 16.6 16.8 16.7 16.1 15.7 
18.4 16.6 18.7 18.2 14.6 15.9 
18.8 16.5 17.5 17.8 15.2 15.6 
18.4 17.2 17.9 17.2 15.2 15.6 
18.5 16.9 17.3 17.7 15.6 16.1 

19.9 20.3 19.5 20.0 16.5 17.3 
21.4 19.0 19.3 20.2 15.5 17.9 
20.0 19.3 19.8 20.7 16.4 17.1 
20.2 20.1 19.3 20.5 15.7 16.8 

19.6 16.9 19.1 18.8 14.5 16.5 
18.8 16.9 18.9 19.6 14.7 15.3 
18.8 17.2 19.4 19.9 15.1 15.4 
18.9 17.3 18.9 19.0 15.1 15.8 
15.6 21.0 17.0 17.9 18.5 16.9 
16.2 21.4 15.9 17.8 18.8 16.9 
15.9 21.5 17.0 18.8 18.1 17.1 
20.0 16.5 17.6 18.5 16.0 15.5 
15.6 21.3 16.8 18.7 18.1 17.2 
16.1 21.0 16.3 18.1 18.3 17.1 
19.4 16.8 19.6 19.7 14.5 16.1 

30.3 29.3 26.9 28.1 25.8 23.5 
30.2 29.4 26.6 27.4 25.9 23.4 
30.4 28.4 26.2 27.9 25.1 23.9 
30.3 28.6 25.8 27.2 25.2 23.8 

37.7 36.2 33.9 35.5 33.9 32.9 
38.9 35.9 34.6 34.3 32.3 32.8 
37.4 35.9 34.1 34.7 33.8 33.1 
37.7 34.2 34.2 31.9 32.8 32.4 
37.5 34.1 34.1 32.1 32.3 32.2 

27.6 26.2 23.6 24.9 23.4 21.5 
27.0 26.2 23.4 24.9 23.4 21.9 

15.8 21.9 17.6 19.0 18.7 17.4 
15.9 21.3 17.5 18.7 18.9 17.7 
15.9 21.4 17.4 18.4 18.8 17.9 
15.8 20.9 17.8 18.8 18.2 18.1 
15.7 21.5 18.1 19.4 18.2 17.6 
16.2 21.4 17.4 19.5 18.0 17.7 
15.4 21.0 18.1 19.3 18.5 17.6 

56.3 58.5 51.2 58.2 51.7 50.9 
54.8 58.2 51.2 57.2 52.0 51.1 

36.4 37.1 34.9 38.5 35.4 32.8 
35.9 36.3 34.1 38.0 35.7 32.3 
35.4 34.5 35.6 36.9 33.9 32.4 
35.9 34.3 36.0 36.7 33.3 33.1 
36.0 35.6 35.0 37.0 34.9 33.8 
36.1 36.1 34.5 36.6 35.4 33.6 
35.2 34.6 35.2 36.5 33.9 32.6 

26.4 25.3 24.1 25.1 21.8 21.1 
26.7 25.5 24.3 25.2 21.8 21.0 
26.3 26.1 24.8 25.4 22.5 20.7 
26.1 25.4 24.5 25.4 22.5 21.1 

18.1 24.0 18.0 20.8 21.5 18.1 
18.4 22.0 20.6 21.0 24.2 20.4 
18.2 22.8 17.1 20.1 21.2 17.6 
18.4 23.9 17.8 20.0 21.3 18.7 
20.6 20.5 19.4 20.0 24.4 20.3 
19.4 21.3 19.9 20.9 24.0 20.2 
19.8 20.8 19.9 20.4 24.3 20.0 
18.9 21.1 20.3 20.7 24.0 20.7 
18.7 21.9 20.3 20.5 23.9 20.9 
18.6 21.2 20.6 21.2 24.3 20.2 

28.5 26.8 23.9 25.4 23.9 23.0 

47.4 46.7 42.7 48.9 43.0 42.7 
47.5 46.8 42.0 49.4 42.9 42.7 

26.2 24.1 23.9 23.8 21.5 21.5 
25.8 23.8 23.4 24.3 20.8 21.3 
25.5 24.1 22.9 24.6 20.2 21.6 

18.3 18.9 20.5 19.1 17.4 16.0 
18.4 18.4 20.9 20.4 16.6 16.8 
18.8 18.6 20.0 18.5 17.6 15.9 
19.5 18.0 19.4 19.9 17.1 16.3 
18.5 19.3 20.6 19.4 16.5 16.7 
18.7 17.9 20.1 20.2 17.4 16.3 

27.1 26.3 25.2 25.3 23.3 21.9 
28.1 26.5 23.6 25.4 22.9 21.3 

15.3 21.7 17.8 19.2 18.8 17.2 
15.5 22.3 18.5 18.9 18.6 17.5 
18.3 18.9 20.5 19.1 17.4 16.0 
18.8 16.8 18.7 19.1 14.6 16.1 
15.9 22.0 18.0 18.3 18.8 17.4 
19.0 16.9 18.2 18.3 14.6 16.5 
18.8 20.1 20.7 18.3 17.8 17.0 
19.9 16.4 17.3 18.7 15.1 15.6 
15.3 22.7 17.9 18.9 19.4 17.8 
18.8 17.0 18.4 18.5 14.7 16.0 
19.6 16.9 18.0 18.8 14.3 16.2 

16.2 21.8 17.8 18.5 19.1 17.4 
15.5 22.3 18.5 18.9 18.6 17.5 
16.7 22.2 17.3 17.9 19.2 17.8 
15.9 22.6 17.8 18.3 19.0 17.6 
16.4 22.3 17.3 17.7 19.2 17.5 
16.2 21.9 18.0 18.5 18.8 17.7 
16.4 22.5 17.1 18.5 18.9 17.7 
15.5 22.8 18.3 19.5 20.3 17.8 
16.5 22.2 18.0 18.1 18.4 18.3 
16.6 22.5 17.7 18.4 19.1 17.5 

22.5 21.1 22.2 21.8 19.7 18.7 
22.8 21.0 21.8 21.6 19.1 18.6 
23.0 21.1 21.1 22.1 18.9 18.6 
22.7 21.9 22.5 21.9 19.7 18.2 
22.9 21.9 21.8 22.4 19.6 18.2 

22.7 23.9 23.6 23.5 20.0 19.4 
25.5 23.6 22.7 22.1 20.7 19.1 
23.9 23.7 22.4 23.0 19.5 19.4 

30.7 30.4 27.1 26.8 26.6 23.6 
30.5 28.0 26.9 28.2 25.0 23.8 

43.0 46.2 42.8 47.0 44.0 39.9 

27.5 25.9 23.8 25.2 22.6 22.2 
27.8 26.2 24.2 24.7 23.3 22.3 
27.6 25.8 24.2 25.9 22.5 22.3 

15.9 22.5 18.9 18.4 18.7 17.8 
17.0 22.4 18.0 18.6 18.5 17.9 
15.8 21.7 18.0 19.2 18.6 17.7 
16.3 22.4 17.3 18.8 18.4 17.9 
15.2 21.8 18.2 19.1 18.5 17.8 
16.1 22.2 17.9 19.2 18.2 17.7 
16.4 22.5 18.2 18.5 18.5 17.9 
15.7 21.8 17.5 19.2 18.3 17.9 
15.9 21.6 17.7 19.3 18.9 17.1 
15.8 21.5 18.3 18.9 17.9 18.5 
17.9 17.5 17.8 20.1 13.4 16.1 
16.3 21.7 17.3 19.3 18.4 17.9 

28.5 27.8 26.7 26.8 24.5 22.6 
28.5 26.7 25.5 26.2 23.6 23.0 

15.6 20.9 17.3 18.8 18.1 16.9 
15.5 21.0 17.6 18.7 17.8 17.5 
15.1 21.1 18.3 18.5 18.0 17.4 
16.2 20.7 17.8 18.5 17.2 18.3 
15.5 20.8 17.8 17.9 18.1 17.3 
15.7 20.7 18.5 18.3 17.4 18.2 
15.8 20.7 17.8 18.1 18.1 17.7 
15.9 20.9 17.3 18.1 17.5 18.1 

31.7 32.6 33.1 32.5 31.8 30.3 
33.5 30.9 32.2 33.4 30.9 30.7 
33.9 31.6 33.0 31.5 32.4 30.6 
34.8 32.8 32.4 33.9 30.3 31.0 
33.9 31.2 32.8 33.1 30.2 30.2 
33.1 31.4 32.7 33.1 31.4 30.4 
33.2 31.2 32.6 32.4 32.3 29.7 
33.7 31.4 31.8 33.1 31.4 30.5 

26.9 25.4 24.8 24.9 23.0 21.6 
26.7 25.7 25.1 24.6 22.1 21.0 
27.1 25.5 24.0 25.4 22.8 21.6 
26.8 25.2 23.5 25.7 22.9 21.8 

21.6 19.3 18.9 19.5 16.5 16.4 
20.4 19.6 20.1 20.5 16.6 16.4 
20.7 19.0 20.5 20.3 15.9 17.0 
20.0 19.5 19.7 20.6 16.2 16.5 
19.6 19.5 20.5 20.4 16.2 16.6 
21.3 18.4 19.6 19.2 15.6 17.1 
21.0 19.8 20.3 20.5 15.9 16.5 

21.3 19.5 19.4 21.7 19.1 17.7 
21.0 20.0 20.1 21.9 18.3 18.2 
21.9 20.1 20.5 21.1 18.3 16.9 
22.1 19.5 19.0 20.9 17.2 16.8 

18.6 21.6 17.5 18.6 22.6 17.0 
18.4 22.1 18.2 19.4 22.4 17.1 
17.6 21.2 16.9 18.2 21.8 17.3 
18.1 21.9 18.0 19.3 22.4 17.1 
19.3 24.1 17.1 20.1 21.0 18.2 

25.7 27.0 25.8 28.2 22.6 21.8 
25.2 26.4 25.1 29.0 23.5 22.8 
27.0 27.8 25.5 28.7 22.6 20.9 
24.6 28.5 27.7 30.1 22.5 22.2 
25.7 27.2 26.1 28.6 22.4 21.2 
25.2 26.7 26.0 29.4 23.2 22.3 
25.1 27.0 26.0 29.1 23.1 21.6 
26.3 27.7 25.4 29.2 23.4 21.2 
25.1 27.5 26.7 28.9 22.2 21.1 
26.4 26.4 25.7 28.9 24.4 23.3 
25.8 26.8 26.2 28.9 22.5 21.9 
26.2 26.4 26.2 27.8 22.4 21.4 
26.5 28.5 25.7 28.6 23.3 21.2 

18.5 16.4 18.1 18.5 15.7 15.9 
19.3 16.5 17.5 18.2 15.4 16.0 
20.5 17.0 17.3 18.3 16.0 15.4 
18.5 16.6 18.5 18.8 15.6 15.3 
19.1 16.1 18.3 18.3 15.1 16.7 

18.7 19.6 20.8 19.5 16.5 16.6 
15.5 22.3 18.5 18.9 18.6 17.5 
16.2 21.7 18.8 18.6 18.7 17.6 
18.0 19.4 21.3 19.3 16.7 16.5 
15.9 22.0 18.0 18.3 18.8 17.4 
18.5 19.3 20.6 19.4 16.5 16.7 
18.6 19.6 20.3 18.3 17.4 16.3 
18.1 19.8 20.9 18.9 17.2 16.4 
15.4 21.0 18.1 19.3 18.5 17.6 
18.6 19.0 21.5 19.1 16.1 17.3 
15.3 21.7 17.8 19.2 18.8 17.2 
18.2 19.6 21.5 19.4 16.6 16.5 
16.0 22.2 17.8 19.1 18.4 17.6 
18.6 19.3 21.1 19.3 16.7 16.5 

27.5 26.7 22.8 24.9 23.8 22.5 
28.1 26.6 22.6 25.5 23.4 22.2 

20.5 23.1 24.2 21.0 20.5 17.7 
21.8 19.4 20.5 21.6 17.6 16.6 
17.9 21.4 17.3 19.1 22.9 17.3 

32.1 33.3 28.7 28.4 31.9 29.1 
29.9 31.2 27.9 31.7 26.4 25.9 
29.2 30.0 27.9 31.1 25.7 26.3 
32.5 33.8 29.3 29.1 31.4 28.7 
29.6 31.7 28.6 31.8 25.6 26.4 
29.6 29.9 27.6 30.6 25.4 26.9 
31.4 34.7 29.9 29.8 31.6 29.4 
31.7 34.5 30.7 29.1 31.0 29.0 

23.6 23.6 22.8 24.8 20.9 20.9 
23.7 23.6 22.0 25.3 20.7 20.9 
24.4 23.5 22.1 25.1 20.2 20.4 
23.3 23.4 23.3 25.2 21.5 20.5 
24.1 23.2 22.8 25.8 21.4 19.5 
23.4 23.0 23.1 24.8 21.0 20.7 
23.7 23.4 22.4 24.9 21.2 20.3 

39.4 42.6 36.9 40.1 39.4 34.9 

17.1 23.9 19.2 20.2 21.0 18.5 
16.9 23.7 19.0 20.1 21.0 18.5 
19.3 16.3 18.2 19.4 16.3 16.0 
19.0 16.8 19.0 19.5 15.5 16.5 
18.2 16.7 18.4 18.9 17.0 16.0 
19.9 16.4 18.5 19.4 16.3 15.6 
18.6 16.6 18.0 18.6 16.3 15.9 
17.9 23.4 20.6 21.3 22.6 19.4 
20.7 16.4 17.8 19.1 16.0 15.7 

22.6 21.5 20.5 21.1 18.8 18.5 
21.4 22.7 22.2 19.6 25.2 19.0 
21.7 21.4 20.8 20.9 18.8 17.9 
22.5 21.5 21.6 21.2 18.6 18.5 
22.8 21.0 20.8 21.1 19.4 17.9 
22.7 21.7 21.8 21.3 18.6 18.4 
22.5 21.5 21.2 20.6 19.0 18.5 
22.7 21.1 22.2 21.7 18.6 19.0 

15.3 21.7 17.8 19.2 18.8 17.2 
16.5 21.2 17.3 18.8 19.0 17.7 
18.0 19.4 21.3 19.3 16.7 16.5 
15.9 21.3 17.5 18.7 18.9 17.7 
20.3 16.5 17.5 18.1 14.9 16.7 
15.9 21.6 17.7 19.3 18.9 17.1 
19.6 16.6 17.7 18.0 14.8 16.7 
19.6 16.2 18.2 18.9 15.8 16.4 
18.2 16.9 18.9 18.6 14.9 16.5 

17.2 22.1 18.0 19.2 19.1 17.9 
17.6 21.8 17.5 18.5 19.2 17.9 
17.4 21.8 18.2 18.6 19.4 18.1 
17.0 22.1 18.4 18.5 19.0 18.3 
16.7 22.2 18.7 19.0 19.3 17.8 
17.8 22.0 17.9 19.2 19.2 17.9 

26.7 26.1 24.3 25.6 22.2 20.7 

16.5 22.9 18.9 17.6 18.5 18.0 
15.9 21.5 17.7 18.7 18.6 18.0 
15.2 21.8 18.2 19.1 18.5 17.8 
15.5 21.7 17.9 18.6 18.2 18.3 
16.7 22.4 17.9 18.0 18.2 18.5 
16.2 22.4 18.5 17.8 18.4 18.3 

24.0 21.5 22.4 23.0 18.9 21.2 
22.0 22.9 24.6 24.0 20.5 19.3 
22.5 22.6 24.1 23.4 20.6 19.2 
22.4 22.8 23.6 23.7 19.9 18.9 
23.5 21.7 21.8 23.2 19.0 19.0 

44.4 42.6 42.0 40.2 41.7 39.0 
43.2 44.5 41.0 39.9 42.8 39.3 
44.5 43.1 41.5 39.8 42.2 38.8 
43.9 43.6 41.2 39.7 42.7 38.7 
42.4 44.4 41.7 40.2 43.1 39.3 

30.2 29.5 27.3 27.1 26.1 23.2 
30.4 30.2 27.9 27.0 26.4 23.4 
30.0 29.9 27.4 27.5 25.7 23.3 

28.0 26.5 24.6 25.6 22.5 22.3 

15.7 21.0 18.1 18.6 18.0 17.4 
15.9 21.2 18.3 18.7 18.0 17.3 
18.0 19.4 21.3 19.3 16.7 16.5 
15.3 21.3 18.5 18.6 17.9 17.4 
15.1 21.1 18.3 18.5 18.0 17.4 
19.0 16.9 18.2 18.3 14.6 16.5 
19.0 19.4 21.6 19.3 16.0 16.4 
15.8 20.7 17.8 18.1 18.1 17.7 
16.1 20.9 18.0 18.2 18.1 17.6 
18.3 19.5 21.7 19.7 15.9 16.2 
17.1 19.3 21.7 19.1 16.6 16.0 

28.3 28.1 25.9 25.9 24.4 22.1 
28.0 27.0 24.8 26.2 23.0 22.3 
27.7 27.2 25.0 25.7 23.8 22.8 
27.3 28.1 25.6 25.9 25.0 22.2 

29.6 28.7 26.2 26.6 25.1 23.7 
29.6 27.9 25.8 27.2 24.8 23.8 
30.2 28.2 25.7 27.5 25.3 24.2 

30.8 30.0 31.5 33.1 29.6 29.4 
29.5 29.5 33.5 32.2 28.5 28.9 
30.3 30.1 32.2 32.9 29.8 29.2 
30.2 29.5 32.9 32.8 29.1 29.0 
29.6 32.5 30.4 32.5 30.6 31.6 
28.7 29.5 33.2 32.8 28.0 29.1 
28.5 31.6 30.3 30.9 31.1 30.6 
31.6 30.0 31.8 32.5 30.1 29.1 

30.3 30.1 27.4 25.3 26.7 23.5 
29.4 29.0 26.3 25.9 25.6 22.8 

30.5 30.1 27.9 27.4 26.5 23.5 
30.6 29.6 27.2 26.4 25.7 24.2 

56.8 59.2 52.0 60.3 53.1 51.6 
57.1 59.1 51.5 60.1 52.4 51.5 
56.3 59.1 52.0 59.6 52.6 50.8 

22.2 22.6 22.2 23.2 20.3 19.4 
24.5 23.5 22.5 24.4 18.4 20.4 
25.0 22.8 22.1 24.2 19.1 20.2 

26.4 24.7 24.1 27.9 24.7 22.9 
26.8 25.0 25.1 28.4 25.7 21.9 
27.4 25.0 23.7 27.6 24.6 22.4 
27.4 24.8 24.1 28.3 24.6 22.5 
25.7 24.7 24.8 28.2 25.0 22.9 
26.8 24.6 23.8 27.4 24.4 23.4 
25.7 24.5 24.4 28.4 25.3 22.3 
27.0 25.1 24.1 27.9 25.3 22.5 
28.4 25.8 22.9 28.2 25.4 23.2 

16.4 18.0 18.7 16.0 17.3 14.3 
18.0 19.4 21.3 19.3 16.7 16.5 
18.0 19.3 22.0 19.1 16.0 15.9 
19.2 17.1 17.7 17.9 14.0 16.9 
19.0 16.9 18.2 18.3 14.6 16.5 
17.3 22.1 18.5 19.1 19.4 17.8 
18.8 16.8 18.2 18.7 13.6 16.3 
18.3 19.5 21.7 19.7 15.9 16.2 
15.9 18.0 19.3 15.9 17.5 14.2 
17.1 19.3 21.7 19.1 16.6 16.0 
18.2 16.9 18.9 18.6 14.9 16.5 

47.9 46.4 48.9 45.6 45.5 44.0 
48.6 46.0 48.6 45.6 44.6 44.2 
48.7 46.4 48.2 45.3 45.2 44.0 

16.9 17.7 16.6 15.1 17.0 12.0 
16.2 17.1 17.3 16.1 17.3 13.2 
16.5 18.0 17.2 15.8 16.8 12.1 
16.3 17.6 16.5 15.7 17.7 12.4 
15.8 17.9 17.0 16.3 17.6 12.5 
16.8 17.7 16.4 16.0 17.3 13.0 
15.6 17.4 17.1 16.2 17.9 12.5 
16.2 17.8 16.7 15.8 17.3 13.0 
17.1 17.7 17.3 15.6 16.2 12.9 
15.3 17.5 18.3 17.0 18.6 12.9 
16.1 17.4 17.3 16.6 18.1 13.6 
16.8 17.2 17.4 15.5 16.6 12.9 
16.3 17.1 16.6 15.8 18.0 12.7 
15.9 17.2 18.4 16.8 18.0 13.7 

51.3 52.4 47.8 46.9 50.9 42.6 
51.0 51.6 47.0 45.9 50.0 43.5 

28.2 28.8 27.2 26.8 26.9 22.5 

45.3 46.4 42.1 48.8 42.4 41.4 

18.4 19.1 20.8 18.6 16.8 16.4 
19.1 16.8 18.4 17.9 16.1 15.9 
18.8 18.6 20.0 18.5 17.6 15.9 

24.3 24.7 25.1 23.0 22.8 20.2 
25.4 23.3 22.7 23.2 22.1 19.6 
26.9 24.6 23.9 23.0 23.9 21.3 
22.7 25.5 21.5 21.8 26.9 21.1 

23.8 23.0 21.7 22.1 20.1 18.1 
22.9 23.1 22.1 21.7 20.4 18.0 
22.4 21.4 20.6 22.4 20.0 17.3 
24.6 23.9 22.4 21.1 20.7 18.6 
22.9 22.9 21.7 21.4 20.6 18.6 
23.7 23.1 21.4 21.4 20.1 18.0 

17.9 19.2 18.2 15.4 19.4 13.0 
17.2 19.3 18.4 15.3 19.3 13.1 

15.8 22.0 17.4 19.1 18.8 17.5 
15.5 22.5 17.7 18.6 19.6 17.2 
18.4 18.9 20.7 20.0 18.0 16.1 
16.8 22.5 16.9 18.1 18.6 18.1 
17.6 21.3 18.5 19.3 19.4 17.6 
16.2 21.9 17.1 18.6 18.5 18.1 
15.8 21.8 17.5 18.3 19.2 17.3 
15.3 22.1 18.1 19.0 19.0 17.4 
16.0 22.7 17.9 18.5 19.1 17.4 
15.7 22.0 17.8 18.4 18.7 17.9 
16.1 22.3 17.1 17.9 19.1 18.1 
16.2 22.1 16.9 17.8 19.6 17.4 
16.0 21.7 18.3 18.8 18.4 18.1 
16.0 22.0 17.9 19.0 19.1 17.4 

29.7 27.8 26.9 27.4 24.4 23.1 

19.4 16.7 18.7 17.4 14.5 16.3 
19.0 16.8 17.9 17.0 13.9 17.1 
18.9 17.2 18.4 17.5 14.1 16.0 
18.8 16.6 18.4 17.5 14.5 16.7 
19.2 16.7 17.6 17.4 14.9 15.5 
19.0 16.4 18.3 17.9 13.8 16.2 
18.4 17.8 18.7 18.7 14.1 15.6 
19.4 16.5 18.3 17.5 14.6 16.7 
19.7 16.1 17.5 17.4 15.4 16.1 
19.2 17.4 18.6 17.6 14.1 16.0 
19.1 17.5 18.2 18.4 14.3 16.1 
19.7 16.5 17.9 17.5 13.9 16.9 
19.0 17.7 18.6 18.8 14.2 15.5 
19.3 16.6 17.7 17.5 13.2 16.6 

29.6 33.5 29.8 32.5 30.7 28.4 
30.5 33.9 30.1 32.1 29.9 28.1 
30.2 33.7 29.9 32.0 30.0 28.1 
30.5 33.4 29.5 31.1 30.3 28.0 
29.7 33.7 30.6 31.8 30.2 28.0 

29.1 27.8 25.3 27.4 23.9 22.7 
28.6 28.6 25.6 26.6 24.6 22.6 
28.4 28.6 26.2 26.8 25.3 23.2 
28.3 27.7 25.7 26.9 24.2 22.0 

23.1 23.3 21.6 22.7 20.2 18.2 
23.0 23.6 21.8 22.6 19.4 17.6 
24.4 23.7 22.2 21.9 20.5 18.0 
24.2 23.8 22.8 22.2 20.3 18.2 
22.4 23.4 21.7 23.1 20.1 18.0 

15.3 21.7 17.8 19.2 18.8 17.2 
15.7 22.0 17.2 18.6 19.2 17.3 
16.0 21.3 17.3 18.8 18.9 17.4 
20.9 19.0 20.4 18.9 14.9 17.3 
20.2 19.4 20.3 19.1 15.5 16.6 
15.9 22.3 17.7 18.8 18.9 17.2 
15.9 21.6 17.7 19.3 18.9 17.1 
16.4 21.5 17.0 19.4 18.7 17.3 

25.3 25.1 22.7 23.2 21.7 19.5 
26.7 25.2 22.3 22.9 21.4 19.2 
25.2 25.9 22.1 23.0 21.6 18.9 
26.1 25.2 22.0 22.9 21.4 19.5 
24.9 25.2 22.6 23.2 22.3 19.2 
26.2 25.2 21.3 23.5 21.3 19.5 

23.6 20.7 21.1 22.4 17.4 18.7 
23.3 21.4 20.7 22.3 16.6 19.1 

29.1 28.0 25.2 25.9 25.2 23.6 
29.1 27.3 25.3 25.7 24.2 22.6 
29.2 27.2 25.7 26.4 24.2 22.7 

42.9 42.7 36.4 39.0 39.5 35.7 

27.9 31.3 24.6 27.7 29.7 24.8 

24.4 22.5 23.1 22.8 21.0 19.9 
23.8 22.3 22.9 23.4 21.7 20.2 

32.3 35.1 28.5 30.7 31.9 26.5 
31.2 35.3 27.6 30.3 31.1 26.5 

26.0 25.5 25.4 26.1 23.6 21.8 
24.0 27.4 22.3 23.0 27.8 22.1 
24.3 26.6 22.3 23.2 27.9 21.9 

21.0 23.6 24.6 22.3 20.5 18.7 
21.6 23.5 23.9 21.9 20.6 17.7 
21.8 23.5 24.5 22.1 19.9 18.3 
21.3 23.1 23.9 21.8 19.1 18.7 
22.0 23.6 24.1 21.6 19.9 18.5 
23.4 21.4 20.7 20.6 18.8 18.0 
21.3 23.7 24.3 21.6 19.9 18.9 
20.7 23.6 24.9 23.2 20.4 18.7 
21.6 23.3 24.2 22.6 20.5 17.9 
21.3 23.8 25.0 22.7 19.7 18.4 
21.9 23.8 24.5 22.1 19.9 18.2 
21.4 22.9 23.6 21.4 19.3 19.3 

15.5 22.1 18.0 18.7 18.5 18.5 
15.8 21.9 18.5 19.0 18.2 18.7 
15.1 22.2 18.3 19.2 18.8 17.9 
16.0 22.1 18.7 19.1 18.2 18.7 
15.9 21.8 17.8 18.8 18.9 18.2 
15.4 22.4 18.5 19.3 18.8 17.9 
15.6 22.2 17.6 19.4 18.6 18.1 
18.4 21.1 23.4 21.1 18.3 16.8 
15.8 22.1 18.2 19.3 18.9 17.9 
15.7 22.8 18.2 18.8 18.9 18.0 

15.3 21.7 17.8 19.2 18.8 17.2 
16.9 22.6 16.2 18.3 19.6 17.8 
19.1 17.1 18.3 19.0 15.4 15.9 
18.6 18.4 19.5 18.9 15.6 17.2 
19.1 18.9 19.4 18.4 15.4 16.4 
15.7 18.6 18.8 16.1 18.2 13.0 
19.9 19.0 18.7 18.1 15.1 16.4 
18.8 17.3 18.4 18.6 16.1 16.4 
15.9 22.3 17.6 19.3 18.4 17.3 
18.2 18.3 19.2 19.3 14.2 16.1 

29.9 27.9 25.6 26.9 24.8 23.1 
29.9 28.8 26.3 27.1 25.5 22.7 

27.4 24.7 22.3 24.0 21.6 20.5 
27.7 25.1 22.0 24.6 21.8 21.0 

29.7 28.0 24.9 26.4 24.8 23.3 
29.6 28.9 26.1 26.1 25.8 22.9 
29.0 28.8 25.9 26.1 25.8 23.2 
29.0 29.0 26.2 26.5 25.7 22.6 

15.5 22.3 18.1 19.1 18.1 17.7 
15.9 22.5 18.9 18.4 18.7 17.8 
15.8 21.7 18.0 19.2 18.6 17.7 
15.1 22.2 18.3 19.2 18.8 17.9 
15.2 21.8 18.2 19.1 18.5 17.8 
15.9 21.6 17.7 19.3 18.9 17.1 
16.3 21.7 17.3 19.3 18.4 17.9 

29.1 27.3 25.3 25.7 24.2 22.6 
29.0 28.2 26.0 26.0 24.9 22.2 

21.6 20.0 20.0 20.6 16.1 16.5 
21.9 20.3 20.4 20.1 16.8 16.6 
22.5 20.8 19.8 20.2 16.6 16.7 
20.4 20.1 20.5 20.0 16.7 16.4 
23.0 20.3 19.2 19.4 17.0 16.9 
22.4 20.3 19.4 18.9 17.3 17.3 
21.0 20.1 20.3 20.5 16.4 16.1 
22.4 20.5 19.8 19.3 17.2 16.7 
22.2 20.7 19.8 20.1 16.1 16.5 

21.6 20.0 19.3 21.4 17.5 17.5 
23.3 22.0 20.9 22.7 16.6 19.0 
21.4 20.0 20.0 20.9 17.7 17.5 
22.7 20.8 20.4 20.9 18.4 16.7 

26.8 24.0 22.2 23.9 20.0 21.1 
26.8 23.9 22.5 24.6 19.9 21.2 

25.5 23.8 22.1 22.2 21.2 19.9 
25.4 23.8 23.0 22.5 21.5 19.5 
26.2 23.8 22.3 22.2 21.1 19.6 

17.4 22.0 17.1 18.7 23.4 17.1 
17.3 21.5 17.5 19.0 22.8 17.3 
17.9 21.4 17.3 19.1 22.9 17.3 

18.8 19.4 20.6 19.0 16.4 16.6 
18.0 19.4 21.3 19.3 16.7 16.5 
15.1 22.2 18.3 19.2 18.8 17.9 
19.7 16.6 17.7 17.9 14.8 16.7 
15.7 22.8 18.1 19.3 18.4 18.1 
19.2 19.1 20.1 18.3 16.5 16.5 
17.2 22.8 18.5 19.1 18.9 17.9 
16.7 22.2 18.7 19.0 19.3 17.8 
17.9 19.4 21.8 19.2 17.1 16.7 

30.6 29.4 26.9 28.4 25.9 23.8 
30.4 28.9 26.4 27.6 25.4 23.8 

17.7 17.8 19.5 19.4 15.9 16.6 
17.9 19.1 20.7 18.6 18.6 16.2 
18.0 17.5 19.4 18.6 15.8 16.5 
17.5 19.5 20.7 19.1 18.3 16.4 
18.3 17.5 18.9 18.9 17.3 16.3 
18.9 17.7 18.7 19.8 16.6 16.1 
17.8 19.6 21.1 19.5 17.5 16.1 
17.4 17.5 19.1 18.6 15.8 16.9 
17.9 17.8 18.5 18.8 15.2 16.5 
17.2 20.0 21.5 19.2 17.5 16.9 

21.2 26.1 19.4 23.4 25.4 19.5 
20.3 24.4 19.8 23.7 25.5 18.9 
20.2 24.6 21.3 24.0 26.0 20.1 
20.6 24.9 19.7 23.7 25.1 18.9 

22.5 20.2 21.1 20.4 18.1 17.5 
23.3 20.3 20.4 20.1 17.8 17.5 
20.5 20.4 21.1 20.6 17.7 18.2 
22.2 20.6 20.9 19.2 18.9 17.9 
22.5 19.4 19.8 20.5 18.4 17.1 
19.4 19.3 20.3 19.4 18.4 16.0 

20.5 17.0 18.3 19.1 16.3 15.7 
19.4 17.9 17.8 18.9 14.9 17.0 
18.5 17.8 19.2 18.7 15.4 17.0 
19.7 17.0 18.2 19.0 16.8 16.8 
18.8 17.3 18.4 18.6 16.1 16.4 
19.4 17.4 19.8 19.5 15.9 16.3 
19.6 17.1 18.6 18.7 16.7 15.6 
19.3 17.8 18.5 18.4 15.1 17.0 

30.0 28.7 26.6 27.5 25.1 24.0 
29.5 29.5 26.9 26.8 25.7 23.3 

29.4 27.8 25.0 26.4 24.4 23.1 

17.9 23.2 17.5 19.5 19.7 17.9 
18.4 21.5 17.7 18.8 21.2 18.2 
19.9 20.9 21.5 20.0 18.4 17.3 
17.3 21.5 17.5 19.0 22.8 17.3 
18.5 23.7 16.4 19.3 20.1 17.9 
17.8 21.6 17.9 18.7 21.1 18.3 
17.9 21.4 17.3 19.1 22.9 17.3 
17.3 23.3 17.7 19.5 19.6 17.9 

26.2 24.6 24.7 23.5 21.6 20.4 
26.2 25.7 24.5 23.2 22.3 19.6 
26.4 26.0 24.2 23.6 23.1 19.9 

47.5 49.8 45.9 48.9 46.3 45.3 
48.9 48.7 46.3 48.9 45.5 43.3 

31.2 30.0 27.8 28.1 26.1 24.3 
31.2 29.4 26.9 27.5 26.5 24.2 

29.1 27.7 24.7 25.2 25.1 22.3 
29.0 28.5 25.4 25.4 25.7 21.9 

16.3 22.1 17.2 18.2 19.3 18.3 
15.1 22.2 18.3 19.2 18.8 17.9 
15.6 22.5 17.7 18.6 19.2 18.1 
16.1 22.5 17.0 18.8 19.0 18.2 
15.8 21.7 17.7 18.9 19.2 17.9 
16.0 22.2 17.1 18.0 19.4 18.0 
15.4 21.4 18.3 19.4 18.8 17.8 

27.5 27.4 25.6 26.7 24.7 22.2 
28.0 27.4 25.2 26.9 23.3 21.6 

22.2 26.8 22.3 22.8 24.5 22.6 
22.9 26.4 21.7 22.4 24.6 22.8 
23.2 26.1 21.3 21.9 24.3 22.3 
22.3 27.0 21.4 21.9 24.0 22.4 
22.1 27.0 21.8 22.5 24.1 21.8 

28.7 28.1 26.1 25.5 24.8 21.9 
28.7 27.3 25.4 25.2 24.1 22.3 

21.2 17.3 16.4 16.6 14.9 16.4 
19.3 16.4 18.2 18.0 15.1 16.0 
19.8 17.0 17.4 19.0 14.7 15.5 
20.0 16.5 17.5 17.7 14.8 16.0 
19.8 17.6 17.7 17.2 15.0 16.2 
18.8 16.7 17.7 18.6 15.1 15.4 
19.9 17.5 18.1 17.9 15.0 16.3 
19.3 16.3 17.9 17.7 15.2 16.6 

17.6 22.2 17.5 17.8 19.8 17.9 
18.5 16.4 18.1 18.5 15.7 15.9 
18.0 19.4 21.3 19.3 16.7 16.5 
15.1 22.2 18.3 19.2 18.8 17.9 
15.6 22.5 17.7 18.6 19.2 18.1 
19.0 16.9 18.2 18.3 14.6 16.5 
15.4 22.4 18.5 19.3 18.8 17.9 
15.4 21.4 18.3 19.4 18.8 17.8 
15.9 22.4 17.4 18.1 18.9 18.6 
18.2 16.9 18.9 18.6 14.9 16.5 

16.1 21.3 17.2 18.9 18.7 17.8 
15.5 21.0 17.6 18.7 17.8 17.5 
15.1 21.1 18.3 18.5 18.0 17.4 
15.8 20.7 17.9 18.6 19.4 16.8 
16.2 21.8 16.8 18.6 19.3 17.6 
15.9 21.3 17.6 18.2 18.6 18.2 
16.1 21.1 17.4 18.1 19.1 17.6 
16.4 20.6 18.0 19.0 19.6 18.1 

48.0 46.5 46.1 41.5 42.8 41.3 
45.4 44.5 44.3 42.3 41.9 41.2 
46.0 44.7 44.4 41.8 41.2 40.9 
47.9 47.4 47.3 41.5 43.5 41.9 

34.2 36.9 31.0 32.3 35.2 32.6 
31.2 33.3 34.3 34.1 32.1 29.6 
30.6 35.8 34.1 36.0 32.1 31.4 
31.7 33.3 33.6 34.3 31.9 29.8 
31.6 34.2 34.1 33.9 32.1 30.3 
30.6 35.6 33.7 36.1 31.8 31.7 

22.7 23.3 22.4 22.7 20.3 18.0 
22.4 23.1 22.6 23.1 19.5 18.0 
23.2 23.7 22.6 22.4 19.1 17.7 
22.9 21.2 21.5 22.1 18.9 17.7 
22.8 23.5 23.2 23.3 18.8 18.5 
21.8 23.0 22.5 23.7 20.3 18.4 

23.6 20.8 22.8 24.1 19.8 21.4 
16.1 22.3 17.2 18.8 19.0 17.3 
23.5 21.0 22.4 23.8 20.6 20.4 
16.1 21.5 17.5 18.0 18.8 17.4 
24.1 20.7 22.6 23.6 20.0 21.1 
15.2 21.8 18.2 19.1 18.5 17.8 
23.9 21.2 21.8 23.9 20.7 20.0 
15.7 21.7 18.0 18.6 18.6 17.5 
15.7 21.8 17.5 19.2 18.3 17.9 
16.3 21.6 17.4 19.2 19.4 17.9 
24.4 20.7 22.1 24.3 19.9 19.8 
15.4 22.1 18.4 19.2 18.5 17.7 

18.6 16.7 18.9 19.5 16.6 16.1 
17.7 17.1 19.8 19.7 15.6 17.0 
18.5 16.6 19.0 19.1 16.9 16.4 
17.9 18.6 20.2 19.4 16.1 17.1 
20.2 16.3 17.7 18.8 16.5 16.3 
19.0 18.2 18.7 19.0 16.6 16.6 
19.4 17.1 18.1 18.8 16.8 16.4 
18.8 17.2 18.7 19.0 16.9 16.9 
19.6 17.3 18.0 18.7 16.6 16.9 
19.4 16.7 18.2 19.2 16.3 16.1 
19.1 17.2 19.0 19.4 15.6 16.7 

24.5 25.1 26.3 27.6 24.0 24.0 
24.4 25.1 27.1 27.0 24.2 24.0 
25.0 24.6 25.8 26.7 24.5 23.0 

18.0 21.0 21.2 18.6 18.4 16.8 
19.1 16.2 17.8 18.7 16.4 15.9 
18.2 18.5 18.8 17.9 16.6 16.8 
18.4 20.7 20.7 17.9 18.5 16.7 
19.2 17.4 18.9 18.6 15.0 16.0 
18.2 16.9 18.9 18.6 14.9 16.5 

19.9 21.9 22.5 21.3 17.7 17.3 
21.0 18.2 19.2 20.5 17.1 16.2 

18.7 18.0 19.4 19.4 16.8 15.8 
18.6 18.6 19.7 19.2 15.6 16.5 
18.2 18.3 19.8 18.9 16.1 16.3 
19.5 18.8 20.0 20.4 15.5 16.6 
17.6 21.1 22.7 20.1 17.7 16.5 
18.6 18.5 20.0 19.9 15.6 16.6 
19.0 18.0 19.3 19.7 16.4 16.0 
19.6 17.9 19.1 19.8 16.4 16.0 
18.6 18.7 20.4 20.2 15.4 16.0 
19.3 18.4 19.9 19.9 15.7 16.5 
17.8 18.8 20.7 19.9 15.8 15.8 
20.2 18.5 19.5 20.1 15.7 17.1 

35.6 35.2 34.0 35.3 33.9 30.8 
36.0 34.5 33.7 35.1 34.6 30.6 
36.1 34.9 34.2 35.2 33.4 31.5 
36.2 34.8 33.5 35.0 34.1 31.0 
35.4 35.2 34.0 35.4 34.0 30.7 
36.0 34.6 33.5 35.1 33.5 31.3 

19.3 17.1 17.9 17.4 15.7 16.7 
20.1 16.6 17.2 17.3 15.1 16.0 
16.7 21.0 16.6 18.5 19.3 17.2 
16.7 22.2 18.7 19.0 19.3 17.8 
20.4 16.9 17.6 16.8 15.9 16.2 
19.8 16.8 17.4 16.8 15.9 16.6 
20.0 17.1 17.2 17.6 16.0 16.4 

28.7 26.8 24.7 25.4 23.7 22.5 

19.6 19.5 20.3 19.5 15.4 16.4 
15.9 21.4 17.6 19.6 18.6 17.9 
18.8 19.4 20.6 19.0 16.4 16.6 
15.8 21.9 18.5 19.0 18.2 18.7 
15.1 22.2 18.3 19.2 18.8 17.9 
20.0 19.0 19.4 18.7 16.3 16.9 
19.6 18.9 19.1 19.0 16.9 16.1 
15.6 22.2 17.6 19.4 18.6 18.1 
15.4 21.4 18.3 19.4 18.8 17.8 

18.4 18.0 18.1 19.8 13.8 16.1 
18.2 17.2 18.2 18.8 15.2 15.4 
15.4 22.6 18.3 19.3 18.4 17.9 
17.7 20.2 21.4 19.6 16.1 16.0 
15.6 21.9 17.8 18.6 18.9 17.9 
15.1 22.2 18.3 19.2 18.8 17.9 
17.2 20.4 21.9 20.2 16.0 16.1 
19.4 16.8 17.5 18.0 15.2 15.3 
19.0 17.3 17.5 18.5 14.9 15.5 
18.5 17.5 18.1 19.1 14.7 15.6 
19.6 16.5 17.4 18.4 15.2 15.8 
17.8 17.5 18.5 19.1 14.1 15.3 
19.4 17.0 17.9 18.3 15.0 14.7 

28.6 27.4 25.8 25.8 24.3 21.8 

32.4 35.3 31.0 31.3 34.2 28.7 
34.2 35.5 31.4 31.6 33.9 28.3 
32.2 34.9 30.3 32.4 34.1 27.9 
32.2 35.1 30.9 31.9 33.8 28.7 
36.3 37.2 31.7 30.5 36.3 29.1 
32.1 35.0 30.7 32.2 33.8 28.5 
32.2 35.5 30.3 31.9 34.4 28.4 
32.2 35.1 30.8 32.0 34.2 28.7 

25.9 24.5 23.3 24.6 21.0 20.3 
25.9 25.3 24.0 24.8 21.7 19.9 

29.2 29.9 26.2 31.8 25.0 24.7 
29.5 30.3 26.2 32.3 26.1 24.3 
28.7 30.0 26.3 32.3 24.9 24.9 
29.2 30.3 26.3 32.7 26.1 25.3 
30.2 30.3 26.2 31.5 25.9 24.3 

19.1 17.7 18.0 18.7 13.8 16.9 
19.3 17.7 17.3 18.5 14.6 16.4 
19.4 17.5 16.1 19.6 14.3 15.1 
18.8 17.9 17.6 19.4 13.7 15.7 
19.0 17.9 16.9 19.9 13.5 15.6 
18.2 18.2 18.2 19.7 13.5 15.5 
19.2 18.2 18.1 18.9 14.4 15.8 
18.7 17.5 18.0 19.6 13.9 15.8 
19.5 17.2 16.7 19.8 13.9 16.0 
18.5 18.1 17.8 18.9 14.4 16.2 
19.1 17.4 17.6 18.8 14.8 16.5 
18.5 17.7 18.2 19.1 14.6 16.4 
17.9 18.4 18.4 19.2 14.3 16.0 

22.1 19.3 20.7 20.4 19.4 17.6 
21.5 19.7 21.2 20.3 18.4 18.0 
22.1 20.3 20.2 20.7 18.4 16.9 
21.2 20.2 22.0 20.4 17.6 18.6 
21.6 20.6 22.1 21.1 17.1 18.3 
21.5 20.0 20.8 20.5 19.0 17.2 
21.4 20.4 20.4 20.7 18.3 16.9 
20.6 20.5 21.8 20.6 18.2 17.8 

28.2 27.2 26.0 25.1 24.4 21.8 

54.3 59.4 52.7 57.8 53.3 50.4 
53.5 60.2 53.3 56.2 54.1 54.1 
54.6 58.6 52.7 58.0 53.3 50.2 
53.5 60.7 53.2 55.4 55.5 53.5 
53.8 60.1 54.3 55.9 55.3 54.3 
54.6 58.4 52.3 57.6 53.5 50.8 

29.4 27.1 25.5 25.8 24.5 23.0 
29.2 28.3 25.5 25.8 25.3 22.8 
29.3 27.5 24.8 25.5 24.6 23.2 

28.3 27.8 24.8 25.0 24.8 21.7 

25.4 23.8 21.5 25.0 21.0 20.4 
25.9 25.0 22.7 24.5 21.3 19.8 
26.4 24.9 22.2 24.9 21.8 20.8 
23.7 23.5 22.8 23.1 20.7 19.9 
25.2 23.8 22.3 24.5 21.1 20.5 
25.3 24.9 22.5 25.0 22.0 20.2 
25.7 24.9 21.7 24.8 22.5 21.0 

44.2 45.5 38.6 40.0 40.4 37.6 

37.7 39.0 34.6 39.4 33.8 33.5 

18.7 16.4 18.9 18.8 15.5 15.7 
19.1 16.1 18.4 18.1 15.6 15.6 
15.8 21.7 18.0 19.2 18.6 17.7 
18.7 16.2 18.6 18.4 15.6 16.3 
17.7 16.2 19.3 18.6 15.4 15.1 
19.5 16.4 18.2 18.4 15.2 15.7 
18.2 17.1 19.3 19.0 14.8 15.9 

26.3 25.6 23.7 24.9 22.2 20.1 
27.2 24.8 22.3 24.3 21.3 20.5 
27.1 25.6 23.0 24.6 21.9 20.1 

27.2 29.4 26.8 26.6 29.6 26.1 
26.8 30.0 27.1 27.3 29.1 26.2 

21.9 19.1 19.8 22.1 18.4 17.5 
21.5 19.7 20.2 21.6 17.7 17.9 
22.5 19.3 19.9 21.6 17.7 17.2 
22.3 19.2 19.5 22.1 18.7 17.7 
23.0 19.4 19.7 21.5 18.0 17.3 
22.0 20.7 19.7 23.0 18.1 17.7 

16.6 18.8 15.2 17.9 18.4 16.3 
15.1 19.8 15.7 16.9 18.4 15.4 
16.3 18.8 15.1 17.3 18.6 16.0 
15.5 19.8 15.8 17.5 18.2 15.7 
15.6 18.9 15.2 17.2 18.5 16.1 

28.6 28.6 25.6 26.6 24.6 22.6 
28.7 27.8 24.9 26.3 23.9 23.0 

30.1 29.4 28.0 27.3 26.0 22.9 
29.1 29.4 27.6 27.3 26.6 23.0 

28.8 28.1 24.7 26.6 24.8 22.7 
29.3 27.3 24.4 27.3 24.2 23.5 

17.8 24.3 19.3 20.3 22.0 19.5 
19.9 24.3 17.8 20.0 22.9 19.1 

29.9 28.3 26.1 25.8 25.3 23.7 

26.3 25.5 24.2 24.7 22.3 20.9 
26.5 24.5 23.8 25.2 21.5 21.5 
25.7 25.8 24.3 24.2 23.6 21.2 

18.4 17.9 18.1 17.1 14.7 15.1 
17.6 17.9 18.8 17.4 15.0 15.1 
17.9 17.9 18.8 16.9 14.9 15.0 

18.4 17.9 18.1 17.1 14.7 15.1 
17.1 17.9 19.5 17.2 15.2 14.9 
17.9 17.4 18.0 17.2 15.8 14.5 
17.6 17.9 18.8 17.4 15.0 15.1 
17.9 17.8 18.9 17.4 14.4 15.3 
17.9 17.9 18.8 16.9 14.9 15.0 

18.4 17.9 18.1 17.1 14.7 15.1 
17.1 17.9 19.5 17.2 15.2 14.9 
17.6 17.9 18.8 17.4 15.0 15.1 
17.4 17.5 18.7 17.1 16.0 14.4 
17.6 17.2 19.2 17.0 15.9 14.7 
17.9 17.9 18.8 16.9 14.9 15.0 

21.2 21.6 20.8 20.7 19.2 16.9 

18.4 17.9 18.1 17.1 14.7 15.1 
17.1 17.9 19.5 17.2 15.2 14.9 
17.9 17.4 18.0 17.2 15.8 14.5 
17.6 17.9 18.8 17.4 15.0 15.1 
17.4 17.5 18.7 17.1 16.0 14.4 
17.9 17.9 18.8 16.9 14.9 15.0 

18.3 17.9 17.3 17.5 15.2 14.8 
17.4 18.0 17.6 17.1 15.5 14.6 
18.6 17.6 16.9 16.2 15.6 14.4 
17.7 18.1 17.6 16.6 15.4 14.5 
17.9 18.5 17.7 16.9 14.4 15.2 
18.9 17.4 17.6 17.0 16.0 14.9 

18.4 17.9 18.1 17.1 14.7 15.1 
17.1 17.9 19.5 17.2 15.2 14.9 
18.2 17.5 18.0 16.8 15.7 14.4 
17.4 17.5 18.7 17.1 16.0 14.4 
17.9 17.9 18.8 16.9 14.9 15.0 

24.9 24.8 24.0 24.9 22.2 20.0 

19.6 19.6 19.4 18.7 17.6 15.4 
19.4 20.6 20.2 19.5 18.2 16.1 

17.4 17.2 18.5 17.4 15.7 14.4 
17.1 17.9 19.5 17.2 15.2 14.9 
17.9 17.4 18.0 17.2 15.8 14.5 
16.9 17.3 19.2 17.2 15.9 14.3 
17.4 17.5 18.7 17.1 16.0 14.4 
16.6 17.7 19.9 17.4 15.2 14.9 

25.3 25.4 24.0 24.1 23.6 21.0 

23.7 24.7 24.5 23.7 21.2 19.9 
24.5 24.3 25.0 24.3 21.0 20.0 
24.4 24.8 24.1 23.6 21.6 20.1 
24.7 24.5 25.2 24.4 21.0 20.0 
24.3 24.4 24.5 24.0 21.0 20.3 

18.7 17.5 17.3 16.9 15.5 14.5 
17.9 17.4 18.0 17.2 15.8 14.5 
17.4 17.5 18.7 17.1 16.0 14.4 

17.1 17.9 18.5 17.5 14.4 15.2 
17.1 17.9 19.5 17.2 15.2 14.9 
18.4 17.9 18.1 17.1 14.7 15.1 
17.4 17.5 18.7 17.1 16.0 14.4 
17.6 17.2 19.2 17.0 15.9 14.7 
18.4 17.2 18.5 16.7 15.6 14.8 
17.6 17.9 17.8 17.6 14.2 15.3 
17.9 17.9 18.8 16.9 14.9 15.0 

23.0 23.0 20.8 20.1 20.3 18.7 
21.5 22.9 21.7 20.2 19.3 17.8 
20.7 22.8 22.4 20.5 19.6 17.7 
21.2 22.7 21.8 20.7 18.8 17.7 
20.9 21.7 21.1 21.0 20.1 17.3 
22.5 23.0 21.5 20.0 20.5 18.6 

25.1 26.0 25.4 24.6 22.7 20.4 
25.9 26.2 23.7 23.2 22.4 19.5 
25.1 26.2 24.4 23.5 22.7 19.5 

23.2 22.7 23.7 24.0 21.4 19.0 
23.4 24.0 22.9 23.2 20.6 19.3 
23.7 24.0 23.0 23.8 20.9 18.8 
22.6 23.4 23.9 24.1 21.0 18.6 
22.9 23.1 24.5 24.1 20.6 19.5 
23.5 23.9 23.0 23.7 20.8 19.3 
22.7 23.0 23.7 23.7 21.6 18.7 
22.9 22.7 23.6 23.4 21.0 19.5 
22.9 24.0 23.6 23.0 20.7 19.2 
22.9 24.5 24.5 23.8 20.3 19.2 

21.6 24.4 23.9 22.2 19.7 18.1 
21.6 22.9 21.9 21.8 20.1 17.6 

20.4 21.4 21.4 20.1 18.9 17.4 
20.7 21.0 20.6 20.0 19.7 16.8 

18.3 18.9 19.3 17.9 15.9 15.6 
18.0 18.1 19.7 17.9 16.9 15.3 
17.8 18.4 19.2 18.0 16.9 15.0 

20.6 20.2 20.1 19.2 18.5 16.3 
20.5 20.9 20.5 19.8 18.5 16.7 
19.8 20.7 21.6 19.2 17.9 16.7 
20.2 20.5 20.6 19.7 18.8 16.7 

18.4 17.9 18.1 17.1 14.7 15.1 
18.2 17.5 18.0 16.8 15.7 14.4 
17.4 17.5 18.7 17.1 16.0 14.4 
17.9 17.9 18.8 16.9 14.9 15.0 

17.2 17.9 19.7 18.1 15.7 15.0 
17.5 17.5 18.9 17.9 16.5 14.5 
17.7 17.9 19.0 18.2 15.6 15.2 

26.9 26.7 24.9 26.2 24.4 21.6 

29.4 29.8 27.6 27.8 27.1 23.2 
29.5 30.0 27.9 27.6 27.0 23.7 

25.8 26.5 23.7 24.6 23.7 21.1 

23.2 24.4 23.2 24.5 21.4 19.1 
24.0 24.6 23.1 22.6 21.6 19.1 
23.5 24.5 23.1 24.0 21.8 19.1 

28.6 29.4 27.0 27.5 26.3 23.5 

21.4 21.8 21.4 20.5 19.2 16.7 
20.1 21.4 22.2 20.8 20.2 16.9 

25.0 25.1 24.7 25.4 22.5 21.2 
24.4 24.9 24.6 26.0 23.2 21.5 

17.4 17.5 18.7 17.1 16.0 14.4 
17.6 17.2 19.2 17.0 15.9 14.7 
18.4 17.2 18.5 16.7 15.6 14.8 
17.9 17.9 18.8 16.9 14.9 15.0 

18.0 17.2 18.2 15.9 15.6 14.6 
17.1 17.9 19.5 17.2 15.2 14.9 
18.2 17.5 18.0 16.8 15.7 14.4 
17.6 17.9 18.8 17.4 15.0 15.1 
17.3 17.6 19.0 16.5 14.9 15.3 
17.6 17.7 19.0 16.1 14.8 15.2 
18.1 17.6 18.3 16.2 14.6 15.3 
17.9 17.9 18.8 16.9 14.9 15.0 

18.4 17.9 18.1 17.1 14.7 15.1 
17.9 17.4 18.0 17.2 15.8 14.5 
17.4 17.5 18.7 17.1 16.0 14.4 
17.9 17.9 18.8 16.9 14.9 15.0 

17.1 17.9 18.4 17.3 14.7 14.4 
17.4 17.4 17.6 17.2 15.5 13.8 
16.3 17.8 19.1 17.6 15.0 14.3 
17.1 17.4 17.6 17.6 15.6 13.9 
17.8 17.4 17.7 16.8 15.4 14.0 
16.2 17.8 19.9 17.1 15.2 14.4 
17.3 17.4 18.4 16.6 15.6 13.9 
17.4 17.8 18.5 16.9 14.7 14.5 
17.0 17.8 19.2 16.8 14.9 14.4 
17.9 17.4 16.9 17.3 15.3 14.0 

22.5 22.6 22.4 22.2 21.2 18.3 

17.1 17.9 19.5 17.2 15.2 14.9 
18.4 17.9 18.1 17.1 14.7 15.1 
17.6 17.9 18.8 17.4 15.0 15.1 
17.4 17.5 18.7 17.1 16.0 14.4 
17.9 17.9 18.8 16.9 14.9 15.0 

24.9 24.9 24.1 24.1 22.6 20.3 

19.5 21.0 20.1 20.0 17.8 16.4 
19.8 20.5 19.3 19.9 18.5 15.9 

18.4 17.9 18.1 17.1 14.7 15.1 
17.1 17.9 19.5 17.2 15.2 14.9 
17.9 17.4 18.0 17.2 15.8 14.5 
17.4 17.5 18.7 17.1 16.0 14.4 
17.5 18.2 18.3 17.5 14.9 14.3 
17.8 17.8 17.5 17.4 15.7 13.8 
17.9 18.2 17.6 17.7 14.7 14.5 
17.9 17.9 18.8 16.9 14.9 15.0 

19.8 20.5 21.2 19.6 19.0 16.6 

25.1 25.1 24.0 24.9 22.8 20.4 

18.4 17.9 18.1 17.1 14.7 15.1 
18.7 17.5 17.3 16.9 15.5 14.5 
18.5 17.6 18.3 16.6 15.1 15.1 
17.7 17.6 18.9 16.9 15.4 15.1 
17.6 17.9 18.8 17.4 15.0 15.1 
19.0 17.6 17.6 16.8 14.9 15.3 
17.9 17.9 18.8 16.9 14.9 15.0 

26.8 26.6 24.2 24.6 23.8 22.3 

17.1 17.9 19.5 17.2 15.2 14.9 
18.4 17.9 18.1 17.1 14.7 15.1 
18.2 17.5 18.0 16.8 15.7 14.4 
17.6 17.9 18.8 17.4 15.0 15.1 
17.4 17.5 18.7 17.1 16.0 14.4 
18.1 17.7 18.3 16.4 15.6 15.4 
17.3 17.6 19.0 16.7 15.9 15.4 
18.6 16.9 18.0 16.2 16.3 15.2 
18.4 17.2 18.5 16.7 15.6 14.8 
17.9 17.9 18.8 16.9 14.9 15.0 

18.4 17.9 18.1 17.1 14.7 15.1 
17.1 17.9 19.5 17.2 15.2 14.9 
18.2 17.5 18.0 16.8 15.7 14.4 
17.9 17.4 18.0 17.2 15.8 14.5 
17.4 17.5 18.7 17.1 16.0 14.4 
17.9 17.9 18.8 16.9 14.9 15.0 

24.1 25.1 24.6 24.1 22.4 19.9 
24.5 25.3 23.8 24.8 24.7 21.3 
24.4 25.3 24.5 25.0 24.0 21.8 

18.7 17.5 17.3 16.9 15.5 14.5 
17.9 17.4 18.0 17.2 15.8 14.5 
17.6 17.9 18.8 17.4 15.0 15.1 
18.3 19.0 18.9 18.0 14.9 15.7 
18.5 18.4 18.3 16.9 16.1 14.9 

17.1 17.9 19.5 17.2 15.2 14.9 
18.4 17.9 18.1 17.1 14.7 15.1 
16.9 18.3 19.1 17.8 14.5 14.7 
18.2 17.5 18.0 16.8 15.7 14.4 
18.1 18.5 18.3 17.9 16.2 15.4 
17.4 17.5 18.7 17.1 16.0 14.4 
17.2 18.4 19.1 17.4 14.4 14.6 
18.6 18.5 17.6 18.1 16.1 15.5 
17.7 18.3 18.4 17.5 14.2 14.7 
16.4 18.3 19.8 17.7 14.7 14.6 
17.9 17.9 18.8 16.9 14.9 15.0 

22.6 23.0 22.2 20.9 18.8 19.2 
20.6 22.7 23.4 21.7 19.3 18.5 
21.5 23.0 22.6 21.6 19.0 18.5 
21.0 21.7 21.8 21.8 19.7 17.9 
20.9 22.4 22.7 22.0 18.9 18.4 

18.4 17.9 18.1 17.1 14.7 15.1 
18.2 17.5 18.0 16.8 15.7 14.4 
17.4 17.5 18.7 17.1 16.0 14.4 
17.9 17.9 18.8 16.9 14.9 15.0 

17.4 18.3 17.7 17.5 15.0 15.2 
17.0 18.3 18.4 17.3 15.1 15.1 
16.2 18.3 19.1 17.6 15.5 15.1 
17.8 17.9 18.6 16.8 15.2 14.4 
16.7 18.3 18.4 17.8 15.3 15.2 
18.7 18.8 17.2 17.5 15.4 15.5 
16.7 17.6 18.9 17.6 15.8 15.4 
18.6 19.1 18.4 17.0 15.0 14.9 
17.9 17.9 18.8 16.9 14.9 15.0 

25.7 26.6 24.6 23.9 24.3 20.7 

17.8 17.7 18.6 17.2 14.7 15.0 
17.1 17.9 19.5 17.2 15.2 14.9 
18.4 17.9 18.1 17.1 14.7 15.1 
17.9 17.9 18.8 16.9 14.9 15.0 

18.4 17.9 18.1 17.1 14.7 15.1 
17.4 17.5 18.7 17.1 16.0 14.4 
17.9 17.9 18.8 16.9 14.9 15.0 

18.6 18.6 18.9 17.3 15.5 15.1 
19.1 18.5 18.2 17.5 15.3 15.2 

18.4 17.9 18.1 17.1 14.7 15.1 
17.1 17.9 19.5 17.2 15.2 14.9 
18.2 17.5 18.0 16.8 15.7 14.4 
17.9 17.4 18.0 17.2 15.8 14.5 
17.4 17.5 18.7 17.1 16.0 14.4 
17.9 17.9 18.8 16.9 14.9 15.0 

17.1 17.9 19.5 17.2 15.2 14.9 
18.4 17.9 18.1 17.1 14.7 15.1 
18.2 17.5 18.0 16.8 15.7 14.4 
17.6 17.9 18.8 17.4 15.0 15.1 
17.4 17.5 18.7 17.1 16.0 14.4 
17.9 17.9 18.8 16.9 14.9 15.0 

18.3 18.0 19.2 16.8 15.3 14.9 
17.1 17.9 19.5 17.2 15.2 14.9 
18.4 17.9 18.1 17.1 14.7 15.1 
18.2 17.5 18.0 16.8 15.7 14.4 
17.9 17.4 18.0 17.2 15.8 14.5 
17.8 17.5 19.1 17.0 16.4 14.4 
17.4 17.5 18.7 17.1 16.0 14.4 
18.0 17.9 19.2 17.3 15.4 15.0 
17.5 17.9 19.9 17.1 15.6 14.9 
17.9 17.9 18.8 16.9 14.9 15.0 

22.0 23.4 23.4 23.1 20.0 19.2 
22.4 23.0 22.6 21.9 19.5 19.1 

17.4 18.3 18.3 16.9 15.2 14.8 
16.9 17.8 18.3 17.1 16.3 14.2 
17.4 17.5 18.7 17.1 16.0 14.4 
17.9 17.6 18.0 16.7 15.9 14.6 
17.4 17.8 17.6 17.3 16.1 14.4 
17.7 17.8 17.6 16.8 15.9 14.3 
17.9 18.2 17.7 17.1 15.0 14.9 
17.9 17.9 18.8 16.9 14.9 15.0 

29.5 30.0 27.9 27.6 27.0 23.7 

18.4 18.6 18.2 16.5 15.7 15.6 
17.8 18.9 18.7 16.8 15.5 15.4 
20.0 19.9 17.8 16.8 16.2 16.0 

17.1 17.9 19.5 17.2 15.2 14.9 
17.4 17.5 18.7 17.1 16.0 14.4 
17.9 17.9 18.8 16.9 14.9 15.0 

24.4 24.5 22.5 22.8 20.8 19.1 
22.8 24.9 24.7 23.1 20.5 19.5 
24.1 24.9 23.3 22.9 20.0 19.6 
24.1 24.6 23.3 22.8 22.2 19.1 
23.3 24.9 24.0 23.2 20.4 19.6 

24.1 25.9 24.1 24.2 21.0 19.9 
24.4 25.4 23.3 24.0 21.8 19.4 
23.7 25.2 23.2 24.6 22.5 19.7 

18.4 17.9 18.1 17.1 14.7 15.1 
17.9 17.4 18.0 17.2 15.8 14.5 
17.4 17.5 18.7 17.1 16.0 14.4 
18.5 17.6 17.9 17.2 15.9 14.5 
17.9 17.9 18.8 16.9 14.9 15.0 

25.1 24.6 23.0 23.1 21.6 19.7 
24.8 24.9 23.1 22.9 21.6 18.8 
25.0 25.6 22.5 23.3 21.3 18.2 
24.7 25.1 23.6 24.4 22.8 19.1 

25.3 25.9 23.8 24.4 23.4 20.3 
25.9 25.8 24.0 24.6 24.1 20.5 
26.1 25.9 23.1 24.1 23.1 20.3 

28.1 28.3 26.0 26.6 25.9 23.4 

18.1 17.2 18.5 17.2 15.7 14.9 
18.4 17.9 18.1 17.1 14.7 15.1 
17.6 17.9 18.8 17.4 15.0 15.1 
17.4 17.5 18.7 17.1 16.0 14.4 
17.6 17.2 19.2 17.0 15.9 14.7 
17.9 17.9 18.8 16.9 14.9 15.0 

29.1 29.6 27.7 26.7 26.8 23.6 
28.9 29.4 27.0 26.9 26.6 23.1 

18.4 17.9 18.1 17.1 14.7 15.1 
17.1 17.9 19.5 17.2 15.2 14.9 
17.9 17.4 18.0 17.2 15.8 14.5 
17.4 17.5 18.7 17.1 16.0 14.4 
17.9 17.9 18.8 16.9 14.9 15.0 

18.1 17.2 18.5 17.2 15.7 14.9 
18.4 17.9 18.1 17.1 14.7 15.1 
17.9 17.4 18.0 17.2 15.8 14.5 
17.6 17.9 18.8 17.4 15.0 15.1 
17.4 17.5 18.7 17.1 16.0 14.4 
17.9 17.9 18.8 16.9 14.9 15.0 

18.4 17.9 18.1 17.1 14.7 15.1 
17.1 17.9 19.5 17.2 15.2 14.9 
17.9 17.4 18.0 17.2 15.8 14.5 
17.6 17.9 18.8 17.4 15.0 15.1 
17.9 17.9 18.8 16.9 14.9 15.0 

23.2 24.4 22.9 23.0 22.3 18.5 
23.1 24.3 22.0 23.2 22.2 18.5 
24.0 24.4 22.2 22.7 22.0 18.5 
22.7 24.4 23.6 22.8 22.5 18.4 
24.1 24.5 23.5 22.8 21.8 19.3 

24.7 26.3 24.2 24.4 24.8 20.3 
25.3 26.5 24.3 23.9 24.1 20.0 

18.4 17.9 18.1 17.1 14.7 15.1 
18.7 17.5 17.3 16.9 15.5 14.5 
17.1 17.9 19.5 17.2 15.2 14.9 
17.9 17.4 18.0 17.2 15.8 14.5 
16.9 18.3 19.1 17.8 14.5 14.7 
17.4 17.5 18.7 17.1 16.0 14.4 
17.2 18.4 19.1 17.4 14.4 14.6 
18.0 17.9 17.6 17.4 15.0 14.2 
17.7 18.3 18.4 17.5 14.2 14.7 
17.5 17.9 18.3 17.2 15.2 14.1 

27.0 27.3 25.1 25.4 24.5 21.8 

26.8 27.1 25.6 25.3 24.5 22.1 

30.0 34.0 33.8 36.3 32.8 28.8 
31.7 35.1 32.9 35.4 33.3 27.8 
30.2 33.9 33.4 35.3 31.7 27.6 
31.0 34.1 33.2 35.5 32.6 27.8 

27.3 27.9 25.1 27.2 26.4 23.3 
27.9 28.1 25.2 26.7 25.7 22.9 

28.2 28.0 25.9 27.1 25.7 22.8 

25.9 27.8 24.7 27.6 24.0 22.0 
25.1 28.9 27.2 27.6 23.2 22.3 
25.6 27.5 24.7 26.6 23.9 22.1 
23.5 27.0 26.0 28.7 23.7 22.5 
24.9 27.4 25.4 26.9 24.2 22.0 
24.5 27.9 26.2 27.1 23.4 22.6 
25.7 27.0 26.0 27.6 23.7 21.9 
25.1 27.8 25.3 27.9 24.3 21.9 
25.8 27.1 25.8 28.1 23.9 22.6 

23.4 23.5 21.9 22.0 20.3 18.2 
21.8 21.9 22.2 21.8 20.4 18.3 
22.6 21.9 21.5 21.5 20.0 18.3 
22.6 22.4 22.2 21.6 21.1 18.3 

17.1 17.9 19.5 17.2 15.2 14.9 
18.4 17.9 18.1 17.1 14.7 15.1 
19.2 18.4 18.3 16.9 15.4 15.2 
17.9 17.9 18.8 16.9 14.9 15.0 

27.4 28.3 25.3 26.1 25.8 22.1 

18.1 17.2 18.5 17.2 15.7 14.9 
17.1 17.9 19.5 17.2 15.2 14.9 
18.4 17.9 18.1 17.1 14.7 15.1 
17.6 17.9 18.8 17.4 15.0 15.1 
17.4 17.5 18.7 17.1 16.0 14.4 
17.6 17.2 19.2 17.0 15.9 14.7 
18.4 17.2 18.5 16.7 15.6 14.8 
17.9 17.9 18.8 16.9 14.9 15.0 

28.0 28.7 26.1 26.7 25.9 23.0 

27.0 27.3 25.7 26.3 24.6 21.6 
28.2 28.2 24.9 27.0 24.8 20.9 

20.9 22.1 21.6 20.9 18.5 17.4 
21.2 21.6 20.8 20.7 19.2 16.9 

18.1 17.2 18.5 17.2 15.7 14.9 
18.4 17.9 18.1 17.1 14.7 15.1 
17.1 17.9 19.5 17.2 15.2 14.9 
18.2 17.5 18.0 16.8 15.7 14.4 
17.9 17.4 18.0 17.2 15.8 14.5 
17.6 17.9 18.8 17.4 15.0 15.1 
17.4 17.5 18.7 17.1 16.0 14.4 
17.6 17.2 19.2 17.0 15.9 14.7 
17.9 17.9 18.8 16.9 14.9 15.0 

20.5 21.2 21.9 18.9 19.2 16.6 
21.6 21.2 19.7 19.0 18.6 16.8 
20.5 21.6 21.2 19.4 18.1 17.3 
21.7 21.2 20.5 18.7 18.7 16.8 
21.2 21.2 20.4 18.8 18.8 16.7 

23.1 23.2 22.3 21.3 19.3 18.9 
21.9 22.2 22.2 22.2 20.5 18.0 
22.9 22.7 22.3 22.5 19.7 18.4 
22.9 23.0 22.1 21.2 19.4 18.9 
23.1 21.9 21.2 21.1 19.7 17.8 

17.1 19.2 18.6 19.1 15.6 15.4 
17.9 17.5 18.0 17.3 15.6 14.2 
17.7 18.8 17.8 18.6 16.2 14.7 
17.5 18.2 18.3 17.5 14.9 14.3 
17.8 17.8 17.5 17.4 15.7 13.8 
18.2 18.8 17.1 18.7 16.1 14.9 
17.9 18.2 17.6 17.7 14.7 14.5 
17.8 19.2 17.9 18.8 15.3 15.4 
17.9 17.9 18.8 16.9 14.9 15.0 

24.7 26.2 24.9 24.3 23.3 20.7 
24.1 26.0 24.8 24.9 24.0 21.0 

26.5 27.2 24.4 25.5 24.8 21.6 

17.7 17.3 18.5 16.9 15.6 14.3 
19.5 17.8 17.2 17.4 16.9 15.1 
16.6 17.7 19.9 17.4 15.2 14.9 
17.5 17.5 18.8 16.5 15.5 15.3 
17.1 17.0 18.7 16.7 16.6 14.7 
17.8 17.0 18.0 16.4 16.3 14.8 

27.6 27.7 25.9 25.5 25.6 22.9 

20.2 20.5 20.6 19.7 18.8 16.7 

18.4 17.9 18.1 17.1 14.7 15.1 
17.1 17.9 19.5 17.2 15.2 14.9 
17.9 17.4 18.0 17.2 15.8 14.5 
17.4 17.5 18.7 17.1 16.0 14.4 
16.5 18.6 19.7 17.3 14.8 14.6 
17.3 18.7 19.0 17.0 14.5 14.6 
17.9 17.9 18.8 16.9 14.9 15.0 

26.8 27.5 26.5 26.6 24.2 21.7 

27.6 27.7 25.9 25.5 25.6 22.9 

25.4 26.6 24.4 24.4 23.2 19.9 

25.7 25.6 23.4 23.9 22.5 20.8 
25.0 25.6 24.1 24.2 22.8 20.7 

17.1 17.9 19.5 17.2 15.2 14.9 
18.4 17.9 18.1 17.1 14.7 15.1 
17.6 17.9 18.8 17.4 15.0 15.1 
17.4 17.5 18.7 17.1 16.0 14.4 
17.9 17.9 18.8 16.9 14.9 15.0 

17.1 17.9 18.5 17.5 14.4 15.2 
18.4 17.9 18.1 17.1 14.7 15.1 
18.2 17.5 18.0 16.8 15.7 14.4 
17.4 17.5 18.7 17.1 16.0 14.4 
17.4 17.5 17.7 17.3 15.2 14.7 
17.9 17.9 18.8 16.9 14.9 15.0 

20.2 21.1 22.3 20.8 19.0 18.0 
21.5 21.5 21.9 21.4 18.1 18.1 
20.8 22.0 22.7 21.5 19.8 17.9 
21.5 21.1 21.8 20.7 19.4 18.3 
20.7 21.0 21.6 21.0 18.8 18.1 
20.5 20.8 22.8 21.2 18.7 18.2 
20.8 21.7 22.2 20.4 19.1 18.0 

17.4 17.5 18.7 17.1 16.0 14.4 
17.9 17.9 18.8 16.9 14.9 15.0 

20.7 20.9 22.4 18.8 19.1 17.0 
20.1 21.0 22.3 18.6 18.4 16.7 

28.0 28.3 25.3 27.1 26.0 22.0 
28.9 29.4 27.0 26.9 26.6 23.1 

18.8 17.5 17.6 17.8 16.0 14.7 
17.5 17.5 18.9 17.9 16.5 14.5 
18.9 18.1 18.1 17.2 16.3 14.5 
17.8 18.8 19.4 18.6 16.0 15.7 
18.3 17.5 18.2 17.6 16.2 14.5 
18.0 17.4 18.2 18.1 16.3 14.6 

19.4 20.4 20.0 20.2 18.2 15.1 
19.3 20.8 20.7 19.7 17.8 15.4 
19.0 21.5 19.9 20.0 16.8 15.8 
19.1 21.3 19.7 19.9 17.2 15.1 
19.3 21.0 20.1 19.8 17.1 15.5 
19.6 21.0 20.2 19.3 17.2 15.8 
19.7 20.6 19.5 19.8 17.6 15.5 

20.8 21.6 20.9 20.2 19.9 17.1 

21.5 21.8 20.8 20.2 19.7 16.9 
21.1 20.9 21.4 20.6 19.5 17.2 
20.9 21.2 20.9 20.7 19.6 16.9 

18.4 17.9 18.1 17.1 14.7 15.1 
17.1 17.9 19.5 17.2 15.2 14.9 
17.4 17.5 18.7 17.1 16.0 14.4 
17.9 17.9 18.8 16.9 14.9 15.0 

28.0 28.3 26.1 26.3 25.6 22.7 

18.4 17.9 18.1 17.1 14.7 15.1 
17.1 17.9 19.5 17.2 15.2 14.9 
18.2 17.5 18.0 16.8 15.7 14.4 
17.6 17.9 18.8 17.4 15.0 15.1 
17.4 17.5 18.7 17.1 16.0 14.4 
17.6 17.2 19.2 17.0 15.9 14.7 
17.9 17.9 18.8 16.9 14.9 15.0 

21.9 21.0 20.3 20.5 18.9 17.0 
20.4 20.5 22.5 21.5 19.7 17.5 

26.9 26.9 25.0 26.3 24.7 21.2 
27.1 28.1 25.6 26.3 24.2 21.1 

24.7 24.7 23.9 24.0 22.7 20.3 
25.1 25.8 24.7 24.5 22.5 21.0 

18.1 17.2 18.5 17.2 15.7 14.9 
17.1 17.9 19.5 17.2 15.2 14.9 
18.2 17.5 18.0 16.8 15.7 14.4 
17.6 17.9 18.8 17.4 15.0 15.1 
17.4 17.5 18.7 17.1 16.0 14.4 

25.0 24.6 22.4 22.7 20.7 19.6 
22.9 24.2 23.5 21.9 21.1 18.5 
23.8 24.5 22.7 21.7 21.0 19.3 

26.4 27.0 24.9 26.1 25.4 23.1 
27.0 27.1 25.0 25.5 24.7 22.8 

17.9 18.4 17.8 17.6 15.9 14.1 
18.4 17.9 18.1 17.1 14.7 15.1 
17.9 17.4 18.0 17.2 15.8 14.5 
17.4 17.5 18.7 17.1 16.0 14.4 
17.5 18.2 18.3 17.5 14.9 14.3 
17.9 18.2 17.6 17.7 14.7 14.5 
17.9 18.2 17.6 18.3 14.4 14.4 
17.5 18.3 18.3 18.1 14.6 14.3 
17.2 18.2 18.3 18.6 14.7 14.4 
17.9 17.9 18.8 16.9 14.9 15.0 

28.6 29.4 27.0 27.5 26.3 23.5 

25.0 26.3 24.5 24.8 24.3 20.9 
25.1 26.0 23.9 24.8 24.9 21.1 
25.7 26.1 24.0 24.3 24.2 20.8 
25.1 26.2 24.8 24.0 23.8 20.7 

18.4 17.9 18.1 17.1 14.7 15.1 
17.1 17.9 19.5 17.2 15.2 14.9 
17.9 17.4 18.0 17.2 15.8 14.5 
17.6 17.9 18.8 17.4 15.0 15.1 
17.4 17.5 18.7 17.1 16.0 14.4 
17.9 17.9 18.8 16.9 14.9 15.0 

28.2 29.0 26.2 26.2 26.5 22.2 

22.0 22.5 21.6 22.6 20.6 18.2 
22.6 22.6 21.7 22.0 19.9 17.9 

29.5 30.5 28.6 27.8 27.5 23.5 
30.0 30.4 28.5 28.6 27.4 23.7 

17.1 17.9 19.5 17.8 14.9 14.9 
17.1 17.9 19.5 17.2 15.2 14.9 
18.4 17.9 18.1 17.1 14.7 15.1 
17.4 17.5 18.7 17.1 16.0 14.4 
17.9 17.9 18.8 16.9 14.9 15.0 

18.4 17.9 18.1 17.1 14.7 15.1 
17.6 17.7 19.0 16.1 14.8 15.2 
18.4 17.8 18.9 15.9 15.9 15.5 
18.1 17.6 18.3 16.2 14.6 15.3 
17.9 17.9 18.8 16.9 14.9 15.0 

17.3 18.9 19.3 17.2 17.5 15.3 
17.9 19.5 19.1 16.8 17.6 15.4 
16.9 19.3 20.1 17.4 16.7 15.9 
17.2 19.8 20.0 17.4 16.4 15.9 
18.3 19.7 20.3 16.3 17.0 16.1 
17.6 19.0 19.6 17.0 16.9 16.1 
18.0 18.9 18.6 16.9 17.2 15.4 
17.3 18.7 19.7 17.9 17.4 15.5 

22.2 23.2 22.7 22.4 21.0 19.3 

18.4 17.9 18.1 17.1 14.7 15.1 
17.1 17.9 19.5 17.2 15.2 14.9 
17.4 17.5 18.7 17.1 16.0 14.4 
17.6 17.2 19.2 17.0 15.9 14.7 
17.9 17.9 18.8 16.9 14.9 15.0 

17.1 17.9 19.5 17.2 15.2 14.9 
18.4 17.9 18.1 17.1 14.7 15.1 
17.6 17.9 18.8 17.4 15.0 15.1 
17.4 17.5 18.7 17.1 16.0 14.4 
17.9 17.9 18.8 16.9 14.9 15.0 

19.0 17.2 17.1 17.4 14.8 14.0 
18.5 17.3 17.8 17.3 14.9 13.9 
17.9 17.4 18.0 17.2 15.8 14.5 
17.4 17.5 18.7 17.1 16.0 14.4 
17.7 17.2 18.5 17.6 15.3 13.9 
18.7 17.7 17.9 17.6 14.0 14.6 
18.2 17.2 17.8 17.7 15.1 14.0 

28.9 29.4 27.0 26.9 26.6 23.1 

18.4 17.9 18.1 17.1 14.7 15.1 
17.1 17.9 19.5 17.2 15.2 14.9 
19.0 18.4 19.4 17.0 15.3 14.6 
18.2 17.5 18.0 16.8 15.7 14.4 
17.4 17.5 18.7 17.1 16.0 14.4 
17.6 17.2 19.2 17.0 15.9 14.7 
18.2 18.4 20.1 17.3 15.6 14.6 
17.9 17.9 18.8 16.9 14.9 15.0 

25.1 26.6 24.4 24.0 24.4 20.5 
24.6 26.1 24.3 24.8 25.0 20.6 

24.4 25.1 24.7 25.2 23.6 21.2 
25.4 25.3 25.4 24.7 22.7 21.2 
24.6 25.4 24.9 25.3 23.6 21.1 

25.0 25.4 23.7 23.7 23.9 19.6 

18.0 18.0 17.3 16.1 16.6 14.2 
18.4 17.9 18.1 17.1 14.7 15.1 
17.1 17.9 19.5 17.2 15.2 14.9 
18.2 17.5 18.0 16.8 15.7 14.4 
17.9 17.4 18.0 17.2 15.8 14.5 
17.6 17.9 18.8 17.4 15.0 15.1 
17.4 17.5 18.7 17.1 16.0 14.4 
17.4 18.0 19.2 16.6 14.7 15.1 
18.2 19.0 18.2 16.5 14.6 15.1 
17.8 18.4 17.3 16.4 15.0 14.8 
17.9 17.9 18.8 16.9 14.9 15.0 

18.4 17.9 18.1 17.1 14.7 15.1 
17.1 17.9 19.5 17.2 15.2 14.9 
17.6 18.2 19.3 17.8 14.6 15.0 
18.1 18.2 18.6 17.9 14.4 15.2 
17.9 17.9 18.8 16.9 14.9 15.0 

26.1 26.5 24.4 25.5 23.6 20.3 

29.5 30.0 27.9 27.6 27.0 23.7 

18.4 17.9 18.1 17.1 14.7 15.1 
17.1 17.9 19.5 17.2 15.2 14.9 
17.6 18.1 19.5 17.2 14.4 15.7 
17.6 17.9 18.8 17.4 15.0 15.1 
17.4 17.5 18.7 17.1 16.0 14.4 
16.8 18.0 20.2 17.5 14.7 15.6 
17.3 18.0 19.5 17.6 14.5 15.7 
17.9 17.9 18.8 16.9 14.9 15.0 
17.9 17.6 18.7 17.0 15.2 15.1 

18.7 17.5 17.3 16.9 15.5 14.5 
18.2 17.5 18.0 16.8 15.7 14.4 
17.4 17.5 18.7 17.1 16.0 14.4 

22.7 23.0 24.5 24.1 20.1 20.4 
21.8 23.1 24.2 23.6 19.7 21.4 
23.3 22.7 24.0 23.8 20.3 20.6 
22.5 23.7 24.9 23.1 20.2 20.9 
23.2 22.9 24.2 23.9 19.8 21.2 
23.3 23.9 24.2 22.8 20.4 21.1 
21.6 23.6 25.6 23.4 20.4 20.7 
22.3 23.1 24.8 23.0 20.9 20.3 
22.5 23.0 25.5 23.4 20.2 21.1 
22.6 24.6 24.1 23.3 21.2 19.4 

23.8 24.7 23.0 23.0 22.3 19.3 

17.6 17.0 18.1 16.3 15.8 14.4 
17.6 17.3 19.0 16.5 14.4 15.2 
17.4 17.5 18.7 17.1 16.0 14.4 
18.2 17.9 18.9 17.0 14.3 15.2 
17.3 17.4 18.9 16.5 15.0 15.0 
17.9 16.9 18.2 16.4 15.1 14.7 
18.5 17.4 18.1 16.8 15.1 14.7 
16.8 17.3 19.7 16.8 14.7 15.2 
17.9 17.9 18.8 16.9 14.9 15.0 

20.3 20.0 21.0 19.8 18.6 16.9 
20.3 19.7 20.3 19.2 18.3 16.1 
21.5 20.9 19.7 19.1 18.4 16.5 
19.3 20.7 22.1 19.9 18.1 16.9 
20.0 20.1 21.1 19.3 17.5 16.7 
20.8 19.7 19.6 19.3 18.1 16.3 
20.4 20.1 20.4 19.5 17.3 16.8 

24.1 24.6 23.4 25.3 22.6 20.4 
24.5 24.9 23.4 24.6 21.9 19.7 

18.4 17.9 18.1 17.1 14.7 15.1 
17.1 17.9 19.5 17.2 15.2 14.9 
17.4 17.5 18.7 17.1 16.0 14.4 
17.9 17.9 18.8 16.9 14.9 15.0 

18.9 20.1 19.1 19.0 17.0 15.1 
19.4 20.4 18.8 19.9 16.3 15.5 
19.2 20.2 19.1 18.6 16.9 15.0 
17.8 20.6 20.1 18.7 17.2 15.6 
19.8 20.0 18.8 19.4 16.6 15.3 
19.7 20.1 18.4 18.7 16.7 15.1 

20.0 18.1 21.3 19.1 18.3 18.2 
20.9 19.4 21.3 19.4 17.7 18.3 
19.8 19.1 21.8 19.4 17.6 18.3 
21.3 19.2 20.9 20.1 17.6 18.6 
19.5 18.8 21.6 19.3 17.6 18.4 
21.6 18.8 20.1 20.0 18.3 18.1 
21.7 19.3 20.7 20.6 17.6 17.6 
20.6 19.0 20.9 19.6 19.0 18.0 
20.8 18.2 20.6 18.8 18.0 18.2 
21.2 19.4 20.7 19.8 18.0 17.6 

18.4 17.9 18.1 17.1 14.7 15.1 
17.1 17.9 19.5 17.2 15.2 14.9 
18.2 17.5 18.0 16.8 15.7 14.4 
17.6 17.9 18.8 17.4 15.0 15.1 
17.4 17.5 18.7 17.1 16.0 14.4 
17.6 17.2 19.2 17.0 15.9 14.7 
17.9 17.9 18.8 16.9 14.9 15.0 

18.4 17.9 18.1 17.1 14.7 15.1 
17.1 17.9 19.5 17.2 15.2 14.9 
17.9 17.4 18.0 17.2 15.8 14.5 
17.4 17.5 18.7 17.1 16.0 14.4 
17.9 17.9 18.8 16.9 14.9 15.0 

22.7 22.9 21.8 21.2 18.1 18.3 
21.8 22.3 20.9 21.8 18.2 18.6 
21.6 21.8 21.0 21.7 18.5 18.6 

28.9 29.4 27.0 26.9 26.6 23.1 

18.4 17.9 18.1 17.1 14.7 15.1 
17.4 17.5 18.7 17.1 16.0 14.4 
18.4 17.2 18.5 16.7 15.6 14.8 
17.9 17.9 18.8 16.9 14.9 15.0 

17.1 17.9 19.5 17.2 15.2 14.9 
18.4 17.9 18.1 17.1 14.7 15.1 
17.9 17.4 18.0 17.2 15.8 14.5 
17.6 17.9 18.8 17.4 15.0 15.1 
17.4 17.5 18.7 17.1 16.0 14.4 
17.9 17.9 18.8 16.9 14.9 15.0 

17.2 17.8 18.7 16.0 16.0 15.2 
17.3 17.6 19.0 16.7 15.9 15.4 
17.0 18.1 19.1 16.5 15.3 14.8 

19.6 20.6 20.5 18.9 16.4 16.8 
20.1 19.9 20.2 18.6 17.1 16.6 
19.8 20.1 19.7 18.3 17.4 16.4 
20.4 20.1 19.0 18.9 17.0 16.4 
19.9 20.1 19.7 18.7 17.2 16.2 

27.4 27.1 26.0 26.4 24.0 21.9 
28.2 27.3 24.6 25.4 24.1 22.0 

20.2 20.4 20.5 20.0 18.4 16.8 
19.5 20.4 21.2 20.4 18.7 16.8 
20.6 19.7 19.5 20.0 18.0 16.7 
19.9 20.3 20.5 20.5 18.5 16.9 

18.4 17.9 18.1 17.1 14.7 15.1 
17.7 17.6 18.2 16.7 15.4 14.8 
18.0 18.0 17.0 17.0 15.1 14.2 
17.1 18.8 18.0 18.9 14.6 15.1 
17.4 18.3 17.5 17.9 15.4 14.0 
17.9 17.9 18.8 16.9 14.9 15.0 
18.7 17.5 17.3 16.9 15.5 14.5 
18.6 18.1 17.6 16.6 14.1 15.5 
18.0 17.7 18.5 17.2 15.3 15.0 
17.4 17.5 18.7 17.1 16.0 14.4 
17.6 18.4 17.0 17.5 14.7 14.4 
17.8 18.8 17.1 17.8 13.8 15.1 
18.0 18.1 17.5 16.9 14.7 15.0 

18.7 17.5 17.3 16.9 15.5 14.5 
17.9 17.4 18.0 17.2 15.8 14.5 
17.4 17.5 18.7 17.1 16.0 14.4 
19.0 17.2 18.0 17.7 15.9 15.0 

18.4 17.9 18.1 17.1 14.7 15.1 
17.1 17.9 19.5 17.2 15.2 14.9 
17.9 17.4 18.0 17.2 15.8 14.5 
17.4 17.5 18.7 17.1 16.0 14.4 
17.9 17.9 18.8 16.9 14.9 15.0 

27.5 28.5 26.2 26.4 25.1 22.5 
26.9 28.4 26.1 26.9 25.8 22.9 

21.2 21.3 20.9 20.2 19.5 16.8 
20.4 21.2 21.6 20.5 19.8 16.7 
20.9 21.7 21.7 20.4 18.7 17.3 

17.5 17.5 18.9 17.9 16.5 14.5 
17.2 17.9 19.7 18.1 15.7 15.0 
18.0 18.0 19.0 17.8 15.4 15.1 
16.9 17.1 20.3 17.9 16.1 14.5 

18.4 17.9 18.1 17.1 14.7 15.1 
18.7 17.5 17.3 16.9 15.5 14.5 
17.6 17.9 18.8 17.4 15.0 15.1 

18.4 17.9 18.1 17.1 14.7 15.1 
17.1 17.9 19.5 17.2 15.2 14.9 
17.9 17.4 18.0 17.2 15.8 14.5 
17.6 17.9 18.8 17.4 15.0 15.1 

28.9 29.4 27.0 26.9 26.6 23.1 

18.6 17.4 17.9 16.3 15.0 15.2 
18.6 18.1 17.6 16.6 14.1 15.5 
18.1 18.9 17.5 17.5 14.1 15.3 
18.4 17.2 18.5 16.7 15.6 14.8 
18.3 17.3 17.9 16.7 15.1 15.3 
19.1 17.4 17.2 16.4 14.8 15.3 

28.8 28.7 26.2 26.8 26.4 23.1 

18.4 17.9 18.1 17.1 14.7 15.1 
17.1 17.9 19.5 17.2 15.2 14.9 
17.9 17.4 18.0 17.2 15.8 14.5 
17.4 17.5 18.7 17.1 16.0 14.4 
17.9 17.9 18.8 16.9 14.9 15.0 

22.9 23.2 23.3 22.4 21.4 18.7 

22.0 22.2 21.9 22.3 20.0 19.0 
23.4 22.9 21.6 23.0 20.4 19.2 

17.8 18.6 19.9 18.2 16.0 15.1 
18.3 17.5 18.2 17.6 16.2 14.5 
19.5 18.1 17.9 18.7 16.8 14.8 

28.8 29.3 27.8 27.5 26.1 23.0 

18.4 17.9 18.1 17.1 14.7 15.1 
17.4 17.5 18.7 17.1 16.0 14.4 
17.6 17.2 19.2 17.0 15.9 14.7 
17.9 17.9 18.8 16.9 14.9 15.0 

27.2 27.8 26.0 25.1 25.4 21.4 

22.0 22.9 22.0 22.1 21.5 18.1 
22.7 23.1 22.1 21.6 20.8 17.8 
23.3 23.8 21.3 22.6 21.3 18.3 

19.9 19.3 19.7 19.2 16.2 16.7 
20.5 19.1 19.1 19.1 17.0 16.1 
18.3 18.5 20.3 18.5 16.8 15.5 
20.2 19.5 19.9 19.3 16.2 16.6 

23.5 23.3 21.3 22.0 19.9 18.2 
23.1 22.9 21.7 22.4 20.5 18.9 
22.7 23.3 22.0 22.3 20.2 18.1 
22.6 23.6 22.0 22.6 19.8 19.0 

18.4 17.2 17.5 16.3 16.4 14.9 
18.2 17.5 18.0 16.8 15.7 14.4 
18.1 17.7 18.3 16.4 15.6 15.4 
18.6 17.6 17.6 16.6 15.4 15.5 
19.0 16.9 17.3 16.3 16.1 15.3 
18.9 17.2 16.9 16.4 16.2 15.0 
17.9 17.9 18.8 16.9 14.9 15.0 

30.0 30.4 28.5 28.6 27.4 23.7 

29.5 30.0 27.9 27.6 27.0 23.7 

22.4 22.9 23.5 21.8 21.2 18.5 
22.2 23.3 23.8 21.8 20.6 18.2 
22.9 22.9 23.7 22.0 22.0 18.8 
23.3 23.6 23.7 21.6 21.2 18.6 

19.9 18.8 18.7 18.7 17.1 15.7 
18.5 19.8 19.9 18.8 15.8 15.7 
19.1 19.2 18.3 17.1 16.9 14.9 
18.8 19.5 18.8 18.0 16.6 15.0 
18.4 19.9 19.6 18.1 15.9 15.5 

18.2 17.6 19.0 16.2 15.3 15.4 
18.6 17.2 18.5 16.9 16.6 14.9 
18.4 17.9 18.1 17.1 14.7 15.1 
17.1 17.9 19.5 17.2 15.2 14.9 
18.2 17.5 18.0 16.8 15.7 14.4 
17.6 17.9 18.8 17.4 15.0 15.1 
17.4 17.5 18.7 17.1 16.0 14.4 
17.4 17.6 19.7 16.5 15.6 15.3 
17.9 17.9 18.8 16.9 14.9 15.0 

18.2 17.5 18.3 17.1 15.2 15.2 
18.5 17.6 18.3 16.6 15.1 15.1 
18.4 17.9 18.1 17.1 14.7 15.1 
17.9 17.4 18.0 17.2 15.8 14.5 
17.7 17.6 18.9 16.9 15.4 15.1 
17.6 17.9 18.8 17.4 15.0 15.1 
19.0 17.6 17.6 16.8 14.9 15.3 

27.7 30.7 26.4 30.5 23.6 24.7 
27.7 30.5 26.3 29.9 23.3 24.9 
27.2 30.5 26.9 29.8 23.4 24.7 
26.7 30.5 25.9 29.9 23.8 24.5 
27.4 31.2 25.7 29.4 23.9 24.5 

18.4 17.9 18.1 17.1 14.7 15.1 
17.9 17.4 18.0 17.2 15.8 14.5 
17.6 17.9 18.8 17.4 15.0 15.1 
17.4 17.5 18.7 17.1 16.0 14.4 
17.9 17.9 18.8 16.9 14.9 15.0 

23.7 24.1 23.7 23.2 21.8 19.8 
23.0 23.7 24.0 23.5 21.9 20.9 
24.3 24.7 23.4 23.6 21.9 20.2 
23.6 23.8 24.1 23.0 21.1 20.6 

17.8 18.1 18.4 16.2 15.0 14.8 
18.4 17.9 18.1 17.1 14.7 15.1 
17.1 17.9 19.5 17.2 15.2 14.9 
17.9 17.4 18.0 17.2 15.8 14.5 
17.4 17.5 18.7 17.1 16.0 14.4 
17.6 17.2 19.2 17.0 15.9 14.7 
17.0 18.1 19.1 16.5 15.3 14.8 
18.4 17.2 18.5 16.7 15.6 14.8 
17.9 17.9 18.8 16.9 14.9 15.0 

22.4 22.7 22.2 25.5 19.8 19.2 
22.9 22.7 21.3 23.7 19.1 19.1 
23.4 22.6 21.5 23.9 19.8 19.4 
22.7 23.0 21.8 24.2 18.4 18.7 
22.2 22.5 21.2 24.3 19.8 19.5 

28.9 29.4 27.0 26.9 26.6 23.1 

