94748.5 98852.3 203.6 21.2 22.6 25.0 
93955.1 103747.2 205.6 20.8 23.1 24.5 
90247.0 105055.8 214.1 20.2 22.8 23.7 
91191.9 101656.9 207.3 20.9 22.7 24.7 
93803.6 102251.2 210.4 20.5 22.7 24.0 
91360.4 103369.1 208.9 20.9 22.7 24.1 
97511.7 100942.6 201.9 21.1 23.0 24.8 

91336.1 101168.9 189.4 21.6 22.5 25.1 
90573.1 103893.2 191.6 19.8 22.4 24.3 
88129.9 105011.1 190.1 20.1 22.3 24.4 
84340.5 102269.3 189.4 19.9 22.8 24.0 
92054.1 98362.0 189.8 20.8 22.7 24.6 
88248.7 100957.3 196.3 21.0 22.8 24.1 
96303.8 98622.7 214.1 20.8 24.1 24.7 
84187.0 101352.4 187.5 20.6 22.2 24.2 

95589.1 107012.9 211.2 21.1 24.5 25.0 
97954.6 107061.1 209.7 22.0 22.8 25.2 
95704.5 112775.9 219.2 20.9 23.0 24.2 
100285.5 105029.0 200.8 21.2 23.3 24.3 
96449.8 107142.2 206.4 21.5 22.9 25.4 
91840.7 110446.6 212.5 21.0 24.5 25.1 

95954.9 97950.0 197.8 20.6 23.4 24.2 
87679.0 107783.3 198.5 21.1 22.5 24.7 
98064.1 101761.2 205.7 22.2 23.1 25.2 
89870.9 105386.1 189.7 20.2 21.5 24.0 
97411.5 97070.8 188.2 21.1 23.6 24.4 

93596.7 103871.1 195.8 22.4 23.1 25.6 
92797.5 101792.7 199.2 21.3 22.9 24.7 
86860.3 107923.1 197.9 20.4 21.7 23.9 
86705.9 107229.8 192.5 21.8 21.9 24.8 
96509.5 104624.2 194.4 22.1 23.1 25.6 
91154.3 104765.3 197.8 22.0 22.2 25.1 
86859.4 108146.7 194.5 21.2 22.5 24.6 
84417.1 109041.0 196.4 20.8 21.6 24.1 
90354.3 102910.5 197.7 21.7 22.8 24.9 

100956.2 108438.4 179.4 22.0 24.6 25.1 
93447.2 102826.2 193.7 21.8 22.4 24.8 
94932.9 101081.7 187.5 21.6 22.7 24.6 
98033.9 94376.8 199.1 21.7 22.7 24.5 
100477.2 93258.9 200.6 21.3 22.8 24.3 
88968.9 107366.8 210.2 23.6 23.7 25.7 

97882.1 115047.0 217.0 22.1 24.1 25.2 
102299.6 113918.4 216.0 23.4 24.9 25.9 
98826.9 111648.1 210.2 22.8 24.0 26.2 

89648.3 108211.3 191.5 21.8 21.3 24.1 
93444.0 107492.5 197.7 22.0 22.9 23.4 
89801.8 109128.1 193.4 21.2 21.9 24.0 
88650.3 106438.3 196.6 20.8 21.7 24.2 
91848.8 111769.7 200.5 22.6 22.9 23.8 
89123.3 103039.0 200.6 21.2 21.3 23.7 
92714.7 109881.3 192.0 20.9 21.9 24.0 

94023.4 102446.8 193.7 22.2 21.8 25.1 
99384.0 100904.5 196.2 22.2 23.5 25.6 
96465.8 101552.6 191.7 22.6 22.7 25.6 
99853.7 102775.5 193.3 22.3 23.4 25.8 
100423.2 103882.6 193.0 22.3 24.0 26.1 
91154.3 104765.3 197.8 22.0 22.2 25.1 

93166.7 107047.8 197.6 20.3 22.2 23.6 
100355.6 106520.3 183.8 23.5 24.9 24.4 
93013.1 106130.9 195.7 20.9 21.6 23.7 
93008.8 101860.7 201.7 21.2 22.9 23.9 
91710.1 107927.0 207.2 19.8 22.0 23.3 
93995.4 101622.1 212.8 20.2 22.8 23.5 
100260.5 101181.0 208.7 20.5 23.3 24.0 
91552.2 102740.0 211.3 20.6 22.7 23.7 

86958.0 104633.0 191.1 20.5 21.6 24.0 
99650.6 101510.1 192.9 21.3 22.8 23.8 
89401.2 103515.1 192.5 20.1 21.6 23.8 
102120.1 99347.5 209.9 20.5 23.9 24.6 
101034.3 94114.5 189.8 22.2 23.4 24.8 

91617.8 100456.3 201.7 21.5 22.2 24.8 
94213.7 100478.9 201.6 21.2 23.8 25.2 
92125.7 102608.1 183.3 20.6 22.1 24.0 
94060.2 99562.0 199.7 21.8 23.1 25.3 
97126.6 101232.0 200.2 20.9 23.7 25.2 
91771.3 101373.2 203.6 20.9 22.9 24.7 
91972.1 101691.2 181.4 21.2 21.5 24.1 
95670.3 99599.7 192.0 21.8 23.9 25.4 

93180.1 107504.8 205.7 21.2 22.6 25.1 
90972.9 108797.3 217.5 21.5 22.3 25.5 
88752.9 109043.5 214.2 20.8 22.1 23.8 

88753.1 105236.2 194.7 21.0 21.9 24.3 
91665.9 105989.3 193.3 20.7 21.9 24.3 
90209.4 108164.3 204.6 21.3 22.3 24.1 
90847.8 99144.8 196.9 21.1 23.3 24.6 
87803.8 106173.7 212.6 20.6 22.7 23.8 
88599.5 104319.3 192.8 21.6 21.3 24.5 

93860.3 102892.2 200.7 22.0 23.9 24.2 
96150.0 100857.5 200.2 22.2 23.3 24.2 
92531.6 104064.5 197.8 22.0 22.7 24.4 
92685.1 104981.3 199.8 21.4 23.3 24.2 
93706.7 101975.3 198.8 22.6 23.2 24.4 
91409.2 97615.9 193.9 22.6 22.9 24.7 
96303.5 101774.3 202.1 21.6 23.9 24.1 

96936.3 103200.0 192.2 21.9 21.8 25.1 
94297.4 106828.3 204.1 21.6 22.9 24.1 
90209.4 108164.3 204.6 21.3 22.3 24.1 
94067.2 105518.5 196.4 21.7 22.2 25.1 
93827.8 104957.3 207.0 21.5 22.9 23.9 
92329.4 102676.2 198.7 22.6 22.8 25.1 
94749.0 106337.3 196.1 22.0 22.4 24.7 
91384.6 106075.1 205.5 21.9 22.9 24.1 
91360.9 110854.1 201.4 21.7 22.5 23.8 
99406.5 106108.4 195.2 22.3 23.6 25.0 
91154.3 104765.3 197.8 22.0 22.2 25.1 
92536.1 108765.0 202.3 22.3 23.0 23.8 
94979.3 107647.1 203.8 21.9 23.1 23.7 

92091.0 99608.3 200.5 20.6 21.5 24.3 
88753.1 105236.2 194.7 21.0 21.9 24.3 
92560.6 101479.3 197.6 20.7 21.4 24.4 
89990.9 101533.8 194.6 20.9 21.8 24.2 
89647.7 100726.2 199.1 21.0 21.4 24.4 
87547.7 102651.6 193.1 21.2 21.7 24.4 
104387.4 111581.3 182.7 22.8 26.4 26.3 

92878.7 102087.5 205.4 21.3 23.5 23.9 
91343.4 101932.8 199.3 21.5 23.3 23.7 
90435.5 103205.4 203.9 21.7 23.5 24.1 
95245.3 96956.5 188.3 20.8 21.3 24.4 
94155.9 96027.1 183.1 21.0 21.5 24.2 
94731.5 97416.0 194.0 21.8 23.2 24.5 
95308.6 111484.2 206.2 19.9 23.4 25.4 
97754.2 96014.4 191.8 21.4 23.5 24.3 
94735.7 103684.7 202.3 21.3 22.8 23.5 
92288.2 98533.9 192.5 22.2 23.2 24.7 

90121.4 106889.0 196.6 21.5 23.4 25.2 
100611.6 105542.8 200.8 21.6 23.5 25.9 

95423.5 103456.7 204.6 20.4 22.8 24.5 
96363.9 102531.1 197.0 21.6 21.7 24.8 
100847.5 101584.2 205.5 21.0 23.3 25.0 
102304.0 100705.0 195.9 21.6 23.5 25.3 
99707.2 100906.0 192.5 22.6 22.8 25.6 
96880.1 102577.5 195.0 21.0 23.0 24.7 
96517.5 103447.9 198.9 21.0 22.3 24.6 

98260.8 110939.1 209.7 22.9 24.1 25.6 
95573.6 112434.0 207.3 22.5 25.0 24.9 

83485.5 98565.3 197.9 22.0 20.6 23.7 
80616.4 100883.8 202.1 21.8 20.9 23.8 
83765.3 101869.5 204.7 20.6 21.9 23.8 
81705.7 101813.2 207.3 21.6 20.7 23.9 
80852.4 101116.4 206.1 20.9 21.9 23.8 
81495.6 100556.4 205.3 21.3 21.4 23.9 
81208.2 98980.8 202.1 21.0 21.0 24.2 
83529.2 101636.9 200.7 21.5 20.9 23.8 
83162.3 100934.0 197.7 22.2 20.9 24.2 

93932.5 107636.5 197.5 21.2 22.9 24.3 
96919.4 106984.8 201.0 21.0 22.5 23.9 
94716.4 104772.4 220.2 20.9 23.7 24.2 
92475.9 108515.7 207.1 20.7 22.7 24.0 
100109.2 102304.0 196.2 21.6 22.7 24.6 
93170.9 110418.6 202.3 20.9 22.5 24.0 
96173.0 103893.2 210.6 21.4 23.9 24.5 

94636.6 106625.6 196.1 21.8 22.8 25.4 
102913.8 111395.4 228.4 22.9 24.6 25.7 
97538.8 114239.4 221.5 22.2 23.8 25.4 
95438.8 116164.9 215.5 22.5 24.1 25.3 

94177.0 103363.7 195.6 21.6 22.4 24.9 
97089.9 104116.8 194.2 21.3 22.4 24.9 
91154.3 104765.3 197.8 22.0 22.2 25.1 

94220.7 106435.4 198.3 21.1 22.8 25.0 
94067.2 105518.5 196.4 21.7 22.2 25.1 
91154.3 104765.3 197.8 22.0 22.2 25.1 
91307.8 105682.2 199.7 21.4 22.8 25.0 
89473.8 112193.8 221.7 21.4 23.1 24.6 
86074.4 111690.7 217.2 21.2 23.3 24.3 

99104.6 102676.8 189.2 22.4 21.9 24.9 
94594.0 101571.7 191.8 21.9 23.4 26.0 
99906.4 98135.3 189.0 21.7 23.1 25.8 
99258.1 103593.7 191.1 21.8 22.5 24.8 
95091.8 101748.6 189.4 21.4 22.4 25.1 
104072.7 99980.4 190.7 22.1 23.2 25.5 
98343.3 105208.8 197.3 22.0 22.5 24.6 
97616.7 100170.1 189.5 21.5 23.7 25.8 
97463.1 99253.2 187.6 22.1 23.1 26.0 

83015.1 100974.3 188.4 20.9 21.4 23.7 
85268.7 99965.7 196.3 20.0 21.8 23.6 
89058.0 102707.5 197.0 20.2 21.3 24.0 
88181.5 100718.9 194.9 19.7 21.8 23.6 

94383.0 107412.6 202.7 21.8 24.1 24.0 
95193.1 107744.6 204.2 22.5 23.0 25.5 

98557.4 94438.0 192.5 22.6 24.2 25.5 
96466.7 101329.0 195.1 21.8 21.9 24.9 
101470.2 95191.2 191.1 22.3 24.2 25.5 
87406.9 101376.5 195.5 20.4 22.5 23.8 
87377.3 104335.0 191.3 20.9 23.1 23.8 
84963.7 102494.4 194.0 20.8 22.4 23.9 
104952.6 97051.4 189.4 22.1 24.8 25.8 

88753.1 105236.2 194.7 21.0 21.9 24.3 
91665.9 105989.3 193.3 20.7 21.9 24.3 
88599.5 104319.3 192.8 21.6 21.3 24.5 

95692.9 105758.4 194.0 23.2 25.5 25.8 
93597.5 103647.5 199.3 21.6 22.2 24.9 
94089.6 105672.2 210.5 20.8 22.9 24.9 
94067.2 105518.5 196.4 21.7 22.2 25.1 
93936.0 104755.3 208.5 21.4 22.3 25.0 
86068.9 107745.7 206.2 21.2 21.7 24.6 

87774.6 106523.9 183.5 21.4 22.9 23.6 
98985.0 101908.5 181.3 22.5 24.6 24.9 
93561.1 103780.9 180.4 21.9 24.1 24.3 
96153.5 112616.6 207.5 20.8 22.4 25.2 
90951.4 102607.5 184.1 21.4 24.3 24.3 
96004.3 102663.1 181.9 21.6 24.2 24.1 

97804.6 108540.9 217.9 22.7 25.1 26.5 
98965.9 116624.4 224.8 23.1 24.6 26.5 
99612.4 115413.2 213.7 22.9 25.8 25.3 
103183.8 114455.1 205.9 22.7 24.4 26.3 

97549.5 103302.4 184.1 22.0 23.9 23.6 
109889.5 99898.5 189.3 23.2 25.7 24.8 
90209.4 108164.3 204.6 21.3 22.3 24.1 
95257.4 108368.5 193.6 21.1 23.7 23.5 
100462.4 104055.6 182.7 21.7 23.8 23.6 
101184.0 105645.5 181.8 21.6 24.6 23.7 
97750.2 105886.4 184.3 21.9 24.4 23.6 
98271.1 104892.4 183.2 21.9 24.6 23.7 
93801.1 106736.2 185.3 21.9 23.9 23.8 
96713.9 107489.3 183.9 21.6 23.9 23.8 

105210.1 95984.1 185.4 21.3 22.9 24.8 
97430.2 98736.1 196.7 22.0 23.3 25.6 
100631.0 95524.4 188.0 21.5 23.3 24.8 
103127.0 99345.8 189.0 21.0 22.5 25.2 
105312.8 94782.0 183.4 21.5 23.1 24.9 
98548.0 98886.1 191.7 21.2 22.9 25.2 
94231.9 113474.2 211.3 22.4 25.0 25.5 

92028.3 107874.2 184.4 22.8 23.8 24.9 
92817.0 107846.7 180.4 21.8 23.8 24.9 
93522.5 103886.5 184.2 22.3 24.4 24.7 
93992.1 105757.5 181.4 22.3 24.3 24.9 
92347.3 105975.7 183.3 21.7 23.8 24.7 
91079.2 105004.4 182.8 22.6 24.4 24.9 
95725.3 101956.0 186.2 22.4 24.4 25.3 

102459.7 96455.8 199.9 21.4 22.9 24.9 
90209.4 108164.3 204.6 21.3 22.3 24.1 
87876.6 103247.5 192.6 20.5 22.4 23.9 
93122.3 108917.4 203.2 21.0 22.3 24.1 
87723.0 102330.6 190.7 21.1 21.8 24.1 
98970.7 103558.2 207.8 20.8 22.0 24.0 

89421.0 108566.9 193.0 22.0 22.2 24.7 
88753.1 105236.2 194.7 21.0 21.9 24.3 
91617.8 100456.3 201.7 21.5 22.2 24.8 
89884.6 104257.9 196.9 21.4 22.2 24.4 
88472.0 105697.2 191.4 21.8 22.8 24.7 
88599.5 104319.3 192.8 21.6 21.3 24.5 

88753.1 105236.2 194.7 21.0 21.9 24.3 
88599.5 104319.3 192.8 21.6 21.3 24.5 
91196.3 104118.3 196.2 20.6 22.0 24.1 
91042.8 103201.4 194.2 21.3 21.4 24.3 

92241.9 101941.1 206.2 21.4 23.0 24.8 
94067.2 105518.5 196.4 21.7 22.2 25.1 
91154.3 104765.3 197.8 22.0 22.2 25.1 

96317.6 94853.2 192.3 21.9 24.2 24.8 
100248.8 101198.8 185.8 21.3 24.8 25.2 
94990.3 99045.4 191.8 20.9 23.4 24.5 
96903.9 97665.2 200.3 20.8 24.5 24.4 
97245.1 96267.4 185.5 21.3 23.9 24.5 

91392.4 103851.3 193.9 19.8 23.4 25.1 
93234.0 111250.2 183.6 20.1 23.1 25.4 
96461.4 100123.3 183.4 21.6 23.0 25.2 
93592.2 102441.8 187.6 21.4 23.3 25.2 
91815.2 106509.5 184.9 19.8 23.7 25.3 
90321.1 110497.1 185.0 20.3 23.1 25.4 
97555.3 105591.1 181.0 21.1 23.5 26.2 
89372.0 107627.3 183.4 20.2 23.7 25.4 

94023.4 102446.8 193.7 22.2 21.8 25.1 
91398.6 109935.2 191.9 20.8 21.2 24.5 
84810.1 101577.5 192.1 21.4 21.8 24.1 
88069.8 108991.9 195.6 20.5 21.3 24.0 
86415.8 99153.8 195.5 21.7 23.3 24.7 
96822.5 108062.8 192.8 21.4 21.7 25.1 
88859.1 98035.9 197.0 21.3 23.3 24.6 

91665.7 109796.6 212.8 20.5 22.1 23.8 
86151.2 103434.2 198.4 21.2 22.2 24.2 
91149.2 102762.3 204.9 21.2 23.1 24.6 
94067.2 105518.5 196.4 21.7 22.2 25.1 
93122.3 108917.4 203.2 21.0 22.3 24.1 
92610.6 106397.7 206.0 21.2 22.0 24.9 
90520.4 107115.4 206.9 21.2 22.5 23.9 

84465.7 108378.5 172.8 19.9 22.6 23.8 
84936.4 111058.4 171.3 19.9 22.6 24.8 
95617.8 108028.9 183.2 21.4 22.9 23.2 
90959.4 112134.7 179.4 20.6 22.0 23.9 
91815.2 105987.8 185.1 21.2 22.7 23.2 
91428.8 110561.9 176.9 20.8 23.1 23.3 
90277.3 107872.1 180.1 20.4 22.9 23.5 
85476.3 107401.1 181.4 19.6 22.8 24.5 
85089.9 111975.3 173.3 19.3 23.3 24.7 
88002.8 112728.4 171.8 19.0 23.2 24.7 
87202.9 105921.4 196.4 22.6 21.4 25.5 
90499.1 101474.5 189.7 22.6 23.0 25.0 

87457.3 113643.0 181.9 21.5 25.7 25.9 
99694.6 99487.2 208.0 21.6 23.5 25.5 
94830.2 115601.1 180.3 21.8 26.9 26.6 
103064.2 101844.7 194.7 23.0 25.2 26.8 
94270.7 101359.7 207.2 21.0 23.0 24.9 
88484.0 99341.2 198.6 21.3 24.0 24.5 
85886.5 102147.3 196.4 21.4 21.2 22.5 

99947.4 99407.7 193.9 22.5 23.1 25.5 
95390.0 96705.3 201.4 20.2 22.0 23.9 
92946.8 97823.2 200.0 20.6 21.9 24.1 
90077.6 100141.7 204.1 20.4 22.3 24.2 
102390.7 98289.8 195.3 22.1 23.2 25.3 
103243.8 99463.0 188.1 22.5 23.2 25.8 
92520.8 99023.8 205.6 20.0 22.4 24.0 
92367.3 98107.0 203.7 20.6 21.7 24.1 
99188.4 99519.7 194.9 20.7 21.9 24.6 
96275.6 98766.6 196.3 21.0 21.9 24.6 
98718.8 97648.7 197.7 20.6 22.0 24.4 
92652.7 107046.4 206.0 20.9 22.4 23.9 

86246.3 108444.8 194.7 20.9 22.8 25.5 
94067.2 105518.5 196.4 21.7 22.2 25.1 
91154.3 104765.3 197.8 22.0 22.2 25.1 

98165.9 114769.6 224.7 22.7 25.2 26.2 
104179.9 111080.9 214.4 23.5 26.2 27.0 

103721.0 112292.6 210.5 22.9 24.9 26.9 
98165.9 114769.6 224.7 22.7 25.2 26.2 
100889.3 116770.0 224.0 23.5 27.8 27.2 

94023.4 102446.8 193.7 22.2 21.8 25.1 
96466.7 101329.0 195.1 21.8 21.9 24.9 
94067.2 105518.5 196.4 21.7 22.2 25.1 
94177.0 103363.7 195.6 21.6 22.4 24.9 
89308.6 99726.5 198.4 21.3 23.9 24.4 
97089.9 104116.8 194.2 21.3 22.4 24.9 
91154.3 104765.3 197.8 22.0 22.2 25.1 

87150.8 94470.0 194.3 21.0 21.6 23.3 
96578.5 94357.3 192.2 22.0 21.6 23.5 
95403.3 96446.4 191.3 21.4 21.0 23.4 

97212.8 110941.2 213.9 21.9 24.2 25.2 
100611.1 99660.6 204.2 22.2 24.1 25.5 
101251.7 105796.7 220.3 22.1 24.7 25.6 
99657.2 100488.7 195.6 21.4 23.8 25.0 

92473.1 109107.7 180.3 20.3 21.5 24.5 
93512.4 100313.1 179.5 21.7 24.0 24.7 
95255.2 97488.6 182.3 22.0 24.4 24.8 
94916.3 107989.9 181.8 19.9 21.5 24.4 
89923.1 108813.8 190.5 20.4 21.4 24.2 
92715.3 107460.8 191.9 21.6 23.0 23.8 
87010.2 108060.7 191.9 20.7 21.4 24.2 
89453.5 106942.8 193.3 20.4 21.5 24.0 
101410.5 99202.3 179.0 22.4 24.7 25.5 
97698.5 96370.7 183.7 21.6 24.5 24.6 
98168.1 98241.7 180.9 21.7 24.4 24.8 
90309.7 105470.2 199.9 20.9 23.4 23.6 

88921.8 102516.4 188.1 20.0 22.1 24.0 
93227.9 100493.9 194.0 21.4 23.0 24.9 
88768.3 101599.5 186.2 20.6 21.5 24.1 

93597.5 103647.5 199.3 21.6 22.2 24.9 
94067.2 105518.5 196.4 21.7 22.2 25.1 
91154.3 104765.3 197.8 22.0 22.2 25.1 
95671.2 99376.1 195.4 21.1 23.1 24.7 

95327.9 98568.5 199.9 21.2 22.8 25.0 
89260.3 105294.5 203.0 21.2 22.9 24.1 
90205.2 101895.6 196.2 21.9 22.8 25.1 
91360.4 103369.1 208.9 20.9 22.7 24.1 

94557.3 110393.1 192.1 21.1 22.2 23.9 
90209.4 108164.3 204.6 21.3 22.3 24.1 
94220.7 106435.4 198.3 21.1 22.8 25.0 
93917.5 106855.7 196.1 21.9 22.6 24.9 
99563.2 99532.4 194.9 22.2 24.3 25.5 
92652.7 107046.4 206.0 20.9 22.4 23.9 
96620.2 102245.8 197.0 21.2 22.5 24.7 
91307.8 105682.2 199.7 21.4 22.8 25.0 
96830.4 107608.8 194.7 21.6 22.6 24.9 

91728.0 98193.2 188.8 21.7 21.5 24.0 
102758.8 99318.4 185.6 21.4 23.3 24.7 
108182.7 97445.9 186.5 22.0 23.8 25.3 
90552.9 100282.3 187.9 21.1 20.9 23.9 
103557.7 94707.7 198.3 21.4 24.1 25.5 
90422.8 100509.1 191.5 21.3 21.6 24.0 
94794.4 99863.2 189.3 20.8 22.1 23.8 
93465.8 101035.5 186.5 20.8 20.9 23.9 
94640.9 98946.4 187.4 21.4 21.5 24.0 

99072.9 101079.0 187.2 21.3 23.4 23.4 
92322.6 109204.6 183.6 19.7 22.0 24.3 
94963.7 112324.9 183.4 19.9 21.3 24.0 
91101.8 108702.0 183.2 20.1 21.9 24.0 
94014.6 109455.2 181.8 19.8 21.9 24.0 
93861.1 108538.3 179.8 20.4 21.3 24.2 

87622.4 108760.0 201.4 19.8 21.5 24.2 
94092.6 102951.1 199.7 22.1 21.7 24.2 
89079.0 107880.8 191.7 20.3 21.7 24.4 
87468.8 107843.2 199.4 20.4 20.9 24.3 
88129.9 105011.1 190.1 20.1 22.3 24.4 
91223.4 105269.6 203.9 21.9 22.1 24.2 
88963.0 103855.5 199.3 19.8 21.6 24.1 
88822.2 105740.4 200.8 20.9 21.8 23.4 
90065.6 107642.2 202.8 19.4 21.6 24.0 
94819.6 102267.0 201.6 22.2 22.8 24.5 
86673.3 105890.3 199.8 19.6 22.1 24.2 
89116.5 104772.4 201.2 19.2 22.2 24.0 

99023.9 98660.7 191.0 22.9 23.8 25.4 
94707.7 104970.3 194.6 21.4 21.8 25.0 
93237.3 101403.7 194.1 22.3 22.6 24.7 
101467.1 97542.8 192.5 22.5 23.9 25.2 
95781.5 97700.2 192.9 22.2 23.6 24.6 
90959.3 108404.0 195.9 21.3 21.8 25.1 
96150.2 102156.8 192.7 22.0 22.6 24.7 
95680.6 100285.8 195.6 22.0 22.6 24.5 

98614.3 106079.6 198.9 21.6 22.4 25.0 
102902.3 102724.1 208.8 22.1 23.3 26.1 
100210.7 109953.1 207.3 21.7 22.4 24.8 

92874.0 101261.9 190.1 21.4 23.5 24.9 
96476.6 104466.2 193.4 21.4 23.4 25.8 
102051.9 101573.9 184.6 21.4 24.0 25.4 
96708.8 101208.3 201.1 21.3 22.8 25.0 
98559.6 101104.5 189.7 21.7 23.8 25.4 
95781.5 97700.2 192.9 22.2 23.6 24.6 
99951.2 102168.9 199.3 22.0 23.1 25.8 
96116.4 102222.4 188.2 22.1 23.8 25.6 

88216.1 105017.2 197.2 21.4 21.2 24.1 
90659.3 103899.3 198.7 21.0 21.2 23.9 
95393.7 99725.7 210.6 21.7 24.0 25.6 

91196.1 107925.6 215.7 20.4 22.2 23.6 
88752.9 109043.5 214.2 20.8 22.1 23.8 
89697.7 105644.6 207.4 21.5 22.0 24.9 
91154.3 104765.3 197.8 22.0 22.2 25.1 
92652.7 107046.4 206.0 20.9 22.4 23.9 

99127.2 104621.4 195.3 21.5 22.1 24.6 
98617.5 101522.5 204.9 20.7 22.0 24.7 
95803.3 104568.4 200.4 20.7 21.3 24.1 
97403.1 105509.2 193.8 21.7 22.2 25.3 
101227.2 102695.9 201.2 21.2 21.9 24.7 
96174.3 102640.4 203.4 21.1 22.0 24.9 
99846.3 104391.3 195.3 21.3 22.3 25.1 
91697.0 97486.2 204.5 21.0 23.2 24.5 
98783.9 103813.8 199.8 21.6 21.8 24.8 

89099.0 101627.1 193.7 20.5 22.4 23.5 
94067.2 105518.5 196.4 21.7 22.2 25.1 
91499.3 101379.9 193.3 22.3 23.5 25.0 
89098.1 101850.7 190.2 21.3 23.3 24.2 
86655.7 102745.0 192.2 20.9 22.4 23.7 
91154.3 104765.3 197.8 22.0 22.2 25.1 
89056.9 102274.1 195.3 21.9 22.6 24.5 
86903.6 100182.7 203.6 21.7 22.7 23.6 

92483.8 102562.1 193.1 21.9 23.6 25.0 
89030.4 102759.2 193.1 21.8 23.0 24.8 
95396.7 103315.3 191.7 21.6 23.6 25.0 
91632.4 104561.2 189.4 21.6 22.8 25.0 
89598.9 104682.6 199.4 21.7 22.6 24.8 

90391.3 103130.1 189.1 19.5 22.9 23.5 
88154.7 105574.9 190.9 19.8 21.9 24.0 
95661.7 100340.7 188.1 20.7 22.8 24.2 
96324.3 101293.4 189.1 20.9 23.2 23.3 
94867.7 102172.6 198.7 20.4 23.0 23.0 
88338.2 104621.4 188.9 20.4 23.4 23.4 
95815.3 101257.6 190.0 20.1 23.4 24.1 
95815.3 101257.6 190.0 20.1 23.4 24.0 
90237.8 102213.2 187.2 20.1 22.3 23.6 
94580.3 100597.0 195.5 20.1 22.7 23.4 
88184.7 103704.5 187.0 21.0 22.8 23.6 
96170.8 100376.5 187.1 21.5 22.6 23.5 
94714.2 101255.7 196.7 21.0 22.4 23.2 

97882.1 115047.0 217.0 22.1 24.1 25.2 
102299.6 113918.4 216.0 23.4 24.9 25.9 

99751.0 103977.6 195.2 22.1 23.2 25.7 

93597.5 103647.5 199.3 21.6 22.2 24.9 
92534.9 102032.3 202.8 21.6 24.2 25.3 
96153.5 112616.6 207.5 20.8 22.4 25.2 
94067.2 105518.5 196.4 21.7 22.2 25.1 
91154.3 104765.3 197.8 22.0 22.2 25.1 

102299.6 113918.4 216.0 23.4 24.9 25.9 

95287.7 116545.0 219.3 23.2 26.0 27.5 
97622.6 102368.1 208.2 22.6 24.7 25.4 
100652.8 105564.9 206.1 22.4 24.2 26.2 
98284.6 116211.8 205.8 23.3 25.1 26.3 

97384.3 99823.3 194.2 21.7 23.2 23.4 
97981.4 108248.5 198.7 22.1 22.5 24.2 

99481.6 100297.9 202.1 21.9 23.2 25.6 
93796.0 100455.2 202.6 21.6 22.8 25.0 
90209.4 108164.3 204.6 21.3 22.3 24.1 
88685.5 112596.5 210.1 22.0 23.0 25.2 
99107.6 96890.7 197.4 23.0 25.6 25.6 
91154.3 104765.3 197.8 22.0 22.2 25.1 
99951.2 102168.9 199.3 22.0 23.1 25.8 
97038.3 101415.7 200.7 22.3 23.1 25.8 

93447.7 105058.3 192.2 21.6 22.2 23.4 
94067.2 105518.5 196.4 21.7 22.2 25.1 
91154.3 104765.3 197.8 22.0 22.2 25.1 
96822.8 96143.3 190.8 22.1 22.4 24.9 
91622.2 97213.5 199.1 21.0 23.0 23.9 

92426.2 114391.7 206.2 22.1 23.7 25.8 
95406.1 103973.6 215.1 21.6 24.0 25.4 
89697.7 105644.6 207.4 21.5 22.0 24.9 
91917.1 111075.9 223.1 21.0 23.1 24.4 

90706.4 101199.2 189.8 20.5 21.5 23.8 
96478.5 101024.7 187.6 20.5 21.6 24.1 
99782.6 100009.5 184.8 22.5 22.7 23.9 
97689.3 97027.5 197.1 21.0 23.5 24.0 
99405.8 99209.4 185.3 20.8 22.7 24.4 
94035.2 102142.6 186.1 20.9 21.5 24.2 
90465.9 100699.4 188.8 22.2 23.0 23.2 
89791.4 100776.5 187.9 22.8 22.2 23.3 
90286.8 105576.3 187.4 20.8 21.5 24.4 

89953.1 107153.8 202.9 20.6 20.9 24.1 
96833.6 104402.1 194.2 21.7 21.6 25.0 
90106.6 108070.6 204.8 19.9 21.5 24.0 
87040.2 106400.6 204.3 20.9 20.9 24.1 
87193.8 107317.5 206.2 20.2 21.5 24.0 

84671.6 106776.4 198.7 21.4 21.9 24.1 
88650.3 106438.3 196.6 20.8 21.7 24.2 
88752.9 109043.5 214.2 20.8 22.1 23.8 
88496.8 105521.4 194.7 21.4 21.1 24.4 
93708.5 101504.9 201.4 21.1 23.3 24.4 
91563.2 107191.4 195.2 20.5 21.7 24.2 

88362.6 103613.5 196.6 20.3 22.3 23.4 
92013.8 102221.7 212.1 21.8 24.5 25.5 
94149.1 100870.5 193.6 20.8 23.5 24.1 
101765.9 98458.3 199.7 21.7 24.4 25.6 
95605.7 99991.3 183.9 21.4 23.7 24.4 
97477.9 101813.9 189.9 21.2 23.5 24.5 

90446.7 107053.7 184.9 21.0 23.2 24.6 
91259.5 94751.8 190.0 21.3 24.7 24.6 
85119.1 97975.7 185.2 21.3 23.8 24.1 
84709.5 99334.6 191.0 19.8 22.1 23.7 

93680.4 106395.6 200.3 21.2 22.6 23.8 
93159.5 107389.6 201.4 21.2 22.4 23.8 
91758.1 104835.1 194.4 21.2 22.0 25.1 
92620.8 105384.3 189.6 21.3 21.9 24.2 

92329.4 102676.2 198.7 22.6 22.8 25.1 
91384.6 106075.1 205.5 21.9 22.9 24.1 
91356.7 104585.4 193.0 22.2 23.0 24.9 
90205.2 101895.6 196.2 21.9 22.8 25.1 

96200.7 107229.5 209.3 22.0 22.6 25.6 
93331.6 109548.0 213.5 21.8 23.0 25.6 
93287.9 106476.4 210.7 22.3 22.6 25.6 
92386.7 112947.0 220.2 21.1 23.1 24.6 
89473.8 112193.8 221.7 21.4 23.1 24.6 

96401.2 101944.2 183.6 22.2 22.5 24.5 
93211.5 104486.1 190.1 20.6 22.0 23.5 
89311.7 106483.2 198.2 20.4 21.7 23.4 
93793.0 106056.2 197.9 20.6 23.0 24.1 
95098.2 103740.3 195.1 21.0 22.9 24.1 
94944.7 102823.4 193.2 21.6 22.3 24.2 
97387.9 101705.5 194.7 21.2 22.4 24.1 
91754.9 105365.3 199.7 20.0 21.8 23.3 
91601.4 104448.5 197.8 20.7 21.2 23.4 
98998.0 101743.2 187.0 21.2 23.2 24.2 
83507.1 103373.6 203.6 20.3 22.2 23.7 
97541.4 102622.4 196.6 20.6 23.0 23.9 

93104.8 97229.3 190.3 20.1 22.3 23.6 
91542.7 99596.9 192.9 19.7 22.1 24.1 
86529.8 100769.2 188.4 20.3 22.4 24.1 
88629.9 98843.7 194.4 20.0 22.1 24.1 
92811.8 103060.9 195.2 21.7 22.1 24.0 
90192.0 96476.1 191.8 20.4 22.3 23.6 

106366.3 121664.9 217.7 24.5 26.4 25.5 
85895.6 100551.8 208.2 20.2 20.8 24.4 
88498.4 100548.6 201.7 20.3 21.1 24.2 
92116.8 97341.6 204.0 20.5 21.7 24.0 
95333.6 113197.6 219.4 22.7 23.0 24.2 

102782.3 100652.7 193.1 21.3 23.2 24.4 
97925.4 99929.9 194.3 21.6 22.4 24.7 
103667.8 102713.9 187.9 22.0 23.1 25.0 
100763.2 105122.8 205.4 21.3 22.5 24.6 
100339.0 101770.5 191.6 21.7 23.1 24.6 

95033.4 104141.9 189.5 19.6 23.0 23.6 
91397.5 102317.0 190.7 18.8 24.1 23.0 
91244.0 101400.1 188.8 19.4 23.5 23.2 
92884.1 99777.7 193.5 19.4 23.8 23.2 

94611.0 100728.7 195.0 22.6 22.1 24.7 
94764.6 101645.6 197.0 22.0 22.7 24.5 
88650.3 106438.3 196.6 20.8 21.7 24.2 
100007.2 103692.4 195.2 21.7 24.0 25.6 
93589.4 103734.7 196.0 21.4 22.1 24.5 
91563.2 107191.4 195.2 20.5 21.7 24.2 
97349.7 104448.5 192.1 21.1 22.9 24.9 

95145.6 107897.6 224.4 22.2 25.3 25.7 
99612.4 115413.2 213.7 22.9 25.8 25.3 

93722.8 97885.3 204.5 20.9 21.4 24.4 
98834.5 94336.9 200.8 21.2 21.0 24.5 
95921.6 93583.7 202.2 21.5 21.0 24.5 
92371.1 99891.0 186.3 21.7 24.0 24.7 
82859.6 104356.8 192.7 21.3 22.1 23.6 
95240.3 97572.5 182.2 21.9 23.7 24.7 
93569.3 96968.4 202.6 21.5 20.7 24.5 
94988.3 102443.5 200.3 20.5 21.7 23.9 
96166.0 96767.5 206.0 20.5 21.4 24.2 
88888.8 98030.8 188.1 21.9 23.4 24.4 
87943.9 101429.7 194.8 21.2 23.5 23.4 
86805.8 101392.4 191.8 21.6 23.0 24.8 

93597.5 103647.5 199.3 21.6 22.2 24.9 
95568.4 100578.2 197.4 20.8 22.9 24.7 
90209.4 108164.3 204.6 21.3 22.3 24.1 
93122.3 108917.4 203.2 21.0 22.3 24.1 
95414.9 99661.3 195.4 21.4 22.3 24.8 
90754.4 106459.6 195.7 21.7 24.5 24.3 
91154.3 104765.3 197.8 22.0 22.2 25.1 
90667.7 105015.3 191.9 21.5 22.4 24.8 

97539.8 107788.8 202.2 22.3 23.1 24.8 
95662.7 109615.6 201.3 22.6 23.0 25.6 
99145.0 111475.8 199.6 22.3 23.6 25.9 

80627.7 106299.2 195.7 20.6 22.1 23.7 
81805.4 100623.1 201.4 20.6 21.9 24.0 
86141.4 96818.3 199.7 20.8 22.2 24.2 
89054.3 97571.5 198.3 20.5 22.1 24.2 
88310.4 100129.6 196.0 21.6 20.4 24.5 
88463.9 101046.4 197.9 21.0 21.0 24.3 
92383.1 98514.8 194.6 20.9 22.1 24.6 

100960.4 112164.0 214.8 21.9 24.9 25.6 
99613.2 115126.9 219.2 22.9 25.1 26.6 
102113.7 99120.8 209.7 23.2 25.9 25.5 

88108.9 99837.8 195.4 20.1 21.9 24.0 
98425.2 103540.2 177.9 21.8 25.7 24.9 
91667.7 103881.0 193.4 20.7 21.1 24.0 
90718.6 101011.2 191.8 20.6 21.7 24.0 
89058.0 102707.5 197.0 20.2 21.3 24.0 
85625.5 102461.1 193.9 20.1 22.0 23.6 

91343.4 101932.8 199.3 21.5 23.3 23.7 
92697.2 100960.0 189.9 20.6 22.7 23.8 
94256.3 102686.0 197.9 21.2 23.3 23.7 
88327.7 101086.1 201.0 20.4 22.5 23.6 
91240.6 101839.2 199.6 20.1 22.5 23.6 

98021.0 120023.3 231.5 22.4 24.7 25.4 
99612.4 115413.2 213.7 22.9 25.8 25.3 

93237.3 101403.7 194.1 22.3 22.6 24.7 
91943.4 103514.9 189.5 21.5 22.5 23.7 
91154.3 104765.3 197.8 22.0 22.2 25.1 
93390.9 102320.5 196.1 21.7 23.2 24.5 

103614.2 97756.0 198.5 22.0 23.4 24.6 
101200.6 95915.4 201.2 21.9 22.7 24.8 
104113.4 96668.5 199.8 21.6 22.7 24.8 
101514.2 99681.4 192.5 22.2 23.7 24.6 
101047.0 94998.5 199.3 22.5 22.1 25.0 
102439.1 99845.1 197.6 21.4 22.9 24.6 
99865.8 101189.7 199.8 21.9 23.4 24.8 
102938.3 98757.7 198.8 21.1 22.1 24.8 
97851.6 115933.7 230.4 23.2 24.2 25.8 
106057.4 96638.1 199.9 21.6 23.5 24.5 

101849.6 110246.4 208.0 22.4 24.2 26.0 

94023.4 102446.8 193.7 22.2 21.8 25.1 
94177.0 103363.7 195.6 21.6 22.4 24.9 
98021.0 120023.3 231.5 22.4 24.7 25.4 
91154.3 104765.3 197.8 22.0 22.2 25.1 
101432.6 119656.0 212.2 22.5 24.4 25.8 
105711.8 106028.0 188.9 22.7 24.6 25.2 
98108.7 119603.0 217.3 21.7 23.6 25.2 
96111.4 120326.3 209.5 22.2 24.1 25.2 

103558.4 96270.1 189.3 22.8 23.0 25.6 
97362.3 105527.7 214.3 22.2 23.5 23.5 
89801.3 101643.1 201.0 20.4 22.1 24.3 
89319.7 101673.6 209.7 21.2 23.9 24.3 
94067.2 105518.5 196.4 21.7 22.2 25.1 
90208.8 98560.9 194.5 20.5 23.8 23.7 
97925.4 99929.9 194.3 21.6 22.4 24.7 
91154.3 104765.3 197.8 22.0 22.2 25.1 
86876.4 102791.5 208.2 21.5 23.9 24.5 
106471.3 97023.3 187.9 22.5 23.0 25.6 
89260.3 105294.5 203.0 21.2 22.9 24.1 
103711.9 97187.0 191.2 22.2 23.6 25.4 

91030.1 99700.8 186.2 21.3 21.6 24.7 
90509.1 100694.8 187.3 21.4 21.4 24.6 
90951.2 101839.1 197.3 20.9 21.7 24.6 
93957.8 104730.5 203.3 21.4 22.3 23.9 
92119.4 100630.1 191.4 21.2 21.4 24.8 

91154.3 104765.3 197.8 22.0 22.2 25.1 

91665.7 109796.6 212.8 20.5 22.1 23.8 
92241.9 101941.1 206.2 21.4 23.0 24.8 
95596.9 95489.1 196.3 21.2 23.5 24.5 
93698.4 101061.9 196.6 21.9 23.2 25.0 
99419.6 95942.3 194.2 21.1 23.1 24.6 
88752.9 109043.5 214.2 20.8 22.1 23.8 
92784.2 97149.1 200.9 22.1 24.0 24.9 
95154.7 102694.2 204.8 21.1 23.0 24.8 

94144.4 101863.1 184.9 20.7 22.1 24.9 
93674.8 99992.0 187.8 20.6 22.2 24.7 
102128.2 104591.4 187.9 22.5 23.1 25.3 
88650.3 106438.3 196.6 20.8 21.7 24.2 
91231.6 101109.9 186.3 21.0 22.1 24.9 
91093.6 105320.4 198.1 20.4 21.8 24.0 
99215.3 103838.3 189.3 22.8 23.2 25.3 
93103.8 105196.3 195.3 21.9 23.3 24.6 
88942.5 98780.6 195.3 21.3 22.0 24.7 

103445.2 114343.6 212.9 23.2 25.0 26.5 
94201.3 101031.4 210.6 22.8 24.1 26.0 
99612.4 115413.2 213.7 22.9 25.8 25.3 

94636.6 106625.6 196.1 21.8 22.8 25.4 
87587.1 104531.8 198.5 20.6 23.2 25.3 
91558.5 101418.3 194.9 21.7 24.3 25.7 
96755.0 106234.7 196.3 20.6 24.1 26.1 
95260.9 110222.4 196.5 21.2 23.5 26.3 
86738.3 106938.0 208.0 22.0 23.7 25.3 
91778.5 108362.1 198.2 21.4 22.8 26.0 
98173.8 110975.5 195.1 20.9 23.4 26.3 

86914.9 101428.0 192.8 19.9 21.8 23.5 
98326.0 109532.6 186.3 21.8 24.3 23.9 
100658.6 100046.9 181.7 21.5 23.6 24.1 
84555.4 92892.9 190.1 20.7 22.2 24.5 

84168.9 103340.3 203.5 19.5 21.9 23.3 
86612.2 102222.4 205.0 19.1 21.9 23.2 
90360.6 98788.7 203.7 19.2 21.9 23.0 
87081.8 104093.4 202.1 19.2 21.8 23.3 
88538.3 103214.2 192.5 19.8 22.0 23.6 

95788.6 96422.7 190.8 21.7 22.2 23.7 
99537.0 92989.0 189.5 21.7 22.2 23.5 

94472.4 106956.7 204.7 22.1 23.6 24.7 
98623.1 105227.3 215.6 21.6 23.4 23.6 
95779.0 109926.3 212.5 21.4 23.9 24.2 
98711.5 103549.5 204.1 22.7 24.9 25.4 
97235.6 109047.0 202.9 22.0 24.1 24.5 
91001.3 107757.0 194.3 20.0 21.6 24.2 

95697.5 101722.0 205.2 21.4 22.0 25.0 
95423.6 100337.5 195.4 22.0 22.4 25.0 
99491.6 102564.2 206.8 20.8 22.2 24.1 
88904.5 101790.7 195.1 20.8 20.7 24.2 
89058.0 102707.5 197.0 20.2 21.3 24.0 
92652.7 107046.4 206.0 20.9 22.4 23.9 
99022.0 100693.1 209.6 20.7 22.3 23.9 
96578.8 101811.0 208.2 21.1 22.2 24.1 

97236.2 97391.8 190.7 21.2 23.5 24.7 
99740.2 95718.9 191.9 22.5 24.0 25.6 
90209.4 108164.3 204.6 21.3 22.3 24.1 
97082.7 96474.9 188.7 21.8 22.9 24.9 
92364.5 101626.8 189.5 20.4 22.7 24.4 
91154.3 104765.3 197.8 22.0 22.2 25.1 
96497.8 94758.3 193.7 21.8 23.7 24.9 

94067.2 105518.5 196.4 21.7 22.2 25.1 
91154.3 104765.3 197.8 22.0 22.2 25.1 

98826.9 111648.1 210.2 22.8 24.0 26.2 

92912.5 102130.7 193.0 21.6 23.8 25.6 
95789.2 106794.5 204.9 22.1 23.5 24.0 
90831.7 99413.1 202.2 21.6 23.0 24.5 
91455.9 103009.9 202.6 21.0 23.7 25.3 
89372.9 106371.6 206.3 20.7 23.3 25.7 
92441.8 99450.8 194.5 21.6 23.8 24.6 
91038.3 105501.9 205.7 21.3 23.3 23.2 
92288.2 98533.9 192.5 22.2 23.2 24.7 

91485.5 104377.2 198.9 22.0 22.6 23.4 
93480.2 104940.8 190.4 22.2 21.4 24.0 
95923.4 103823.0 191.9 21.8 21.4 23.8 
94398.4 105130.4 197.5 21.7 22.6 23.4 
95636.0 102247.4 188.7 21.5 21.0 24.1 
96393.0 105694.0 189.0 21.9 21.4 24.0 
93122.3 108917.4 203.2 21.0 22.3 24.1 
93222.4 100406.8 191.4 21.4 20.3 24.3 
91154.3 104765.3 197.8 22.0 22.2 25.1 
96408.5 107914.2 199.2 21.4 22.6 23.4 

93597.5 103647.5 199.3 21.6 22.2 24.9 
94723.1 108079.4 207.8 21.1 22.8 24.0 
93567.9 106605.9 195.1 22.1 22.9 24.9 
94067.2 105518.5 196.4 21.7 22.2 25.1 
91154.3 104765.3 197.8 22.0 22.2 25.1 
92623.1 110004.8 201.9 21.4 23.0 23.9 
107506.8 95118.3 192.6 23.9 25.7 25.7 

97557.7 89402.0 191.1 22.3 24.2 23.7 
96808.5 90290.4 184.6 22.3 23.2 23.8 
97982.7 93868.0 187.5 21.0 24.0 23.7 
93939.3 92609.0 188.7 22.1 23.6 23.9 
94769.2 96723.8 191.0 21.5 23.2 24.3 
91366.0 93953.6 191.0 22.6 24.2 24.1 
93980.3 98784.5 190.7 22.3 23.1 24.4 
96063.5 93389.6 191.3 22.8 23.6 23.9 
95114.5 90519.8 189.7 22.7 24.2 23.9 
94888.4 95478.7 190.3 22.3 23.0 23.9 

86958.0 104633.0 191.1 20.5 21.6 24.0 
92381.9 102760.5 192.0 21.1 22.1 24.5 
95145.8 101419.2 191.1 22.1 23.0 25.4 
92744.5 101890.0 188.0 21.1 22.8 24.6 
98168.5 100017.6 188.9 21.7 23.3 25.2 

88753.1 105236.2 194.7 21.0 21.9 24.3 
86856.7 107143.8 189.9 21.4 20.8 24.4 
87010.2 108060.7 191.9 20.7 21.4 24.2 

91665.7 109796.6 212.8 20.5 22.1 23.8 
96936.3 103200.0 192.2 21.9 21.8 25.1 
94067.2 105518.5 196.4 21.7 22.2 25.1 
89697.7 105644.6 207.4 21.5 22.0 24.9 
92610.6 106397.7 206.0 21.2 22.0 24.9 
95633.3 104996.1 203.8 20.8 22.2 24.7 

96480.8 107359.1 193.7 21.8 22.9 24.9 
93567.9 106605.9 195.1 22.1 22.9 24.9 
86931.7 107700.1 194.1 22.1 22.0 24.1 
84671.6 106776.4 198.7 21.4 21.9 24.1 
87085.2 108617.0 196.0 21.4 22.6 24.0 
89998.1 109370.1 194.6 21.1 22.6 24.0 
87584.5 107529.5 197.3 21.1 21.9 24.1 

86958.0 104633.0 191.1 20.5 21.6 24.0 
88282.5 99538.5 200.5 19.9 21.9 23.8 
89870.9 105386.1 189.7 20.2 21.5 24.0 
88129.0 98621.6 198.6 20.5 21.3 24.0 
91041.9 99374.8 197.2 20.2 21.3 24.0 
91471.1 107551.4 206.6 20.7 23.3 23.7 

101022.2 109649.0 200.5 22.0 23.7 25.1 
99145.0 111475.8 199.6 22.3 23.6 25.9 

96936.3 103200.0 192.2 21.9 21.8 25.1 
94067.2 105518.5 196.4 21.7 22.2 25.1 

100678.5 105391.8 188.4 21.4 22.9 25.3 
87291.5 105277.5 213.4 21.7 24.3 25.4 
92241.9 101941.1 206.2 21.4 23.0 24.8 
94074.3 104565.8 197.5 21.4 22.2 24.8 
88496.8 105521.4 194.7 21.4 21.1 24.4 
87040.2 106400.6 204.3 20.9 20.9 24.1 
95893.2 105327.7 201.7 20.5 22.7 24.6 
94685.1 100823.2 207.7 21.0 23.0 24.6 
87193.8 107317.5 206.2 20.2 21.5 24.0 
96611.3 101815.0 195.2 21.6 23.1 25.0 
92980.3 104574.6 203.2 20.8 22.8 24.6 

93597.5 103647.5 199.3 21.6 22.2 24.9 
94067.2 105518.5 196.4 21.7 22.2 25.1 
91154.3 104765.3 197.8 22.0 22.2 25.1 

100038.2 107876.4 205.3 21.6 23.4 23.5 
94022.9 110051.2 213.0 20.9 23.3 23.4 
93370.5 105038.6 189.5 21.3 21.7 24.1 
94206.7 114671.9 210.2 21.3 23.0 24.1 
93524.0 105955.4 191.5 20.7 22.4 24.0 
90956.9 103198.0 192.2 21.3 21.0 24.3 
93462.2 101550.7 192.6 20.2 22.0 24.1 
90549.4 100797.5 194.1 20.5 22.0 24.1 
91110.4 104114.9 194.2 20.7 21.7 24.1 

93597.5 103647.5 199.3 21.6 22.2 24.9 
92892.0 109152.4 186.7 21.1 22.9 24.2 
93257.0 105186.5 194.9 21.0 23.2 23.7 
94177.0 103363.7 195.6 21.6 22.4 24.9 
90344.2 104433.4 196.3 21.3 23.2 23.7 

96153.5 112616.6 207.5 20.8 22.4 25.2 
103384.0 113504.6 221.6 24.3 24.3 24.5 
94177.0 103363.7 195.6 21.6 22.4 24.9 
94067.2 105518.5 196.4 21.7 22.2 25.1 
91154.3 104765.3 197.8 22.0 22.2 25.1 

84014.6 99624.6 192.4 20.7 23.0 23.9 
89801.3 101643.1 201.0 20.4 22.1 24.3 
90209.4 108164.3 204.6 21.3 22.3 24.1 
86114.6 97699.2 198.4 20.4 22.8 24.0 
94067.2 105518.5 196.4 21.7 22.2 25.1 
88515.8 97228.3 201.5 21.4 23.0 24.8 
88557.9 96581.3 199.8 20.0 22.8 23.8 
91154.3 104765.3 197.8 22.0 22.2 25.1 

101372.8 104789.1 198.6 21.7 23.3 25.5 
106308.2 106241.1 190.2 22.6 23.2 25.0 
104814.5 102333.8 203.5 21.6 23.3 25.6 
98459.9 104035.9 200.1 22.0 23.3 25.5 
100996.7 109453.9 196.4 22.0 22.7 24.6 
100526.2 107806.5 195.8 22.7 23.6 25.1 
96017.5 104930.2 202.0 21.7 22.4 25.0 
102714.4 104259.2 197.5 21.9 23.5 25.6 
103439.0 108559.6 194.4 22.4 23.6 25.1 
103395.3 105488.0 191.6 22.9 23.2 25.0 

94297.4 106828.3 204.1 21.6 22.9 24.1 
111640.7 115027.4 208.9 23.6 25.3 25.4 
90209.4 108164.3 204.6 21.3 22.3 24.1 
96040.3 101170.4 198.1 21.8 23.6 24.9 
94067.2 105518.5 196.4 21.7 22.2 25.1 
93122.3 108917.4 203.2 21.0 22.3 24.1 
98107.5 104220.1 195.3 22.0 23.3 25.6 
98337.8 105529.9 203.0 21.8 24.0 24.6 
115123.1 116887.6 207.2 23.4 26.0 25.7 

93535.9 104426.1 196.1 20.8 22.7 24.6 
93596.7 103871.1 195.8 22.4 23.1 25.6 
91092.7 105544.0 194.7 21.1 22.6 24.7 
94005.6 106297.1 193.2 20.8 22.6 24.7 
92418.0 100636.6 211.9 21.6 24.2 25.2 
88650.3 106438.3 196.6 20.8 21.7 24.2 
90354.3 102910.5 197.7 21.7 22.8 24.9 
96619.4 102469.4 193.6 22.0 23.3 25.4 
96516.6 103671.5 195.5 21.7 23.1 25.3 

95143.0 94338.3 198.1 20.2 23.0 23.4 
101027.1 90988.7 201.0 20.5 23.9 24.1 
100567.0 92465.8 199.0 20.8 23.5 24.0 
93248.5 95849.5 191.7 21.4 23.3 24.3 
92699.8 95456.2 196.7 20.6 22.9 23.6 
91791.9 96728.7 201.3 20.9 23.1 24.0 

88526.4 107119.2 192.1 21.6 21.8 23.6 
87062.0 103974.3 192.4 21.8 20.4 24.1 
85972.6 103045.0 187.1 22.0 20.6 24.0 
90013.9 101523.0 189.4 21.5 20.9 23.8 
89505.2 102856.5 193.8 21.4 20.4 23.9 
90124.4 106715.0 192.9 21.5 22.1 23.6 
88885.5 103798.1 185.7 21.7 20.6 24.0 
87570.6 102640.8 188.0 21.9 20.8 23.9 

93698.4 101061.9 196.6 21.9 23.2 25.0 
99949.0 103189.2 193.4 21.6 22.5 25.2 
94177.0 103363.7 195.6 21.6 22.4 24.9 
96940.8 102022.4 194.7 22.6 23.4 25.8 
91154.3 104765.3 197.8 22.0 22.2 25.1 
96620.2 102245.8 197.0 21.2 22.5 24.7 

93023.1 106444.9 195.9 21.2 23.1 25.7 
106798.2 102280.5 196.9 23.2 24.4 25.0 
93544.0 105450.8 194.8 21.2 23.3 25.8 
98308.7 115841.6 219.2 22.5 23.9 24.8 
99900.9 117556.4 224.1 22.3 23.9 24.4 
88776.5 105026.9 209.1 20.6 21.6 24.4 

92797.5 101792.7 199.2 21.3 22.9 24.7 
95185.8 108728.4 199.3 20.7 22.3 23.6 
90209.4 108164.3 204.6 21.3 22.3 24.1 
96039.9 102753.2 197.3 22.0 23.1 25.5 
92652.7 107046.4 206.0 20.9 22.4 23.9 
96620.2 102245.8 197.0 21.2 22.5 24.7 
90354.3 102910.5 197.7 21.7 22.8 24.9 

98016.8 111316.1 208.8 22.1 25.0 24.8 
94067.2 105518.5 196.4 21.7 22.2 25.1 

90200.1 101301.4 189.4 21.6 21.4 24.9 
89777.2 98643.3 198.5 21.6 21.1 24.7 
92691.8 98822.7 208.8 20.8 22.0 23.8 
93069.2 98982.9 185.3 21.8 21.0 24.8 

94023.4 102446.8 193.7 22.2 21.8 25.1 
93597.5 103647.5 199.3 21.6 22.2 24.9 
96936.3 103200.0 192.2 21.9 21.8 25.1 
90209.4 108164.3 204.6 21.3 22.3 24.1 
94067.2 105518.5 196.4 21.7 22.2 25.1 
93122.3 108917.4 203.2 21.0 22.3 24.1 
91154.3 104765.3 197.8 22.0 22.2 25.1 
92652.7 107046.4 206.0 20.9 22.4 23.9 

97228.0 111008.6 198.7 21.2 22.9 23.6 
94315.1 110255.5 200.1 21.5 23.0 23.6 
98073.3 95145.7 201.3 21.7 23.4 24.2 
97828.4 98970.6 192.7 21.8 24.8 24.6 
97048.2 99740.5 210.6 22.0 24.3 24.8 
98494.5 97486.7 199.7 22.1 24.9 25.4 
86655.7 102745.0 192.2 20.9 22.4 23.7 
91154.3 104765.3 197.8 22.0 22.2 25.1 
92079.7 100872.5 193.1 21.5 22.9 24.3 
89056.9 102274.1 195.3 21.9 22.6 24.5 

96153.5 112616.6 207.5 20.8 22.4 25.2 
94067.2 105518.5 196.4 21.7 22.2 25.1 
91154.3 104765.3 197.8 22.0 22.2 25.1 
92787.4 103315.5 197.8 20.9 23.3 23.5 
90344.2 104433.4 196.3 21.3 23.2 23.7 

96936.3 103200.0 192.2 21.9 21.8 25.1 
94067.2 105518.5 196.4 21.7 22.2 25.1 

99073.6 105433.8 202.1 22.2 22.5 25.3 
96973.6 107359.3 196.1 22.4 22.7 25.3 
100302.4 108302.6 192.4 22.8 22.7 25.7 
97170.5 106156.8 211.9 22.4 23.5 24.0 
97047.5 101219.6 205.3 21.7 22.8 24.8 
101986.5 106187.0 200.7 21.9 22.5 25.3 
89260.3 105294.5 203.0 21.2 22.9 24.1 

100722.9 113295.8 227.7 22.7 25.4 25.6 
98021.0 120023.3 231.5 22.4 24.7 25.4 

91665.7 109796.6 212.8 20.5 22.1 23.8 
88863.4 103519.7 191.6 21.2 21.7 24.3 
88659.2 107553.7 204.6 21.8 21.2 25.2 
92610.6 106397.7 206.0 21.2 22.0 24.9 
94530.5 96927.1 203.5 22.4 24.7 24.2 

96260.0 100002.0 191.9 21.9 22.8 24.5 
98223.8 97885.4 188.9 21.4 23.4 24.5 
98070.3 96968.5 187.0 22.1 22.8 24.7 
94256.3 102686.0 197.9 21.2 23.3 23.7 
96140.8 101247.1 192.6 21.1 23.0 24.9 
96150.2 102156.8 192.7 22.0 22.6 24.7 
92173.2 106047.6 201.6 20.8 22.9 24.1 
95157.4 96215.4 188.4 22.4 22.8 24.7 
95201.1 99287.0 191.1 21.9 23.2 24.7 
92288.2 98533.9 192.5 22.2 23.2 24.7 
90205.2 101895.6 196.2 21.9 22.8 25.1 
99172.9 100755.2 190.5 21.6 22.8 24.5 

92167.4 95549.9 191.2 22.3 21.4 24.1 
95080.3 96303.0 189.8 22.0 21.4 24.1 
93095.0 98867.7 198.1 21.7 21.5 24.0 
89346.6 102301.5 199.3 21.7 21.5 24.2 
92625.4 96996.7 200.9 21.6 21.5 23.8 
86587.3 102465.2 202.7 21.4 22.1 24.0 
89030.5 101347.4 204.1 21.0 22.2 23.8 
90797.5 94508.3 193.2 21.7 21.1 24.3 
90182.2 98114.6 199.5 22.0 21.5 24.0 
87884.7 93755.2 194.6 22.0 21.1 24.3 
90327.9 92637.3 196.0 21.6 21.2 24.1 
84136.2 97188.9 195.9 22.0 21.1 24.5 
92936.3 92860.5 186.8 21.3 21.6 24.2 
86433.8 101548.4 200.8 22.0 21.5 24.2 
93248.6 99784.6 200.0 21.1 22.1 23.8 
95233.9 97219.9 191.7 21.3 22.0 23.9 

93227.9 100493.9 194.0 21.4 23.0 24.9 
97315.9 99158.0 193.5 21.7 23.6 24.9 
87338.9 100217.3 195.2 21.6 22.3 24.5 
95198.6 100357.7 194.6 22.8 22.4 25.1 
79489.3 100796.6 189.3 21.1 21.6 23.9 
95987.2 100330.2 190.7 21.7 22.4 25.1 
97641.8 99239.8 196.0 22.4 22.4 24.9 

93597.5 103647.5 199.3 21.6 22.2 24.9 
90368.3 105841.4 187.9 20.5 21.5 24.5 
94902.7 101331.6 196.5 22.1 22.2 24.9 
93008.8 101860.7 201.7 21.2 22.9 23.9 
94067.2 105518.5 196.4 21.7 22.2 25.1 
93957.8 104730.5 203.3 21.4 22.3 23.9 
91154.3 104765.3 197.8 22.0 22.2 25.1 
97345.9 100213.7 198.0 21.7 22.2 24.8 

84963.7 102494.4 194.0 20.8 22.4 23.9 
87406.1 101600.1 192.0 21.2 23.3 24.4 
89807.3 101129.3 195.1 22.2 23.6 25.2 

98226.8 107457.4 199.4 22.6 23.4 26.1 
94898.0 106514.0 203.0 22.2 23.4 25.7 
93843.3 112067.7 210.6 21.7 23.3 24.8 

93331.6 109548.0 213.5 21.8 23.0 25.6 
93843.3 112067.7 210.6 21.7 23.3 24.8 
102230.4 108638.4 204.6 21.7 24.4 25.6 
92386.7 112947.0 220.2 21.1 23.1 24.6 

85968.8 103098.6 202.6 22.4 22.3 24.9 
91384.6 106075.1 205.5 21.9 22.9 24.1 
98343.3 105208.8 197.3 22.0 22.5 24.6 
85349.9 103816.6 198.0 21.9 21.6 24.2 
86122.3 104015.4 204.6 21.8 23.0 24.7 
91435.1 104635.6 209.2 22.7 23.3 24.5 

89487.4 106084.0 194.1 19.9 21.4 23.6 
86168.2 105303.3 183.0 20.8 21.6 23.6 
83175.1 104827.7 191.0 20.0 21.7 23.3 
91927.8 103898.6 188.2 20.9 22.2 24.3 
98213.7 94714.8 195.6 20.8 23.6 24.8 
86088.0 105580.8 189.6 19.7 21.6 23.3 
88599.0 102955.2 191.9 20.6 22.2 23.9 
89081.1 106056.4 181.5 20.5 21.6 23.6 

85510.9 103335.4 198.1 20.1 22.7 23.1 
89839.5 100097.1 201.4 20.7 21.5 24.0 
90717.8 107122.5 182.8 21.7 23.9 23.6 
86874.6 105221.8 189.7 20.7 24.1 22.8 
86890.0 103090.8 191.8 20.5 23.1 23.4 
91922.6 96735.4 197.8 21.0 21.9 23.5 
90757.6 102358.8 190.6 21.5 23.8 23.0 
87529.8 99090.7 198.8 19.8 22.5 23.3 
87924.6 105175.9 195.4 20.2 23.4 23.0 
85223.5 101759.8 194.9 19.8 22.3 23.4 

86632.6 97990.9 187.4 21.8 22.9 24.3 
88054.2 99879.0 189.9 20.3 23.0 23.9 
85611.0 100996.9 188.4 20.6 22.9 24.1 
92210.1 97035.3 190.2 21.8 24.0 24.7 
86786.2 98907.8 189.3 21.2 23.5 24.1 
84343.8 99802.0 191.3 20.9 22.6 23.6 
88939.8 101940.2 184.7 21.0 22.9 24.5 
89246.8 102821.8 187.2 21.5 21.8 24.6 
91383.0 100822.4 186.2 20.6 23.0 24.4 
85457.5 100080.0 186.5 21.3 22.3 24.2 

101546.1 107668.6 181.7 22.7 25.5 25.7 
110896.7 106285.6 176.2 23.4 27.0 26.5 
105028.5 109528.9 179.9 22.4 26.1 26.0 
92690.1 99396.4 197.0 21.3 21.0 24.7 
85594.8 103364.9 202.1 20.8 21.4 24.4 
105028.4 109528.9 179.9 22.4 26.1 26.0 
89930.8 99560.1 200.4 21.0 21.7 24.6 
96303.7 103073.7 194.6 21.4 23.2 24.5 
96150.2 102156.8 192.7 22.0 22.6 24.7 
88983.6 106921.1 186.9 20.5 22.5 23.9 
84417.1 109041.0 196.4 20.8 21.6 24.1 

96099.1 109167.3 221.6 22.2 23.6 25.8 
91552.7 102563.5 209.6 22.3 24.0 25.2 
98130.5 109532.3 219.1 21.9 22.7 25.8 
90903.6 109752.5 197.6 21.5 22.5 25.1 
93995.0 101669.2 207.6 22.6 24.9 25.7 
94463.4 108851.4 218.8 22.6 24.1 24.7 
98556.4 108331.7 213.5 22.5 22.3 25.9 
94391.5 106255.7 203.0 22.5 22.7 25.5 
94465.5 103316.6 208.2 22.0 24.0 25.2 

99285.3 112656.1 232.3 23.8 25.5 26.3 

107664.7 114160.3 210.9 20.6 25.0 25.9 
96383.7 112765.9 208.8 23.2 23.9 26.4 
109990.9 123997.8 198.8 23.6 27.4 28.2 
99406.4 111364.3 206.5 22.8 24.2 26.2 
99252.8 110447.4 204.6 23.4 23.6 26.3 

96519.4 109538.8 192.4 21.2 22.2 24.2 
103558.4 96270.1 189.3 22.8 23.0 25.6 
107040.7 98130.3 187.5 22.6 23.6 25.8 
93796.0 100455.2 202.6 21.6 22.8 25.0 
92318.1 100793.9 194.7 21.2 23.4 24.9 
89405.2 100040.8 196.1 21.5 23.4 24.9 
103292.3 101564.1 188.8 22.5 23.6 26.0 
96352.0 107471.1 194.1 21.0 23.3 24.8 
89260.3 105294.5 203.0 21.2 22.9 24.1 
91848.4 98922.9 197.6 21.1 23.5 24.7 
90205.2 101895.6 196.2 21.9 22.8 25.1 
99810.0 99703.9 190.6 22.8 23.0 25.7 

94023.4 102446.8 193.7 22.2 21.8 25.1 
91154.3 104765.3 197.8 22.0 22.2 25.1 

100149.2 116563.4 238.0 22.7 25.9 26.2 
95573.6 112434.0 207.3 22.5 25.0 24.9 
91154.3 104765.3 197.8 22.0 22.2 25.1 

95559.2 97077.9 192.9 21.5 20.7 24.7 
101861.9 95048.0 192.2 21.4 24.0 25.1 
97952.2 98008.7 185.9 21.4 21.5 24.8 
94469.9 96148.5 187.7 21.7 20.9 24.6 
91557.0 95395.4 189.1 22.0 20.9 24.6 
94623.4 97065.4 189.6 21.1 21.5 24.4 

96826.7 106017.3 171.3 21.7 24.6 26.1 
95638.3 105374.6 176.8 20.5 22.6 25.4 
89697.7 105644.6 207.4 21.5 22.0 24.9 
100925.6 103719.1 172.4 21.4 24.6 25.9 
101424.9 102631.7 173.7 21.1 23.8 26.0 
103838.5 104472.3 171.0 21.1 24.5 25.9 
89473.8 112193.8 221.7 21.4 23.1 24.6 

91913.4 100901.7 197.8 20.6 23.0 24.0 
91074.7 94919.3 199.8 20.8 21.4 23.9 
82811.3 98650.9 193.6 21.6 20.9 24.1 
85318.9 105278.9 193.1 21.2 22.4 24.3 
88135.7 98956.9 196.8 20.5 21.3 24.2 
82964.9 99567.8 195.6 21.0 21.5 23.9 
84054.3 100497.2 200.8 20.9 21.3 24.0 
88052.0 96320.9 202.0 21.3 21.1 24.1 
94909.2 95614.4 197.4 21.9 23.1 24.9 
89503.6 99702.6 193.9 20.9 22.8 23.6 
88047.0 100581.8 203.5 20.3 22.6 23.3 
85834.0 97249.3 191.4 21.2 21.1 23.9 
86892.8 97110.7 189.6 21.3 20.9 24.2 
88277.3 96131.4 192.9 20.8 21.2 23.7 

93597.5 103647.5 199.3 21.6 22.2 24.9 
93596.7 103871.1 195.8 22.4 23.1 25.6 
100689.2 98588.6 193.4 22.6 23.4 25.6 
97345.1 100437.3 194.6 22.4 23.1 25.5 
94102.7 99476.8 196.4 21.7 22.8 24.7 
94177.0 103363.7 195.6 21.6 22.4 24.9 
91154.3 104765.3 197.8 22.0 22.2 25.1 

94788.1 108668.8 203.9 22.4 23.1 25.9 
100887.8 97440.4 187.0 21.0 21.0 23.8 

93119.4 106582.4 190.6 20.6 22.9 24.9 
111453.4 94761.0 206.7 22.1 24.7 26.5 
111923.0 96632.0 203.9 22.1 24.6 26.7 
111825.5 97238.6 197.9 22.5 24.9 26.7 
108124.6 93817.6 210.4 21.7 24.7 26.1 
100848.6 105427.3 226.4 22.0 23.9 25.0 

98165.9 114769.6 224.7 22.7 25.2 26.2 
101459.1 117849.1 226.6 22.6 25.9 26.7 

98165.9 114769.6 224.7 22.7 25.2 26.2 

88753.1 105236.2 194.7 21.0 21.9 24.3 
90387.6 100621.9 194.9 21.4 22.9 24.5 
87876.6 103247.5 192.6 20.5 22.4 23.9 
87723.0 102330.6 190.7 21.1 21.8 24.1 
84963.7 102494.4 194.0 20.8 22.4 23.9 
105303.7 105844.7 210.5 22.4 26.1 24.7 

92720.4 104242.9 205.2 21.1 22.3 24.7 
88752.9 109043.5 214.2 20.8 22.1 23.8 
95623.3 106386.9 207.1 20.8 22.7 25.0 
91196.1 107925.6 215.7 20.4 22.2 23.6 
89697.7 105644.6 207.4 21.5 22.0 24.9 

92391.1 103332.8 192.9 21.5 21.7 24.8 
86967.2 105205.2 192.1 20.9 21.2 24.2 
93227.9 100493.9 194.0 21.4 23.0 24.9 
90205.2 101895.6 196.2 21.9 22.8 25.1 
87916.2 108075.0 193.7 21.1 20.6 24.2 

88711.9 95849.9 195.9 21.3 23.6 24.6 
85000.4 99609.5 200.1 20.5 23.7 24.2 

99188.9 93882.2 187.0 21.7 24.3 24.8 
94384.3 95207.8 189.1 21.7 23.7 24.0 
96745.7 95000.1 185.6 22.1 24.3 25.0 
101386.2 100607.6 190.8 22.6 23.7 24.8 
100200.4 95279.9 191.0 20.8 23.8 24.6 
93892.9 99016.9 195.2 20.3 22.4 23.9 

85105.5 103430.2 193.9 22.5 21.8 24.8 
78214.8 106788.9 190.5 21.9 20.6 23.9 
79389.9 104699.8 191.5 22.5 21.2 24.0 
92527.9 105932.4 208.7 21.2 22.5 23.1 
88752.9 109043.5 214.2 20.8 22.1 23.8 
82872.3 106560.0 189.7 22.2 21.8 24.2 
86280.7 101341.1 194.8 23.1 22.4 24.8 

94067.2 105518.5 196.4 21.7 22.2 25.1 
86415.8 99153.8 195.5 21.7 23.3 24.7 
93122.3 108917.4 203.2 21.0 22.3 24.1 

100059.1 98339.2 192.4 22.3 23.4 24.8 
97146.2 97586.1 193.8 22.6 23.4 24.8 
96932.7 104571.2 196.5 21.7 23.2 23.9 
101887.0 100827.7 200.2 22.2 23.8 24.3 
95384.9 103757.0 195.5 22.1 23.2 23.8 
102356.6 102698.7 197.3 22.3 23.7 24.5 
105975.0 102199.7 194.2 21.9 24.3 24.3 

99141.8 113182.7 191.3 22.7 20.6 24.6 
91443.6 103839.9 202.9 21.5 22.6 25.0 
94356.5 104593.1 201.5 21.2 22.6 25.0 
91154.3 104765.3 197.8 22.0 22.2 25.1 
98093.0 109290.7 192.6 22.6 20.6 24.9 

88980.9 111533.0 183.8 20.3 21.8 24.5 
101258.6 100915.2 199.3 22.7 23.0 24.6 
100309.5 98045.5 197.7 22.6 23.6 24.6 
101919.6 98083.1 190.0 22.5 24.4 24.7 
97245.8 99987.0 199.5 21.7 23.6 24.8 
102868.7 100952.9 191.6 22.7 23.8 24.7 
100463.0 98962.3 199.7 22.0 24.2 24.4 
97092.3 99070.1 197.6 22.3 22.9 24.9 
87954.0 109724.8 181.8 20.7 21.9 24.5 
102752.7 96927.6 199.2 22.2 23.7 24.4 
102906.3 97844.5 201.1 21.6 24.3 24.3 
96296.8 97117.2 198.0 21.5 24.2 24.8 
103375.9 99715.5 198.2 21.7 24.2 24.4 

86958.0 104633.0 191.1 20.5 21.6 24.0 
89870.9 105386.1 189.7 20.2 21.5 24.0 
88752.9 109043.5 214.2 20.8 22.1 23.8 
92501.3 105609.7 212.9 20.8 22.1 23.6 
86804.5 103716.1 189.2 21.1 20.9 24.1 
86457.0 98730.3 190.4 21.0 23.9 24.4 

95961.5 95743.5 191.9 22.7 23.7 24.8 
81564.2 101991.2 189.5 20.6 22.6 23.6 

94636.6 106625.6 196.1 21.8 22.8 25.4 
86651.4 119340.8 220.1 23.1 22.7 25.5 
87435.6 112669.5 223.3 23.0 23.3 26.0 

94023.4 102446.8 193.7 22.2 21.8 25.1 
90513.0 107874.0 197.0 20.1 21.3 23.9 
92868.3 103678.6 194.6 20.7 21.6 23.7 
88069.8 108991.9 195.6 20.5 21.3 24.0 
94884.1 96094.9 197.0 21.7 24.0 25.1 
91641.8 95134.4 198.9 21.0 23.8 24.3 
93340.2 106202.5 194.5 21.6 21.1 24.8 
91154.3 104765.3 197.8 22.0 22.2 25.1 
87893.3 98568.2 200.2 21.0 23.8 24.5 
96620.2 102245.8 197.0 21.2 22.5 24.7 

87019.8 109037.8 189.9 21.0 21.9 23.9 
86866.3 108120.9 188.0 21.6 21.3 24.0 
91154.3 104765.3 197.8 22.0 22.2 25.1 
89932.7 109790.9 188.5 20.7 21.9 23.9 
89463.1 107919.9 191.3 20.6 22.0 23.7 

94023.4 102446.8 193.7 22.2 21.8 25.1 
94067.2 105518.5 196.4 21.7 22.2 25.1 
91154.3 104765.3 197.8 22.0 22.2 25.1 

93852.0 105380.3 191.3 21.5 22.0 24.9 
88897.7 103789.8 207.3 21.1 22.7 24.6 
96509.5 104624.2 194.4 22.1 23.1 25.6 
92147.7 102817.0 201.8 20.5 22.8 24.4 

93597.5 103647.5 199.3 21.6 22.2 24.9 
94846.1 107347.1 200.8 21.4 22.3 23.6 
101834.5 103904.8 199.1 22.3 22.8 24.4 
95084.9 105869.0 203.5 22.0 21.8 24.3 
98661.2 104536.3 200.1 21.6 22.4 23.7 
94325.2 108341.1 201.8 21.4 22.1 23.5 
93312.5 108949.6 196.8 20.9 21.8 23.8 
92652.7 107046.4 206.0 20.9 22.4 23.9 
90399.7 108196.4 198.2 21.2 21.8 23.8 
94564.0 106863.1 204.6 22.1 21.6 24.2 

98035.8 104455.0 216.6 22.4 23.0 25.8 
110002.2 103099.6 223.3 24.0 25.1 26.2 
101860.3 106194.3 215.6 22.2 24.0 26.7 

