52284.9 52004.6 97.2 12.8 11.5 13.5 
58446.2 55483.0 95.8 12.5 12.0 14.4 
51811.9 51025.7 101.0 12.4 11.6 13.7 
56638.8 52196.4 97.2 11.8 11.7 13.6 
53579.8 51471.7 100.9 12.7 12.4 13.5 
50397.8 51500.6 98.9 12.6 11.4 13.7 
53699.0 51529.7 99.3 12.6 11.8 13.5 
53549.1 51857.9 96.6 12.7 12.1 13.6 

49796.4 50832.1 107.8 9.2 8.9 11.9 
55220.6 50755.6 116.0 9.4 8.9 12.3 
53321.1 49794.0 99.0 11.9 10.6 12.8 
50304.1 54387.6 108.6 9.1 8.8 12.0 
54712.9 47200.1 115.3 9.5 9.1 12.2 

57719.3 44843.6 108.0 12.4 11.3 14.5 
56175.7 47104.3 109.0 12.7 11.6 14.3 
52194.2 47896.1 100.2 11.9 11.1 13.5 

52132.6 48340.6 104.9 12.3 11.4 12.5 
51372.0 50081.9 93.1 11.8 11.9 12.4 
49573.4 51402.3 102.5 11.9 10.8 12.2 
49027.2 47976.0 93.9 11.3 10.3 13.3 
49017.2 46357.1 106.5 11.8 11.6 12.8 
65837.7 57685.9 144.1 12.1 9.9 14.8 
65329.9 54130.5 143.4 12.2 10.0 14.7 

44176.3 49443.8 79.8 10.2 10.7 12.5 
44608.3 53759.1 72.9 10.3 10.5 12.2 
47869.7 47865.8 81.7 11.0 10.5 11.9 
47291.7 51427.3 78.1 10.7 10.5 12.1 
44488.4 52498.1 79.5 10.1 11.3 12.0 

51678.9 52632.0 104.1 12.0 10.8 12.5 
47527.7 43973.2 96.5 12.1 11.5 11.9 
49573.4 51402.3 102.5 11.9 10.8 12.2 
48457.7 49887.7 91.3 12.0 10.9 12.0 
50860.6 46143.1 108.7 12.8 10.6 12.4 
55119.3 57725.6 103.8 11.5 12.2 12.6 
53222.5 50371.3 103.1 11.7 10.5 12.7 
47719.8 55180.3 96.3 12.4 10.9 12.2 
57687.2 47730.1 138.5 11.1 9.6 13.1 
44431.2 49955.2 125.5 9.5 8.7 12.2 

52410.2 56564.4 113.9 11.9 12.3 14.3 
54374.6 52177.3 107.4 12.3 12.7 14.6 
55558.7 57453.8 102.9 12.4 13.2 15.4 

54619.3 56852.1 100.9 13.1 12.3 12.4 
54887.1 57787.8 106.0 12.7 12.6 12.1 
49876.9 49415.2 107.0 13.7 11.3 12.5 
54451.5 59877.7 98.3 12.2 12.0 13.1 
54974.3 59273.4 89.5 12.1 12.3 12.5 
57657.7 56941.6 94.8 12.5 12.3 12.5 
52203.7 60119.5 100.8 12.3 12.6 12.1 
54974.3 59273.3 89.5 12.1 12.3 12.5 
51935.9 59183.9 95.6 12.7 12.3 12.4 

53265.6 52324.6 83.3 11.1 11.5 12.7 
50776.2 51867.4 93.3 12.1 11.0 12.6 
53596.0 51273.1 97.9 11.1 11.6 12.4 
51782.8 48933.0 106.5 11.5 12.1 13.7 
48937.0 51550.3 100.6 10.9 12.1 12.5 
48074.8 57601.5 84.9 11.5 10.9 12.3 
52513.3 52699.6 88.9 12.4 11.5 12.4 
49488.9 57126.6 87.0 11.2 11.2 12.4 
54404.5 51343.4 90.9 11.7 11.9 12.5 
49634.8 49249.8 97.5 11.5 11.4 12.5 
52052.4 53533.8 98.9 11.4 11.9 12.2 
49056.9 52811.3 93.9 11.2 11.4 12.7 
50150.2 50341.1 84.9 10.6 11.7 13.1 
51515.0 47997.4 101.4 11.9 11.8 13.9 
53715.9 52534.1 91.2 11.3 10.9 12.6 
52172.3 54794.8 92.3 11.7 11.2 12.4 
50264.8 53106.9 102.1 12.3 10.5 12.4 

60295.4 54221.4 132.6 10.5 9.3 12.9 
59787.6 50666.0 131.9 10.6 9.4 12.8 
61183.8 53593.4 130.9 10.2 9.6 12.6 
58858.5 49580.0 131.0 10.5 9.7 12.8 

48213.9 46253.0 98.4 11.3 11.5 11.8 
51336.1 51708.2 93.8 12.2 10.9 12.1 
50842.7 49545.3 105.6 12.6 10.5 12.2 
50860.6 46143.1 108.7 12.8 10.6 12.4 
53715.9 52534.1 91.2 11.3 10.9 12.6 
53222.5 50371.3 103.1 11.7 10.5 12.7 
50264.8 53106.9 102.1 12.3 10.5 12.4 
56260.9 50460.8 97.0 11.2 10.4 12.9 
49940.0 48780.8 94.7 12.6 10.7 12.3 

61202.9 49961.6 133.5 10.7 10.2 13.1 
47541.5 49825.9 96.6 11.7 11.8 12.8 
60095.9 50390.2 142.2 11.2 10.2 13.7 

51851.5 52799.5 81.2 11.3 11.2 12.7 
50071.9 53567.4 104.1 13.4 11.4 12.6 
52897.7 46045.2 95.8 12.0 10.7 12.6 
57732.0 54784.3 103.2 11.5 11.8 12.6 
50563.2 51117.5 93.0 12.2 10.8 12.2 
50677.5 52444.7 97.3 11.9 10.9 12.5 
50600.5 50550.6 92.8 10.8 11.1 13.0 
51300.3 55801.6 91.1 10.5 11.2 12.4 
53715.9 52534.1 91.2 11.3 10.9 12.6 
54293.9 48972.6 94.8 11.6 10.9 12.4 
58042.1 50287.2 101.7 12.2 11.5 12.6 
52172.3 54794.8 92.3 11.7 11.2 12.4 
54420.6 52809.9 90.2 11.0 11.7 13.7 

82750.3 82168.6 155.2 16.7 17.3 20.1 
85239.6 85399.9 159.9 17.6 16.4 20.8 
84671.7 86049.4 160.9 16.8 16.9 20.6 

61202.9 49961.6 133.5 10.7 10.2 13.1 
63106.8 56444.5 133.3 10.2 10.3 13.0 
62799.5 49992.3 132.2 11.0 10.6 13.5 
50282.7 49704.6 105.1 12.5 10.6 12.6 
60661.7 56931.5 132.9 10.7 10.0 13.1 
59439.8 54530.9 126.2 10.3 10.2 12.8 
62163.9 53544.5 130.9 11.1 10.6 13.1 
62599.0 52889.0 132.5 10.3 10.4 12.9 
49133.9 54705.4 98.4 12.2 11.2 12.2 

51678.9 52632.0 104.1 12.0 10.8 12.5 
49634.8 49249.8 97.5 11.5 11.4 12.5 
53321.1 49794.0 99.0 11.9 10.6 12.8 
50282.7 49704.6 105.1 12.5 10.6 12.6 
48995.4 54963.8 98.9 11.6 10.8 12.5 
53222.5 50371.3 103.1 11.7 10.5 12.7 
52750.3 51233.3 95.9 12.0 11.2 12.1 
51826.3 47443.9 104.1 12.1 10.3 12.9 

61672.6 55535.9 123.7 11.1 10.3 13.2 
61202.9 49961.6 133.5 10.7 10.3 13.1 

79612.7 76768.5 171.4 18.4 16.7 21.0 
80974.5 76346.3 172.5 18.5 16.9 20.9 

58492.4 55882.0 139.0 10.7 9.7 13.6 
53994.0 49902.6 103.3 12.6 11.3 12.1 
60429.7 51839.5 138.6 10.3 10.1 13.4 
61825.9 54766.9 137.7 9.9 10.3 13.2 
52172.3 54794.8 92.3 11.7 11.2 12.4 
58666.7 56408.7 131.3 9.9 10.0 13.1 
59888.6 58809.4 138.0 10.3 9.9 13.5 

54432.3 54089.9 109.5 13.2 11.3 12.6 
57470.7 54179.3 103.4 12.6 11.3 12.8 
51316.8 52106.3 111.1 12.7 11.6 13.0 
64206.4 50701.8 125.3 12.4 12.3 15.1 
54355.2 52195.8 105.1 12.1 11.5 13.1 

61732.8 51593.1 139.1 11.2 9.3 13.5 
48868.6 50179.5 103.0 12.7 10.3 12.6 
48333.8 47514.1 91.8 11.5 10.7 11.9 
53321.1 49794.0 99.0 11.9 10.6 12.8 
50107.1 48387.8 104.7 11.2 10.7 13.1 
49446.5 46617.9 106.6 13.0 10.3 12.4 
47581.3 55438.7 96.8 11.8 10.5 12.4 
48478.5 58035.6 88.1 11.5 10.3 12.2 
51161.9 55703.9 93.4 11.9 10.3 12.2 
49892.6 57560.8 90.2 11.3 10.6 12.2 
61225.0 48037.6 138.4 11.3 9.4 13.5 
49460.6 53245.5 97.1 11.2 10.8 12.5 
52576.0 55229.0 95.5 11.7 10.6 12.2 

76963.5 80332.4 133.2 15.2 15.7 18.2 

47685.4 48828.4 90.1 12.0 10.9 13.2 
49081.6 51755.8 89.1 11.6 11.0 13.0 
50737.8 50475.8 80.5 12.5 11.6 12.8 
47667.5 52230.6 87.0 11.8 10.8 12.9 
50818.8 52587.9 84.7 11.9 11.5 12.9 
46398.2 54087.6 83.9 11.2 11.0 13.0 
49000.6 49643.6 84.9 12.2 11.1 12.9 

59870.8 55378.7 87.8 11.9 12.4 13.4 
56832.4 55289.3 93.9 12.5 12.5 13.2 
56240.0 52303.9 102.0 12.2 12.3 13.1 
58777.5 57849.0 96.8 12.4 12.1 13.0 
53201.6 52214.4 108.1 12.8 12.3 13.0 

82630.9 65913.1 150.8 15.1 15.4 20.1 
78467.1 64941.7 156.1 15.1 14.7 19.2 
69945.2 63759.2 155.4 16.2 13.9 18.1 
68777.6 60953.4 157.5 16.5 13.9 18.2 
78974.8 68497.2 156.8 15.0 14.6 19.3 

68499.9 55905.4 123.9 14.2 13.4 16.3 
66857.6 58743.4 129.1 14.3 13.6 16.0 

53321.1 49794.0 99.0 11.9 10.6 12.8 
48074.8 57601.5 84.9 11.5 10.9 12.3 
48995.4 54963.8 98.9 11.6 10.8 12.5 
49488.9 57126.6 87.0 11.2 11.2 12.4 
47581.3 55438.7 96.8 11.8 10.5 12.4 
49573.4 51402.3 102.5 11.9 10.8 12.2 
54717.3 52721.5 98.1 11.5 10.7 12.6 
52052.4 53533.8 98.9 11.4 11.9 12.2 
52762.2 54758.9 111.9 12.6 12.6 12.3 
46450.5 57037.2 93.1 11.8 11.2 12.2 
47719.8 55180.3 96.3 12.4 10.9 12.2 
50264.8 53106.9 102.1 12.3 10.5 12.4 
48652.7 54040.0 88.5 11.8 10.9 12.1 

52882.1 56019.9 105.3 12.8 11.8 12.5 
52587.6 50542.4 97.3 11.4 11.0 12.5 
56139.8 51866.0 89.5 11.9 11.3 13.5 
50776.6 54790.2 103.6 12.7 11.8 12.3 
48572.0 51215.0 95.6 11.8 10.9 12.2 
50795.1 50066.9 101.8 12.2 11.7 12.3 
52320.2 52529.5 102.5 12.4 11.5 12.5 
54792.2 54117.6 105.3 12.2 11.9 12.6 

68659.1 56019.7 124.9 15.2 14.1 16.8 
71697.5 56109.1 118.9 14.6 14.1 16.9 
59554.8 57360.0 141.6 11.2 10.0 13.7 
60003.3 57855.9 136.6 11.3 10.0 14.1 
71774.5 58003.2 123.3 15.7 13.9 16.4 
60511.1 61411.4 137.3 11.2 9.8 14.2 
56777.4 58582.7 95.1 12.2 13.0 13.8 

61492.1 53317.6 141.2 10.8 10.4 13.5 
59554.8 57360.0 141.6 11.2 10.0 13.7 
61999.8 56873.0 142.0 10.7 10.2 13.6 

61608.1 48345.7 130.9 11.3 9.5 13.2 
52877.0 55070.6 91.2 11.3 12.0 13.4 
61202.9 49961.6 133.5 10.7 10.3 13.1 
50758.2 55269.7 90.2 11.9 10.9 12.3 

45654.0 48104.2 79.9 10.5 10.2 12.5 
47628.1 47470.0 82.5 10.4 10.3 12.0 
47050.2 51031.6 79.0 10.1 10.3 12.3 

63445.0 52902.3 128.3 13.2 13.3 14.5 
58251.4 49674.2 107.2 12.9 11.8 14.6 
57415.4 56053.0 107.6 12.5 11.3 14.3 
56019.2 53125.6 108.6 12.9 11.1 14.5 

53265.6 52324.6 83.3 11.1 11.5 12.7 
53249.8 57393.3 128.4 10.3 10.0 12.7 
42758.0 41879.6 103.1 11.9 11.0 11.9 
50150.2 50341.1 84.9 10.6 11.7 13.1 
48457.7 49887.7 91.3 12.0 10.9 12.0 
51699.9 55708.5 85.1 11.9 11.5 12.9 
47386.3 51286.4 99.6 12.1 10.5 12.3 
48634.8 47355.7 87.5 11.1 12.2 13.2 
54809.2 50063.9 82.2 10.8 11.2 13.0 
49066.7 51671.0 80.7 11.2 12.0 12.9 

62279.2 52439.9 131.9 11.1 11.1 13.5 
60682.6 52409.2 133.2 10.8 10.8 13.1 
59286.5 49481.8 134.2 11.2 10.6 13.3 
59794.2 53037.2 135.0 11.1 10.4 13.4 
60883.1 49512.5 132.9 11.5 10.9 13.7 
55581.8 50445.0 108.6 12.5 11.5 13.2 

73983.1 71989.4 136.2 14.7 14.8 17.4 

62045.5 55851.7 137.1 9.8 9.0 12.9 
56622.5 50864.3 109.8 12.8 11.7 12.6 
58886.3 57493.6 130.7 9.8 8.8 12.8 
57115.9 53027.1 98.0 12.5 12.1 12.5 
54614.1 55902.7 86.8 11.6 12.5 13.3 

51678.9 52632.0 104.1 12.0 10.8 12.5 
48851.8 52156.2 98.0 11.1 10.8 12.7 
51197.3 44968.6 120.2 10.0 8.4 12.2 
51650.8 55412.4 97.8 11.5 10.7 13.5 
53490.3 51307.0 108.2 11.3 10.8 12.4 
59439.8 54530.9 126.2 10.3 10.2 12.8 
51289.1 49359.9 92.5 11.2 12.1 12.8 
53715.9 52534.1 91.2 11.3 10.9 12.6 
53222.5 50371.3 103.1 11.7 10.5 12.7 
52172.3 54794.8 92.3 11.7 11.2 12.4 
54809.2 50063.9 82.2 10.8 11.2 13.0 

125945.1 114879.1 274.0 25.0 22.2 29.9 
127067.4 114477.5 284.6 26.3 23.2 30.3 
124514.2 110641.8 255.4 26.2 24.9 30.1 
125743.0 111656.8 262.2 26.2 24.9 29.6 
127564.8 114054.1 284.6 25.8 23.4 30.4 

61229.5 52482.4 128.6 14.3 13.5 15.3 

61202.9 49961.6 133.5 10.7 10.2 13.1 
60661.7 56931.5 132.9 10.7 10.0 13.1 
61202.9 49961.6 133.5 10.7 10.3 13.1 
52172.3 54794.8 92.3 11.7 11.2 12.4 
62163.9 53544.5 130.9 11.1 10.6 13.1 
52256.8 49070.5 107.7 12.3 10.8 12.2 

49434.9 49125.7 99.1 12.2 11.0 12.1 
48941.5 46962.9 111.0 12.6 10.6 12.2 
54177.3 56562.7 93.0 11.6 12.0 12.0 
50069.8 48954.6 104.9 12.5 10.4 12.3 
50831.1 52053.1 98.1 11.8 11.2 11.9 
53909.5 55627.0 87.9 12.0 11.7 12.3 
49745.0 44628.5 97.6 12.9 10.7 12.1 
48673.6 46027.2 105.8 13.0 10.3 12.5 
49913.1 42968.2 102.6 12.7 10.5 13.3 

64467.9 59524.8 117.0 14.2 13.0 16.0 
65166.3 64752.7 119.1 13.3 14.0 15.9 
65286.2 66013.7 112.4 13.5 13.2 16.1 
68085.5 58989.7 119.6 13.4 13.6 15.8 
65864.1 62452.2 116.0 13.8 13.2 15.8 

73401.8 74080.8 155.4 15.5 15.8 18.8 
73962.0 78527.5 146.1 16.0 17.0 18.8 
76266.9 79901.5 145.3 17.0 16.4 19.4 

51310.3 51775.7 105.8 12.0 11.7 13.1 
48443.5 49387.4 112.4 11.3 11.7 12.6 
49987.2 47126.7 111.4 11.0 11.5 12.9 
55324.4 50717.9 112.5 11.9 11.8 13.0 
51742.3 56091.0 99.0 12.1 11.5 12.8 
50914.7 50470.2 105.3 11.8 11.0 13.5 
57061.5 51550.0 108.1 12.2 12.3 12.9 
52453.7 50491.6 106.3 12.6 11.4 13.3 
50480.6 49289.6 99.5 10.6 11.9 12.8 
52208.9 48734.3 114.1 11.4 12.0 13.4 

66053.3 52453.4 122.5 11.4 12.0 13.5 
64723.6 53525.4 120.2 10.9 11.4 12.7 
66932.8 49717.6 125.5 10.5 11.4 13.0 
54808.0 51002.7 103.7 13.1 11.2 13.1 
58388.1 53107.1 124.2 11.1 10.5 13.0 
64237.2 51404.3 127.6 9.7 10.5 12.9 
65633.4 54331.7 126.6 9.3 10.6 12.7 
63612.6 49337.2 131.7 10.6 11.2 13.9 
63495.6 48839.8 126.5 10.6 11.2 13.1 

51678.9 52632.0 104.1 12.0 10.8 12.5 
53909.5 55627.0 87.9 12.0 11.7 12.3 
48868.6 50179.5 103.0 12.7 10.3 12.6 
51449.0 51976.0 97.6 12.8 11.7 11.9 
48333.8 47514.1 91.8 11.5 10.7 11.9 
53321.1 49794.0 99.0 11.9 10.6 12.8 
50282.7 49704.6 105.1 12.5 10.6 12.6 
42612.0 49756.4 92.6 11.7 10.8 11.8 
54717.3 52721.5 98.1 11.5 10.7 12.6 
51226.0 57958.8 82.6 11.5 11.7 12.3 
45295.4 47424.6 97.9 12.1 10.8 11.8 
50871.1 55537.6 94.0 12.5 11.7 12.1 
52750.3 51233.3 95.9 12.0 11.2 12.1 
52033.8 55053.2 92.8 11.1 10.8 12.6 

55770.8 47250.3 139.2 11.6 9.9 13.3 
60682.6 52409.2 133.2 10.8 10.8 13.1 
59083.4 50657.5 137.5 10.7 9.7 12.9 
57167.0 50177.7 138.2 11.2 10.1 13.1 
53833.5 51292.8 139.5 12.1 9.5 13.5 

57535.1 50825.1 79.9 10.4 10.9 14.5 
59424.5 51200.9 81.9 9.9 10.8 14.1 
56882.7 47794.1 82.6 10.2 10.1 14.6 
55967.5 49889.5 95.5 11.0 10.6 14.9 
53844.3 47704.7 88.7 10.7 10.2 14.5 
56386.1 51111.5 88.0 10.4 10.8 13.9 
55240.5 50632.1 87.7 10.3 10.3 14.3 

55167.4 58418.7 113.1 10.4 9.5 12.5 
45295.4 47424.6 97.9 12.1 10.8 11.8 
45873.4 43863.1 101.5 12.4 10.8 11.6 
54206.3 54835.8 115.7 10.0 9.1 12.5 

54102.1 53779.0 130.8 11.9 9.0 13.1 
50942.9 55420.8 124.4 11.9 8.8 13.0 
60661.7 56931.5 132.9 10.7 10.0 13.1 
54643.2 46809.1 131.4 11.9 9.3 13.1 
57146.1 54700.0 137.9 11.2 9.3 13.1 
52880.2 51378.4 124.0 11.5 9.2 12.8 

58281.1 49358.5 92.1 11.7 11.5 13.9 
54864.7 47533.3 98.0 11.6 10.3 13.0 
55295.2 49159.9 101.6 11.8 10.7 12.4 
53321.1 49794.0 99.0 11.9 10.6 12.8 
59677.2 52285.9 91.1 11.3 11.6 13.8 
53145.5 48477.2 98.6 10.7 10.7 13.2 
52611.8 51491.7 96.4 11.4 10.8 12.4 
56737.4 51619.2 93.2 12.0 11.8 13.7 
55442.7 43971.8 101.6 11.9 10.3 12.8 
53899.0 46232.5 102.6 12.2 10.6 12.6 

57603.8 49841.9 124.9 10.4 10.5 13.0 
58999.9 52769.3 123.9 9.9 10.7 12.8 
57062.6 56811.8 124.3 10.4 10.3 13.0 

49634.8 49249.8 97.5 11.5 11.4 12.5 
48563.4 50648.5 105.8 11.5 11.0 12.8 
55355.2 55744.4 88.6 11.0 12.1 13.3 
50776.2 51867.4 93.3 12.1 11.0 12.6 
52052.4 53533.8 98.9 11.4 11.9 12.2 
51354.1 48305.9 96.8 12.4 11.0 12.3 
52172.3 54794.8 92.3 11.7 11.2 12.4 
52750.3 51233.3 95.9 12.0 11.2 12.1 
50539.0 52703.1 97.8 11.3 10.5 12.7 

57138.0 55415.6 118.6 12.8 11.1 15.4 
55594.4 57676.3 119.7 13.1 11.4 15.1 
58709.8 59659.9 118.1 13.6 11.2 14.8 
59939.2 56936.6 112.9 14.0 11.8 14.6 
58409.8 52168.5 128.0 14.5 12.3 15.1 
56804.5 56859.6 115.4 14.0 12.7 15.0 
56172.3 54114.8 123.3 13.4 11.4 14.9 

68878.6 71315.8 128.9 14.4 13.7 17.4 
70274.8 74243.2 128.0 14.0 13.8 17.2 

47685.4 48828.4 90.1 12.0 10.9 13.2 
49081.6 51755.8 89.1 11.6 11.0 13.0 
50625.2 49495.1 88.1 11.3 10.7 13.2 
47703.4 50604.4 86.3 11.4 11.7 13.2 
50818.8 52587.9 84.7 11.9 11.5 12.9 
45966.2 49772.2 90.7 11.1 11.2 13.3 
46398.2 54087.6 83.9 11.2 11.0 13.0 

54487.4 52065.5 91.5 12.3 11.7 12.0 
50842.7 49545.3 105.6 12.6 10.5 12.2 
50776.2 51867.4 93.3 12.1 11.0 12.6 
53909.5 55627.0 87.9 12.0 11.7 12.3 
47149.3 51123.3 103.7 11.8 10.7 12.8 
49756.7 58062.3 92.2 10.9 11.5 12.1 
48074.8 57601.5 84.9 11.5 10.9 12.3 
47719.8 55180.3 96.3 12.4 10.9 12.2 
52172.3 54794.8 92.3 11.7 11.2 12.4 
50758.2 55269.7 90.2 11.9 10.9 12.3 
49362.0 52342.3 91.2 12.3 10.7 12.5 

61661.5 51012.1 129.9 9.9 9.4 13.0 
59258.5 55587.8 133.5 10.5 10.2 13.7 
53715.9 52534.1 91.2 11.3 10.9 12.6 
53222.5 50371.3 103.1 11.7 10.5 12.7 
52172.3 54794.8 92.3 11.7 11.2 12.4 
60378.8 55417.5 128.2 10.9 10.0 13.2 
52404.3 43882.4 107.6 12.4 10.3 12.7 
58799.9 54537.2 137.0 11.2 11.0 13.7 

54506.4 56584.3 97.1 12.4 11.5 12.6 
61202.9 49961.6 133.5 10.7 10.2 13.1 
53909.5 55627.0 87.9 12.0 11.7 12.3 
48868.6 50179.5 103.0 12.7 10.3 12.6 
48333.8 47514.1 91.8 11.5 10.7 11.9 
53321.1 49794.0 99.0 11.9 10.6 12.8 
62799.5 49992.3 132.2 11.0 10.6 13.5 
64195.6 52919.7 131.2 10.6 10.8 13.3 
59439.8 54530.9 126.2 10.3 10.2 12.8 
62599.0 52889.0 132.5 10.3 10.4 12.9 

59947.5 58086.3 126.9 10.2 10.0 12.9 
58195.0 51285.6 139.2 11.0 9.4 13.2 
56257.7 55328.0 139.6 11.5 9.0 13.4 
57687.2 47730.1 138.5 11.1 9.6 13.1 
47669.2 51720.2 84.0 10.8 10.5 12.0 
57653.8 58255.4 138.6 11.1 9.2 13.2 
57146.1 54700.0 137.9 11.2 9.3 13.1 

69167.7 68627.1 145.9 15.2 14.5 18.1 
67771.6 65699.7 146.9 15.7 14.3 18.3 

46296.2 49464.6 116.6 9.4 9.4 11.8 
43741.7 50816.0 118.9 10.3 9.1 11.8 
50282.7 49704.6 105.1 12.5 10.6 12.6 
48995.4 54963.8 98.9 11.6 10.8 12.5 
46216.4 45667.5 129.4 10.7 8.8 12.2 
47697.1 43601.1 129.0 10.1 8.9 12.1 
51946.7 53567.7 109.3 11.7 11.1 12.2 
42780.6 47233.1 121.6 9.9 8.8 11.8 
43288.3 50788.6 122.3 9.8 8.6 11.9 

47111.8 50251.6 91.0 11.2 11.7 12.9 
50776.2 51867.4 93.3 12.1 11.0 12.6 
47737.8 51778.0 99.4 12.6 11.0 12.4 
51770.8 49974.5 88.3 11.4 11.2 12.8 
48250.7 49270.4 98.6 11.7 12.1 12.7 
48682.7 53585.8 91.7 11.8 11.9 12.3 
50227.2 52235.2 89.3 11.7 11.5 12.6 
51869.4 49397.2 84.2 11.5 11.3 12.9 
49970.0 48326.6 98.0 12.6 11.7 12.5 
53008.4 48416.0 91.9 12.1 11.7 12.6 
51964.4 53067.3 84.9 12.0 12.0 12.5 
51851.5 52799.5 81.1 11.3 11.2 12.7 
49281.4 49517.3 98.3 12.3 10.7 12.7 
47543.8 54567.0 84.1 11.3 11.5 12.6 

48220.7 49724.6 95.4 11.7 11.1 12.4 
47922.7 45449.2 99.3 12.9 10.7 12.5 
55084.4 53022.7 100.7 12.7 11.5 12.4 
51354.1 48305.9 96.8 12.4 11.0 12.3 
53688.2 50095.3 101.6 13.1 11.4 12.5 
49362.0 52342.3 91.2 12.3 10.7 12.5 

58248.3 52137.9 127.3 9.6 9.3 12.8 
56852.1 49210.5 128.3 10.0 9.1 13.0 
61202.9 49961.6 133.5 10.7 10.2 13.1 
58192.7 53020.9 131.7 9.8 8.9 12.8 
57813.2 52793.4 125.6 10.5 9.5 12.9 
56050.1 57362.6 118.3 10.1 9.4 12.7 
55089.1 53779.8 120.9 9.6 9.0 12.7 
57359.8 52766.0 129.0 9.9 9.0 13.0 
56110.5 46646.0 127.1 10.9 9.9 13.2 
59862.2 46151.2 130.0 10.8 10.4 13.3 

61478.0 55347.8 128.4 13.2 13.1 14.1 
62687.2 58900.0 132.0 13.5 12.9 14.2 
61985.7 58903.3 129.1 13.2 13.0 14.2 
64569.4 58681.8 122.5 13.6 12.3 14.9 
65337.9 56792.8 127.4 13.1 13.4 14.5 
61023.2 55037.0 127.8 14.3 12.4 14.7 
64449.5 57420.8 129.2 13.4 13.0 14.7 

54030.1 52453.8 103.7 12.3 10.8 13.2 
53715.9 52534.1 91.2 11.3 10.9 12.6 
53222.5 50371.3 103.1 11.7 10.5 12.7 
52172.3 54794.8 92.3 11.7 11.2 12.4 
50871.1 55537.6 94.0 12.5 11.7 12.1 
49014.0 53444.4 105.0 12.0 12.0 12.0 
49488.9 57126.6 87.0 11.2 11.2 12.4 

65701.2 64347.3 136.0 14.6 14.0 16.2 
71230.0 70470.4 135.9 15.2 14.8 17.6 

56839.4 58901.8 131.3 12.4 10.2 14.9 
55301.6 52723.8 129.0 11.6 10.4 13.5 
57347.1 62457.2 132.0 12.3 10.0 15.0 
54649.6 50690.4 121.0 10.4 10.9 13.1 
57603.8 49841.9 124.9 10.4 10.5 13.0 
59793.6 58053.3 135.2 12.3 9.9 14.8 

47581.3 55438.7 96.8 11.8 10.5 12.4 
49573.4 51402.3 102.5 11.9 10.8 12.2 
53909.5 55627.0 87.9 12.0 11.7 12.3 
51493.9 58894.4 87.8 11.2 12.0 12.0 
51226.0 57958.8 82.6 11.5 11.7 12.3 
53994.0 49902.6 103.3 12.6 11.3 12.1 
48995.4 54963.8 98.9 11.6 10.8 12.5 
53416.0 53464.2 99.8 12.3 11.3 12.3 
50264.8 53106.9 102.1 12.3 10.5 12.4 
50066.8 53565.1 90.6 11.5 11.2 12.1 
50539.0 52703.1 97.8 11.3 10.5 12.7 

51678.9 52632.0 104.1 12.0 10.8 12.5 
51804.0 54397.3 86.2 11.8 11.7 12.0 
54864.7 47533.3 98.0 11.6 10.3 13.0 
48074.8 57601.5 84.9 11.5 10.9 12.3 
50860.6 46143.1 108.7 12.8 10.6 12.4 
53222.5 50371.3 103.1 11.7 10.5 12.7 
53458.3 54507.4 81.3 11.6 12.4 12.4 
52256.8 49070.5 107.7 12.3 10.8 12.2 
50069.8 48954.6 104.9 12.5 10.4 12.3 
45650.4 49845.9 86.5 11.1 10.8 12.0 
51226.0 57958.8 82.6 11.5 11.7 12.3 
47386.3 51286.4 99.6 12.1 10.5 12.3 
48911.8 43952.5 95.4 11.8 10.8 11.7 

48213.9 46253.0 98.4 11.3 11.5 11.8 
54487.4 52065.5 91.5 12.3 11.7 12.0 
48478.5 58035.6 88.1 11.5 10.3 12.2 
48333.8 47514.1 91.8 11.5 10.7 11.9 
50282.7 49704.6 105.1 12.5 10.6 12.6 
46937.7 44586.7 92.8 11.9 10.6 12.1 
45295.4 47424.6 97.9 12.1 10.8 11.8 
49892.6 57560.8 90.2 11.3 10.6 12.2 
50264.8 53106.9 102.1 12.3 10.5 12.4 
61202.9 49961.6 133.5 10.7 10.3 13.1 
52576.0 55229.0 95.5 11.7 10.6 12.2 
48911.8 43952.5 95.4 11.8 10.8 11.7 

51678.9 52632.0 104.1 12.0 10.8 12.5 
50776.2 51867.4 93.3 12.1 11.0 12.6 
50563.2 51117.5 93.0 12.2 10.8 12.2 
54717.3 52721.5 98.1 11.5 10.7 12.6 
51354.1 48305.9 96.8 12.4 11.0 12.3 
53715.9 52534.1 91.2 11.3 10.9 12.6 
52172.3 54794.8 92.3 11.7 11.2 12.4 
50264.8 53106.9 102.1 12.3 10.5 12.4 
49133.9 54705.4 98.4 12.2 11.2 12.2 
53459.0 53203.0 88.5 12.1 12.2 13.5 

81725.9 70413.8 143.6 15.7 16.0 18.7 
80252.3 75193.9 153.9 15.5 15.2 19.7 
81303.7 70149.6 150.2 15.1 15.5 18.8 

53800.4 46809.8 106.7 12.0 10.5 12.5 
55225.5 50287.1 117.7 10.0 9.4 11.8 
54264.4 46704.3 120.3 9.5 9.1 11.8 
45796.4 41969.0 97.0 11.3 11.0 12.1 
48333.8 47514.1 91.8 11.5 10.7 11.9 
54772.1 50259.7 121.0 9.4 8.9 11.9 
50576.0 47184.2 98.6 11.6 10.7 12.8 
45036.4 57512.0 91.0 12.0 10.9 12.2 
49446.5 46617.9 106.6 13.0 10.3 12.4 
48601.7 48449.7 96.9 11.1 11.1 11.7 
50748.7 44472.8 125.3 10.0 8.4 11.8 
51256.5 48028.2 126.0 9.9 8.2 11.9 
45614.3 53950.5 94.6 12.3 11.0 12.0 
48652.7 54040.0 88.5 11.8 10.9 12.1 

47483.6 50236.7 95.0 11.6 10.6 13.1 
50423.4 50903.4 92.9 10.9 10.5 13.2 
58648.3 51313.0 135.8 11.6 9.9 13.1 
55924.2 52299.4 131.1 10.7 9.5 12.8 
58195.0 51285.6 139.2 11.0 9.4 13.2 
55835.1 51075.1 134.2 11.5 10.0 13.3 
61202.9 49961.6 133.5 10.7 10.3 13.1 
57687.2 47730.1 138.5 11.1 9.6 13.1 

47879.8 53449.3 87.7 11.7 10.9 12.2 
54177.3 56562.7 93.0 11.6 12.0 12.0 
51138.9 56473.2 99.1 12.1 12.0 11.8 
45796.4 41969.0 97.0 11.3 11.0 12.1 
48868.6 50179.5 103.0 12.7 10.3 12.6 
42758.0 41879.6 103.1 11.9 11.0 11.9 
48333.8 47514.1 91.8 11.5 10.7 11.9 
53321.1 49794.0 99.0 11.9 10.6 12.8 
46959.6 50656.3 101.1 11.8 10.7 12.9 
53222.5 50371.3 103.1 11.7 10.5 12.7 
54717.3 52721.5 98.1 11.5 10.7 12.6 
50563.2 51117.5 93.0 12.2 10.8 12.2 
51061.9 54579.1 94.6 11.1 12.2 12.3 
47386.3 51286.4 99.6 12.1 10.5 12.3 
45873.4 43863.1 101.5 12.4 10.8 11.6 
52033.8 55053.2 92.8 11.1 10.8 12.6 

76695.6 65722.3 132.2 15.9 15.0 18.1 
75333.8 66144.5 131.0 15.8 14.9 18.2 
74755.9 69706.1 127.4 15.5 14.9 18.4 
74280.8 63835.3 131.8 14.9 15.1 17.7 
74736.6 71612.6 128.3 16.0 15.5 18.5 
75590.9 64731.9 122.8 14.4 16.2 17.7 
75035.1 59533.1 122.8 14.5 15.1 17.8 

49796.4 50832.1 107.8 9.2 8.9 11.9 
50757.5 54415.0 105.2 9.7 9.3 11.9 
50304.1 54387.6 108.6 9.1 8.8 12.0 
54712.9 47200.1 115.3 9.5 9.1 12.2 

59181.0 58997.8 133.3 11.2 9.9 13.2 
57784.8 56070.4 134.3 11.6 9.7 13.4 
56021.8 60639.7 126.9 11.2 9.7 13.1 
53222.5 50371.3 103.1 11.7 10.5 12.7 
52172.3 54794.8 92.3 11.7 11.2 12.4 
62714.9 54986.1 131.6 11.1 10.7 13.4 
59722.1 52028.0 133.9 11.2 10.1 13.2 
57959.1 56597.2 126.5 10.8 10.1 12.9 

76403.5 67789.1 154.0 14.8 14.5 20.4 
77845.2 69386.4 149.6 14.9 14.2 20.4 

61187.7 54243.7 136.9 10.9 10.0 13.4 
54807.1 49843.0 129.8 12.3 9.5 13.2 
59919.4 52105.2 123.5 12.2 10.6 13.6 
55768.2 53425.8 127.2 12.7 9.9 13.2 
59283.8 47760.8 137.2 11.4 9.9 13.5 
57636.0 49767.2 129.1 11.8 9.8 13.3 
64195.6 52919.7 131.2 10.6 10.8 13.3 
60680.0 50688.3 136.2 11.0 10.1 13.3 
54643.2 46809.1 131.4 11.9 9.3 13.1 
56239.8 46839.8 130.1 12.2 9.6 13.5 
62599.0 52889.0 132.5 10.3 10.4 12.9 

59555.0 51968.0 125.4 11.0 10.1 12.9 
57617.7 56010.5 125.8 11.5 9.7 13.1 
58158.9 49040.6 126.4 11.4 10.0 13.1 
61151.7 51998.7 124.1 11.3 10.5 13.3 
59119.9 52623.5 123.8 11.9 10.3 13.1 
56395.8 53609.8 119.1 11.0 9.9 12.8 

48750.5 58467.6 101.9 12.4 11.3 12.5 
47740.6 57713.8 105.1 12.0 11.5 13.1 
49155.8 47806.7 106.3 12.5 11.1 13.4 
49060.5 44198.8 101.3 12.1 11.2 12.9 
48318.6 54152.3 108.7 12.3 11.5 12.9 
49161.8 47659.1 96.5 11.8 10.5 12.8 

51678.9 52632.0 104.1 12.0 10.8 12.5 
53909.5 55627.0 87.9 12.0 11.7 12.3 
67411.7 59900.4 145.1 13.0 10.3 15.5 
50282.7 49704.6 105.1 12.5 10.6 12.6 
48074.8 57601.5 84.9 11.5 10.9 12.3 
49488.9 57126.6 87.0 11.2 11.2 12.4 
47954.9 56340.5 91.6 11.2 11.7 12.2 
48875.5 53702.8 105.6 11.4 11.6 12.3 
50443.3 49856.4 99.6 11.9 11.6 12.0 
45295.4 47424.6 97.9 12.1 10.8 11.8 
51032.5 54865.9 86.0 10.9 10.9 12.6 
53715.9 52534.1 91.2 11.3 10.9 12.6 
50264.8 53106.9 102.1 12.3 10.5 12.4 
52172.3 54794.8 92.3 11.7 11.2 12.4 
49878.1 49484.7 101.7 11.0 11.5 12.9 

61692.6 50420.9 140.9 11.5 10.6 14.1 
60095.9 50390.2 142.2 11.2 10.2 13.7 
61492.1 53317.6 141.2 10.8 10.4 13.5 
59554.8 57360.0 141.6 11.2 10.0 13.7 
62799.5 49992.3 132.2 11.0 10.6 13.5 
61999.8 56873.0 142.0 10.7 10.2 13.6 
61312.0 56781.0 116.1 13.7 12.9 15.0 

54717.3 52721.5 98.1 11.5 10.7 12.6 
49056.9 52811.3 93.9 11.2 11.4 12.7 
60661.7 56931.5 132.9 10.7 10.0 13.1 
61202.9 49961.6 133.5 10.7 10.3 13.1 
50741.4 46085.0 110.4 12.9 11.2 12.3 
62599.0 52889.0 132.5 10.3 10.4 12.9 
49878.1 49484.7 101.7 11.0 11.5 12.9 

51678.9 52632.0 104.1 12.0 10.8 12.5 
54578.3 57529.0 87.5 12.0 11.5 13.1 
63106.8 56444.5 133.3 10.2 10.3 13.0 
56719.5 55021.4 90.1 11.8 11.7 13.5 
57784.8 56070.4 134.3 11.6 9.7 13.4 
48673.6 46027.2 105.8 13.0 10.3 12.5 
51946.7 53567.7 109.3 11.7 11.1 12.2 
53182.1 54601.6 88.5 12.4 11.3 13.2 
50576.0 47184.2 98.6 11.6 10.7 12.8 
59722.1 52028.0 133.9 11.2 10.1 13.2 
55323.3 52094.0 91.1 12.2 11.5 13.7 

54864.7 47533.3 98.0 11.6 10.3 13.0 
53413.1 47136.5 83.2 11.2 11.0 13.2 
54809.2 50063.9 82.2 10.8 11.2 13.0 
56260.9 50460.8 97.0 11.2 10.4 12.9 
59024.9 49254.9 93.8 11.1 10.9 13.9 

48835.3 49166.6 77.1 10.4 10.2 12.4 
48469.0 50528.9 95.9 11.5 10.1 12.9 
41137.9 49354.3 85.8 10.8 10.7 12.3 
51449.0 51976.0 97.6 12.8 11.7 11.9 
51408.8 51195.6 93.8 10.8 10.0 12.9 
47181.7 55788.1 89.6 10.7 10.3 12.7 
47559.6 52363.0 83.3 10.3 10.8 11.9 
40155.8 54144.5 76.9 11.1 10.2 12.0 
44253.3 51337.9 84.2 11.3 10.5 12.0 
42644.2 47660.5 84.9 11.8 10.1 11.8 
45877.6 51902.2 76.0 10.9 10.2 12.1 

51678.9 52632.0 104.1 12.0 10.8 12.5 
53909.5 55627.0 87.9 12.0 11.7 12.3 
59286.5 49481.8 134.2 11.2 10.6 13.3 
51907.0 50268.9 96.9 12.1 10.3 12.8 
53321.1 49794.0 99.0 11.9 10.6 12.8 
46959.6 50656.3 101.1 11.8 10.7 12.9 
50264.8 53106.9 102.1 12.3 10.5 12.4 
49133.9 54705.4 98.4 12.2 11.2 12.2 

47581.3 55438.7 96.8 11.8 10.5 12.4 
50532.6 54042.5 107.2 11.9 10.8 12.2 
50776.2 51867.4 93.3 12.1 11.0 12.6 
53909.5 55627.0 87.9 12.0 11.7 12.3 
50282.7 49704.6 105.1 12.5 10.6 12.6 
53653.6 43854.0 98.0 11.9 11.7 13.7 
52172.3 54794.8 92.3 11.7 11.2 12.4 
47524.8 51028.0 99.1 12.7 10.9 12.0 

55151.0 58204.2 115.4 12.7 11.6 15.0 
58189.4 58293.6 109.3 12.1 11.6 15.1 
56198.7 54457.5 112.1 12.9 12.4 15.8 
53840.4 53547.0 126.7 14.3 12.5 16.5 
51273.1 53864.0 119.9 13.3 12.3 15.8 
54889.5 50391.9 117.4 13.1 12.3 15.7 

52515.4 47785.4 90.6 10.5 10.2 12.8 
49137.6 41486.0 104.7 10.8 10.4 13.9 
51937.5 51347.0 87.0 10.2 10.1 13.0 
52746.4 45632.4 91.2 10.9 10.6 13.5 
48842.5 48906.6 86.9 10.8 10.6 12.5 
51800.2 46171.0 88.0 10.3 10.5 12.8 
56316.7 51057.0 108.1 13.3 11.8 13.0 
51968.3 44510.7 93.0 10.1 10.3 14.0 
49254.0 53678.8 81.8 9.8 10.2 13.0 
49477.0 47696.0 96.7 11.0 10.2 12.6 
52176.0 41575.5 98.6 10.3 10.4 14.1 

57684.8 55039.6 94.4 11.7 11.9 14.6 
54625.7 54314.9 98.2 12.6 12.6 14.4 
57294.3 57458.2 100.2 13.2 12.1 15.0 
56141.1 57300.3 95.5 12.1 12.2 14.3 
60021.2 61713.9 104.5 11.6 11.9 14.8 
55990.9 62363.6 101.8 12.9 12.2 14.5 
58622.2 58029.0 92.8 11.7 12.1 14.1 
54727.0 57775.2 93.4 12.3 11.9 14.3 

48851.8 52156.2 98.0 11.1 10.8 12.7 
48577.9 51368.2 102.7 12.2 11.1 13.6 
53848.5 48006.2 95.2 11.6 11.8 13.9 
55032.6 53282.8 90.7 11.7 12.3 14.7 
52194.2 47896.1 100.2 11.9 11.1 13.5 
49992.0 50893.4 104.8 12.0 11.4 13.7 
49155.8 47806.7 106.3 12.5 11.1 13.4 
55776.5 53179.3 92.4 11.1 11.7 14.6 
47642.8 53286.2 91.8 11.4 11.1 12.7 

51678.9 52632.0 104.1 12.0 10.8 12.5 
48220.7 49724.6 95.4 11.7 11.1 12.4 
48563.4 50648.5 105.8 11.5 11.0 12.8 
45218.4 45530.5 93.4 11.0 11.0 12.3 
51226.0 57958.8 82.6 11.5 11.7 12.3 
50264.8 53106.9 102.1 12.3 10.5 12.4 
49488.9 57126.6 87.0 11.2 11.2 12.4 
47642.8 53286.2 91.8 11.4 11.1 12.7 
54608.5 52676.8 98.8 11.0 10.7 13.8 
49141.4 47086.9 109.4 11.8 11.0 12.6 

80902.6 80435.2 137.5 15.6 15.5 20.1 

42071.1 51626.2 87.8 11.5 9.8 12.2 
43632.7 45963.2 89.8 11.4 9.6 12.7 
44145.6 53324.7 96.9 12.0 9.3 12.7 
44757.6 45807.3 87.7 11.7 10.8 12.3 
44630.8 51630.7 90.1 11.4 10.5 11.9 
44415.9 52257.8 87.8 11.2 10.5 13.1 
40480.0 44546.5 91.6 12.2 9.5 12.3 
45127.5 48313.3 84.8 11.1 9.8 12.6 
40675.0 48698.8 88.8 11.9 9.6 12.4 
43485.2 51151.3 89.9 11.3 10.0 12.3 
42089.1 48223.9 90.9 11.7 9.9 12.4 

48868.6 50179.5 103.0 12.7 10.3 12.6 
58710.8 60130.4 125.2 12.0 9.7 13.3 
49056.9 52811.3 93.9 11.2 11.4 12.7 
58158.9 49040.6 126.4 11.4 10.0 13.1 
58322.8 52074.5 124.8 11.8 10.2 13.2 
52172.3 54794.8 92.3 11.7 11.2 12.4 
59252.0 53160.5 125.8 11.9 9.9 13.3 
59088.0 50126.6 127.3 11.5 9.7 13.2 

67055.9 65173.2 122.1 14.7 14.3 14.9 
63540.2 62941.7 127.1 15.2 13.6 14.9 
63808.1 63877.3 132.2 14.8 14.0 14.6 
68094.8 60809.7 146.0 14.8 14.1 15.8 
64532.6 65680.3 134.8 14.6 14.0 14.6 

57055.0 62680.1 105.5 12.8 12.2 14.9 
61728.3 59488.8 96.3 12.6 13.1 15.3 
60701.3 58753.8 106.3 12.6 13.1 15.0 
62438.5 59586.0 101.9 12.9 13.6 14.9 
57767.0 53701.5 110.7 12.7 12.0 14.1 
58926.2 58095.2 102.7 12.7 12.5 14.3 

49573.4 51402.3 102.5 11.9 10.8 12.2 
48159.3 51877.1 100.4 12.1 10.5 12.2 
50878.6 47919.1 104.9 12.1 11.5 12.5 
51117.0 49141.6 101.4 11.6 10.5 12.5 

82122.6 79542.1 147.9 16.9 15.9 20.3 
83083.7 83125.0 145.3 17.3 16.3 20.3 

61202.9 49961.6 133.5 10.7 10.2 13.1 
56801.8 57994.0 115.0 10.4 10.8 12.7 
56348.5 57966.6 118.3 9.9 10.3 12.8 
57603.8 49841.9 124.9 10.4 10.5 13.0 
55840.7 54411.2 117.6 10.0 10.5 12.7 
58111.5 53397.4 125.6 10.3 10.4 13.0 
57062.6 56811.8 124.3 10.4 10.3 13.0 
55128.2 58421.2 104.0 12.4 12.8 13.5 

56812.1 52102.4 109.8 12.8 11.8 15.0 
60615.8 53600.8 127.5 13.7 12.4 15.2 
58208.3 55029.8 108.9 12.4 11.9 14.8 

63752.0 58117.9 134.7 13.8 12.7 15.7 
65457.2 62731.9 138.5 13.8 12.8 16.3 

53800.4 46809.8 106.7 12.0 10.5 12.5 
50776.2 51867.4 93.3 12.1 11.0 12.6 
54717.3 52721.5 98.1 11.5 10.7 12.6 
53321.1 49794.0 99.0 11.9 10.6 12.8 
53715.9 52534.1 91.2 11.3 10.9 12.6 
53145.5 48477.2 98.6 10.7 10.7 13.2 
53222.5 50371.3 103.1 11.7 10.5 12.7 
52172.3 54794.8 92.3 11.7 11.2 12.4 
52319.8 49606.7 92.2 11.7 10.7 12.8 
56260.9 50460.8 97.0 11.2 10.4 12.9 
50539.0 52703.1 97.8 11.3 10.5 12.7 

59628.3 49325.2 99.4 11.9 13.0 14.3 
57396.1 52776.6 100.8 11.9 12.3 14.2 
59515.7 52775.9 109.9 12.0 13.1 14.3 
59635.6 54036.9 103.2 12.2 12.3 14.5 

60095.9 50390.2 142.2 11.2 10.2 13.7 
60661.7 56931.5 132.9 10.7 10.0 13.1 
58056.8 52651.8 146.7 11.3 10.2 13.7 
61202.9 49961.6 133.5 10.7 10.3 13.1 
59265.6 54004.1 133.9 11.1 9.8 13.3 

47879.8 53449.3 87.7 11.7 10.9 12.2 
53715.9 52534.1 91.2 11.3 10.9 12.6 
52172.3 54794.8 92.3 11.7 11.2 12.4 
49488.9 57126.6 87.0 11.2 11.2 12.4 
52750.3 51233.3 95.9 12.0 11.2 12.1 
54404.5 51343.4 90.9 11.7 11.9 12.5 

61202.9 49961.6 133.5 10.7 10.2 13.1 
54446.8 56751.5 105.3 12.3 11.6 12.7 
53868.8 60313.1 101.8 12.0 11.6 12.9 
61710.6 53517.0 134.2 10.6 10.1 13.2 
62599.0 52889.0 132.5 10.3 10.4 12.9 
51194.2 52933.9 112.4 12.6 11.6 12.9 
49161.8 47659.1 96.5 11.8 10.5 12.8 

51678.9 52632.0 104.1 12.0 10.8 12.5 
48868.6 50179.5 103.0 12.7 10.3 12.6 
48333.8 47514.1 91.8 11.5 10.7 11.9 
50282.7 49704.6 105.1 12.5 10.6 12.6 
48995.4 54963.8 98.9 11.6 10.8 12.5 
46959.6 50656.3 101.1 11.8 10.7 12.9 
45545.5 51131.1 99.0 12.0 10.5 12.9 
52052.4 53533.8 98.9 11.4 11.9 12.2 
47987.7 56115.9 101.4 12.0 11.3 11.9 
45813.4 52066.8 104.1 11.6 10.8 12.6 
45295.4 47424.6 97.9 12.1 10.8 11.8 
46323.6 52252.8 97.3 12.8 10.8 12.4 
48112.8 50814.2 105.8 13.0 10.7 13.6 
50264.8 53106.9 102.1 12.3 10.5 12.4 
47719.8 55180.3 96.3 12.4 10.9 12.2 

57062.2 50118.1 109.1 12.4 11.5 14.3 
50089.9 55139.3 109.9 11.8 11.8 12.7 
48769.8 50923.4 107.2 12.2 12.1 13.6 
49095.2 53238.1 106.9 12.1 12.7 13.2 

58226.8 55055.9 110.6 12.3 11.9 13.7 
52151.5 56051.5 97.7 11.3 11.2 13.4 
60910.2 52724.1 115.9 12.8 11.9 13.7 
51719.5 51736.2 104.6 11.2 11.4 13.7 
57794.8 50740.5 117.5 12.3 12.1 14.0 
60402.5 49168.6 115.1 12.8 12.1 13.6 

75608.5 64267.0 150.4 15.7 15.2 18.2 
75993.8 62690.4 161.8 16.4 16.7 19.2 
72925.1 66598.8 145.2 15.3 15.2 18.2 
78047.6 71084.2 144.2 16.7 16.1 18.4 
74321.2 69526.2 144.2 14.9 15.4 18.0 
69149.2 72310.9 147.6 15.6 14.8 17.9 
71270.8 66488.7 150.1 15.6 14.5 17.9 
71381.4 68859.5 146.2 15.6 15.5 18.0 

45876.7 48571.9 98.5 11.6 10.0 12.0 
44979.0 48479.1 92.2 11.8 10.2 11.7 
51211.4 38564.9 103.9 11.9 10.2 12.3 
46697.3 41944.3 100.1 12.4 10.4 12.2 
51110.1 35104.6 108.6 12.2 10.9 12.5 
43945.7 45159.4 103.9 11.8 10.1 12.7 
56554.7 39168.1 95.9 11.3 10.7 12.0 
48991.3 44964.4 105.4 11.8 10.4 12.2 
47989.8 47757.0 107.4 10.8 11.0 12.0 
49009.2 41562.1 108.5 12.0 10.5 12.4 
44831.8 47623.8 104.4 11.8 11.0 12.9 
47595.1 42037.0 106.4 12.2 10.2 12.4 
44368.0 51691.0 83.7 10.9 10.1 12.1 
44480.5 45644.5 99.5 12.0 9.9 12.1 
49533.4 45496.3 106.3 10.5 10.7 12.3 
50673.2 45425.2 112.6 11.2 11.0 12.0 
52607.6 41492.3 102.9 11.5 10.4 12.1 

48868.6 50179.5 103.0 12.7 10.3 12.6 
48333.8 47514.1 91.8 11.5 10.7 11.9 
61672.6 55535.9 123.7 11.1 10.3 13.2 
50282.7 49704.6 105.1 12.5 10.6 12.6 
50107.1 48387.8 104.7 11.2 10.7 13.1 
51826.3 47443.9 104.1 12.1 10.3 12.9 
61338.6 55384.6 133.5 10.7 10.3 13.4 
50758.2 55269.7 90.2 11.9 10.9 12.3 
49998.0 50745.7 95.0 11.3 10.7 13.0 
59942.4 52457.2 134.4 11.1 10.1 13.6 
54717.3 52721.5 98.1 11.5 10.7 12.6 
50264.8 53106.9 102.1 12.3 10.5 12.4 
60450.2 56012.7 135.2 11.0 10.0 13.7 
59401.3 59427.1 133.8 11.1 9.9 13.6 

99696.5 104296.9 186.7 20.7 20.6 24.7 

60501.6 49789.9 130.5 10.7 10.5 13.3 
58648.3 51313.0 135.8 11.6 9.9 13.1 
59083.4 50657.5 137.5 10.7 9.7 12.9 
56986.0 47558.4 135.5 11.1 9.8 13.3 
61202.9 49961.6 133.5 10.7 10.3 13.1 
61462.7 53372.8 127.9 11.1 10.8 13.2 
57687.2 47730.1 138.5 11.1 9.6 13.1 
57947.0 51141.3 132.9 11.6 10.1 13.2 

51678.9 52632.0 104.1 12.0 10.8 12.5 
56736.2 56950.6 91.3 11.2 11.2 13.0 
56883.7 51762.5 91.2 11.3 10.7 13.5 
53321.1 49794.0 99.0 11.9 10.6 12.8 
50282.7 49704.6 105.1 12.5 10.6 12.6 
55322.1 57425.4 89.2 11.4 10.9 13.0 
46228.3 46284.3 90.1 11.4 10.8 11.7 
48285.3 49722.3 98.3 11.1 11.2 12.8 
52494.0 49235.7 87.6 11.0 11.3 12.8 

47879.8 53449.3 87.7 11.7 10.9 12.2 
53800.4 46809.8 106.7 12.0 10.5 12.5 
48995.4 54963.8 98.9 11.6 10.8 12.5 
53222.5 50371.3 103.1 11.7 10.5 12.7 
51616.3 51457.7 96.6 11.6 11.1 13.8 
50656.9 51809.4 95.0 12.2 11.6 12.5 
49634.8 49249.8 97.5 11.5 11.4 12.5 
50677.5 52444.7 97.3 11.9 10.9 12.5 
54293.9 48972.6 94.8 11.6 10.9 12.4 
48930.5 50949.7 108.4 12.8 11.8 12.6 
51212.7 45832.6 124.0 9.7 9.6 12.1 
52172.3 54794.8 92.3 11.7 11.2 12.4 
47719.8 55180.3 96.3 12.4 10.9 12.2 
52750.3 51233.3 95.9 12.0 11.2 12.1 
48297.7 51618.7 99.9 12.7 10.9 11.9 

57715.4 52288.3 125.5 11.3 12.5 14.6 
59195.0 51821.7 118.9 11.7 12.9 14.2 
59837.6 56503.5 133.3 11.3 12.5 14.8 
61032.6 60898.2 136.7 11.2 12.9 14.8 

51721.1 53675.2 85.7 11.3 11.9 12.5 
50842.7 49545.3 105.6 12.6 10.5 12.2 
47581.3 55438.7 96.8 11.8 10.5 12.4 
48074.8 57601.5 84.9 11.5 10.9 12.3 
45304.2 58447.7 96.2 11.6 11.3 11.9 
48995.4 54963.8 98.9 11.6 10.8 12.5 
47719.8 55180.3 96.3 12.4 10.9 12.2 
50264.8 53106.9 102.1 12.3 10.5 12.4 
45614.3 53950.5 94.6 12.3 11.0 12.0 
48652.7 54040.0 88.5 11.8 10.9 12.1 

50508.3 54410.9 94.2 11.9 11.3 12.7 
53265.6 52324.6 83.3 11.1 11.5 12.7 
54717.3 52721.5 98.1 11.5 10.7 12.6 
53108.2 49044.1 98.8 12.0 10.4 12.4 
55058.3 50626.2 94.6 12.2 11.1 12.7 
53321.1 49794.0 99.0 11.9 10.6 12.8 
51712.0 46116.7 99.8 12.4 10.2 12.6 

85092.3 79282.5 148.4 17.0 16.7 19.7 
85092.3 79282.5 148.4 16.9 16.7 19.7 

55851.0 51333.0 109.6 11.9 10.9 13.2 
54454.8 48405.6 110.6 12.3 10.8 13.4 
59157.2 52358.1 108.6 11.0 11.2 13.1 
61121.6 47971.0 102.1 11.4 11.6 13.4 
58889.4 51422.4 103.5 11.4 10.9 13.3 
56344.4 53495.8 97.7 11.5 11.3 13.1 
62305.7 53247.5 97.6 11.5 12.1 14.2 

62065.9 54187.8 115.1 12.9 12.6 14.8 
62648.5 48344.2 116.6 12.1 12.0 15.1 
62070.5 51905.7 113.1 11.8 12.0 15.3 
61488.0 57749.3 111.5 12.6 12.6 15.1 

51678.9 52632.0 104.1 12.0 10.8 12.5 
50532.6 54042.5 107.2 11.9 10.8 12.2 
50776.2 51867.4 93.3 12.1 11.0 12.6 
48868.6 50179.5 103.0 12.7 10.3 12.6 
49401.8 55641.0 103.5 11.8 11.5 12.0 
53222.5 50371.3 103.1 11.7 10.5 12.7 
51946.7 53567.7 109.3 11.7 11.1 12.2 
51826.3 47443.9 104.1 12.1 10.3 12.9 
48220.7 49724.6 95.4 11.7 11.1 12.4 
49281.4 49517.3 98.3 12.3 10.7 12.7 
53715.9 52534.1 91.2 11.3 10.9 12.6 
52172.3 54794.8 92.3 11.7 11.2 12.4 
50264.8 53106.9 102.1 12.3 10.5 12.4 

61202.9 49961.6 133.5 10.7 10.2 13.1 
59083.4 50657.5 137.5 10.7 9.7 12.9 
60680.0 50688.3 136.2 11.0 10.1 13.3 
52172.3 54794.8 92.3 11.7 11.2 12.4 
61710.6 53517.0 134.2 10.6 10.1 13.2 
57687.2 47730.1 138.5 11.1 9.6 13.1 
57146.1 54700.0 137.9 11.2 9.3 13.1 

62639.8 54603.1 135.2 10.7 9.8 13.2 
61679.2 57873.9 127.5 11.0 9.7 13.2 
62132.0 51047.6 134.4 10.7 10.0 13.2 
64035.9 57530.5 134.2 10.2 10.0 13.1 
56744.6 51938.4 109.5 11.8 11.7 14.1 
62728.1 54459.4 128.8 10.8 9.8 13.3 
60236.8 59178.7 138.7 11.2 10.6 13.9 
57791.8 59665.7 138.4 11.8 10.4 14.0 
62098.6 61573.0 134.6 10.7 9.6 13.3 
58799.9 54537.2 137.0 11.2 11.0 13.7 
59729.1 55623.3 138.0 11.3 10.8 13.8 

59628.3 49325.2 99.4 11.9 13.0 14.3 
57396.1 52776.6 100.8 11.9 12.3 14.2 
59803.6 51347.6 119.4 13.3 12.8 14.6 
62842.0 51437.1 113.3 12.7 12.8 14.7 
62521.2 58465.5 97.5 12.5 13.7 15.8 

51678.9 52632.0 104.1 12.0 10.8 12.5 
50532.6 54042.5 107.2 11.9 10.8 12.2 
52000.2 53045.7 87.0 11.6 11.7 13.9 
53994.0 49902.6 103.3 12.6 11.3 12.1 
50282.7 49704.6 105.1 12.5 10.6 12.6 
50144.9 51845.8 108.7 12.0 11.3 12.2 
50264.8 53106.9 102.1 12.3 10.5 12.4 
52256.8 49070.5 107.7 12.3 10.8 12.2 
51826.3 47443.9 104.1 12.1 10.3 12.9 

51535.6 48632.7 103.7 11.7 11.1 13.9 
49992.0 50893.4 104.8 12.0 11.4 13.7 
55185.0 45510.2 106.2 12.0 11.2 13.6 
50259.9 51829.0 109.9 11.6 11.7 13.4 
53641.4 47771.0 107.2 12.3 11.5 13.4 

47685.4 48828.4 90.1 12.0 10.9 13.2 
49081.6 51755.8 89.1 11.6 11.0 13.0 
44882.7 51102.1 86.5 11.7 11.5 13.1 
47667.5 52230.6 87.0 11.8 10.8 12.9 
49369.0 55865.6 93.7 11.0 12.0 12.2 
49056.9 52811.3 93.9 11.2 11.4 12.7 
53715.9 52534.1 91.2 11.3 10.9 12.6 
47566.2 48770.3 91.8 12.1 11.5 13.1 
52172.3 54794.8 92.3 11.7 11.2 12.4 
49488.9 57126.6 87.0 11.2 11.2 12.4 
50758.2 55269.7 90.2 11.9 10.9 12.3 

54619.3 56852.1 100.9 13.1 12.3 12.4 
51678.9 52632.0 104.1 12.0 10.8 12.5 
54717.3 52721.5 98.1 11.5 10.7 12.6 
51907.0 50268.9 96.9 12.1 10.3 12.8 
53321.1 49794.0 99.0 11.9 10.6 12.8 
50282.7 49704.6 105.1 12.5 10.6 12.6 
53222.5 50371.3 103.1 11.7 10.5 12.7 
50107.1 48387.8 104.7 11.2 10.7 13.1 
51712.0 46116.7 99.8 12.4 10.2 12.6 
51826.3 47443.9 104.1 12.1 10.3 12.9 
50539.0 52703.1 97.8 11.3 10.5 12.7 

51678.9 52632.0 104.1 12.0 10.8 12.5 
53909.5 55627.0 87.9 12.0 11.7 12.3 
50069.8 48954.6 104.9 12.5 10.4 12.3 
54574.0 48722.1 97.6 11.1 11.1 14.1 
61202.9 49961.6 133.5 10.7 10.3 13.1 
62163.9 53544.5 130.9 11.1 10.6 13.1 
48911.8 43952.5 95.4 11.8 10.8 11.7 

59350.7 53306.6 129.2 11.0 10.7 13.3 
47685.4 48828.4 90.1 12.0 10.9 13.2 
59067.3 57409.2 115.3 11.0 11.0 12.6 
60311.8 56889.4 126.6 11.5 11.1 13.3 
47667.5 52230.6 87.0 11.8 10.8 12.9 
59858.4 56862.0 130.0 10.9 10.6 13.4 
61427.2 57619.6 120.3 10.6 10.4 12.5 
62682.5 49495.0 126.9 11.1 10.6 12.7 
52172.3 54794.8 92.3 11.7 11.2 12.4 
59575.0 60964.6 116.1 11.0 10.8 12.7 
60830.4 52839.9 122.6 11.4 11.1 12.9 
46398.2 54087.6 83.9 11.2 11.0 13.0 

61973.5 55620.4 134.8 14.1 12.5 15.7 
58531.8 54436.9 124.2 14.4 12.6 15.2 

77403.5 64827.6 171.5 16.6 15.6 19.6 
76705.7 67128.1 174.6 16.1 16.4 19.7 

61850.8 51521.4 130.6 10.5 10.5 12.8 
60087.7 56090.6 123.3 10.1 10.5 12.5 
61034.7 51501.4 118.8 11.4 10.5 12.5 
59638.5 48573.9 119.8 11.8 10.3 12.7 
58158.9 49040.6 126.4 11.4 10.0 13.1 
58838.7 58777.1 125.2 11.2 10.0 12.7 
58531.6 49002.5 128.5 12.4 10.2 13.2 
57877.6 55194.2 127.8 10.7 9.6 12.8 

54151.2 53823.2 103.4 11.7 11.1 13.4 
47149.3 51123.3 103.7 11.8 10.7 12.8 
48868.6 50179.5 103.0 12.7 10.3 12.6 
55565.3 53348.4 105.5 11.5 11.3 13.5 

46959.6 50656.3 101.1 11.8 10.7 12.9 
47697.1 43601.1 129.0 10.1 8.9 12.1 
45545.5 51131.1 99.0 12.0 10.5 12.9 
48204.8 47156.6 129.8 10.1 8.8 12.2 
57886.8 50319.6 95.6 11.2 11.2 14.6 
47581.3 55438.7 96.8 11.8 10.5 12.4 
44604.4 53196.7 97.9 11.9 11.1 12.5 
52000.2 53045.7 87.0 11.6 11.7 13.9 
45425.6 49870.1 105.6 11.8 11.3 12.7 
51212.7 45832.6 124.0 9.7 9.6 12.1 
47719.8 55180.3 96.3 12.4 10.9 12.2 
52172.3 54794.8 92.3 11.7 11.2 12.4 
50264.8 53106.9 102.1 12.3 10.5 12.4 

45530.5 48584.8 93.2 10.9 11.5 11.8 
48868.6 50179.5 103.0 12.7 10.3 12.6 
51894.8 59860.8 82.3 11.6 11.5 13.1 
48074.8 57601.5 84.9 11.5 10.9 12.3 
48995.4 54963.8 98.9 11.6 10.8 12.5 
53308.9 59385.9 84.4 11.4 11.8 13.1 
49573.4 51402.3 102.5 11.9 10.8 12.2 
47954.9 56340.5 91.6 11.2 11.7 12.2 
48875.5 53702.8 105.6 11.4 11.6 12.3 
55046.1 60218.1 80.0 11.7 12.3 13.0 
47719.8 55180.3 96.3 12.4 10.9 12.2 
50066.8 53565.1 90.6 11.5 11.2 12.1 
50264.8 53106.9 102.1 12.3 10.5 12.4 
57631.5 53329.3 134.5 10.8 10.4 13.5 

60282.2 56704.0 126.8 11.3 10.5 13.3 
54409.3 47962.2 135.4 11.7 9.3 13.5 
58886.0 53776.5 127.8 11.8 10.4 13.5 
55370.4 51545.1 132.8 12.2 9.7 13.5 
57307.7 47502.6 132.4 11.7 10.1 13.3 
57925.0 50193.7 130.4 11.3 10.0 13.5 

59947.5 58086.3 126.9 10.2 10.0 12.9 
51678.9 52632.0 104.1 12.0 10.8 12.5 
48333.8 47514.1 91.8 11.5 10.7 11.9 
57502.5 58573.3 126.5 10.7 9.8 13.0 
59439.8 54530.9 126.2 10.3 10.2 12.8 
61710.6 53517.0 134.2 10.6 10.1 13.2 
61169.5 60486.9 133.6 10.6 9.9 13.2 

90898.6 80755.5 187.0 17.9 16.8 21.6 
87874.6 76927.5 183.3 18.3 16.3 21.0 
86331.0 79188.2 184.4 18.6 16.6 20.8 
89355.0 83016.2 188.0 18.2 17.1 21.4 
84916.8 79663.1 182.3 18.8 16.3 20.7 
84916.8 79663.1 182.3 18.8 16.4 20.7 
83520.7 76735.7 183.3 19.3 16.2 20.9 

61672.6 55535.9 123.7 11.1 10.3 13.2 
64421.5 58341.4 135.0 12.4 9.7 13.9 
58669.6 57218.1 132.0 12.2 10.5 13.9 

66611.3 65322.3 135.8 15.0 14.0 17.9 
71733.4 69085.6 149.1 16.5 14.8 17.9 
74046.9 73863.9 131.8 13.7 14.5 18.8 

49381.6 47671.9 102.3 11.8 11.4 12.9 
52514.9 46253.2 103.8 12.5 11.3 12.7 
51100.8 46728.0 101.6 12.7 11.0 12.7 
53301.2 53351.6 103.5 12.9 11.4 12.7 
51884.0 53022.6 99.7 12.5 12.0 13.1 
56030.2 48547.9 104.6 13.2 11.5 13.0 

54387.5 53904.0 99.6 11.0 10.6 12.2 
46422.2 53156.0 103.2 11.8 10.8 12.4 
51541.6 48485.0 93.9 10.9 10.4 13.3 
54119.7 52968.3 94.4 11.4 10.3 12.4 
52723.5 50040.9 95.4 11.8 10.1 12.6 
52094.2 48379.5 109.2 11.7 10.6 12.6 
52576.0 55229.0 95.5 11.7 10.5 12.2 
49460.6 53245.5 97.1 11.2 10.8 12.5 
51826.3 47443.9 104.1 12.1 10.3 12.9 

61672.6 55535.9 123.7 11.1 10.3 13.2 
48696.8 51488.4 96.7 12.1 11.2 12.8 
48503.2 48395.6 100.0 11.5 10.4 13.1 
46959.6 50656.3 101.1 11.8 10.7 12.9 
46018.5 52721.9 100.0 11.7 11.4 12.6 
52172.3 54794.8 92.3 11.7 11.2 12.4 
47719.8 55180.3 96.3 12.4 10.9 12.2 
49133.9 54705.4 98.4 12.2 11.2 12.2 
48583.9 51220.6 92.9 11.5 10.5 13.0 

49634.8 49249.8 97.5 11.5 11.4 12.5 
50582.2 54656.4 78.0 10.7 11.5 12.7 
48333.8 47514.1 91.8 11.5 10.7 11.9 
51750.2 49339.2 85.9 11.6 11.9 12.8 
55046.1 60218.1 80.0 11.7 12.3 13.0 
48634.8 47355.7 87.5 11.1 12.2 13.2 
52750.3 51233.3 95.9 12.0 11.2 12.1 
49066.7 51671.0 80.7 11.2 12.0 12.9 

52052.4 53533.8 98.9 11.4 11.9 12.2 
57603.8 49841.9 124.9 10.4 10.5 13.0 
46450.5 57037.2 93.1 11.8 11.2 12.2 
58564.8 53424.8 122.3 10.8 10.9 12.9 
50264.8 53106.9 102.1 12.3 10.5 12.4 
48634.8 47355.7 87.5 11.1 12.2 13.2 
52172.3 54794.8 92.3 11.7 11.2 12.4 
49488.9 57126.6 87.0 11.2 11.2 12.4 
58111.5 53397.4 125.6 10.3 10.4 13.0 
58999.9 52769.3 123.9 9.9 10.7 12.8 
57062.6 56811.8 124.3 10.4 10.3 13.0 

65896.6 55160.5 131.7 13.9 13.2 16.0 
68698.7 56554.1 125.2 13.8 13.8 17.0 
63231.3 58448.2 111.7 14.1 13.5 15.4 

60661.7 56931.5 132.9 10.7 10.0 13.1 
61202.9 49961.6 133.5 10.7 10.3 13.1 
61710.6 53517.0 134.2 10.6 10.1 13.2 

51678.9 52632.0 104.1 12.0 10.8 12.5 
53265.6 52324.6 83.3 11.1 11.5 12.7 
53596.0 51273.1 97.9 11.1 11.6 12.4 
54712.9 47200.1 115.3 9.5 9.1 12.2 
50758.2 55269.7 90.2 11.9 10.9 12.3 
47541.5 49825.9 96.6 11.7 11.8 12.8 
55674.0 50783.0 112.7 10.0 9.4 12.2 
53715.9 52534.1 91.2 11.3 10.9 12.6 
55262.6 47531.4 97.3 11.4 12.0 13.9 
50264.8 53106.9 102.1 12.3 10.5 12.4 
52172.3 54794.8 92.3 11.7 11.2 12.4 
52750.3 51233.3 95.9 12.0 11.2 12.1 
48767.3 46719.2 107.8 13.0 11.0 12.8 

79258.6 77386.7 143.8 16.1 15.6 18.5 
77896.8 77808.9 142.7 16.0 15.4 18.6 
78194.7 75305.6 141.8 16.0 15.2 19.0 

51678.9 52632.0 104.1 12.0 10.8 12.5 
51541.6 48485.0 93.9 10.9 10.4 13.3 
52000.2 53045.7 87.0 11.6 11.7 13.9 
53414.4 52570.9 89.1 11.4 11.9 13.9 
48868.6 50179.5 103.0 12.7 10.3 12.6 
49056.9 52811.3 93.9 11.2 11.4 12.7 
53321.1 49794.0 99.0 11.9 10.6 12.8 
46959.6 50656.3 101.1 11.8 10.7 12.9 
48583.9 51220.6 92.9 11.5 10.5 13.0 
49998.0 50745.7 95.0 11.3 10.7 13.0 

67776.1 68646.4 149.8 10.5 13.9 16.5 
69039.4 70805.9 147.8 11.8 14.1 16.3 
71562.3 69692.2 156.9 12.5 13.3 17.1 

72018.4 67717.1 137.7 14.8 14.2 17.9 

54158.2 52467.3 90.9 10.8 11.3 13.9 
54052.8 59282.4 86.1 10.8 11.2 13.0 
49168.1 55131.3 75.9 10.9 11.3 12.7 
52638.7 59757.2 84.0 11.0 10.9 13.0 
51226.0 57958.8 82.6 11.5 11.7 12.3 
49208.8 54627.3 87.1 11.8 11.7 12.5 
52744.1 52942.2 88.8 11.0 11.1 13.8 
57573.1 61821.1 92.7 10.6 11.4 13.7 
51854.4 58341.0 99.2 11.8 10.7 13.3 

65698.1 62833.2 125.5 12.6 13.8 16.1 
64961.7 62106.3 128.0 12.7 14.1 15.7 
65081.6 63367.4 121.4 12.9 13.4 15.9 
67883.7 64761.0 114.9 12.9 13.9 17.0 

54948.3 50568.4 98.7 11.9 11.2 13.3 
52514.9 46253.2 103.8 12.5 11.3 12.7 
53229.0 51512.3 99.3 11.0 11.5 13.5 
53424.7 57131.7 92.1 11.6 11.9 14.0 
48647.0 53683.5 106.5 11.9 11.9 13.1 
54399.3 50936.1 94.8 11.6 11.7 13.3 
51762.4 55667.1 104.9 12.4 11.6 12.7 
51191.9 51610.1 112.3 11.7 11.4 13.3 
51283.9 48952.6 96.4 11.1 11.9 13.7 
53306.0 53406.4 103.8 12.1 11.4 13.0 
50622.6 55738.2 98.6 11.7 11.4 13.0 
54307.4 53593.7 110.6 12.2 11.2 12.9 
56463.1 57221.2 86.0 11.1 11.9 14.2 
53404.6 52829.1 99.8 12.3 11.5 13.0 

67395.1 63367.1 137.8 11.9 12.1 15.7 
69342.8 66091.7 141.1 12.3 12.1 15.1 
70133.3 58826.8 147.3 11.8 12.7 16.3 
68791.2 66294.5 136.8 11.5 12.3 15.5 
71585.9 63013.1 148.4 12.7 13.4 15.6 
68902.4 65344.8 143.2 12.3 13.4 15.7 
73248.8 60810.4 145.7 12.3 12.5 16.0 
71529.5 61754.2 146.3 11.4 12.9 16.1 
71474.7 63962.7 142.1 11.9 12.3 15.5 
71961.5 66069.6 139.4 11.5 12.7 15.8 

51678.9 52632.0 104.1 12.0 10.8 12.5 
46596.4 49160.3 103.6 12.0 11.4 12.3 
58745.3 56451.7 133.6 11.2 10.3 13.3 
50282.7 49704.6 105.1 12.5 10.6 12.6 
57349.2 53524.3 134.6 11.7 10.2 13.5 
48220.7 49724.6 95.4 11.7 11.1 12.4 
59286.5 49481.8 134.2 11.2 10.6 13.3 
52990.4 51818.3 88.8 11.9 11.6 12.4 
45295.4 47424.6 97.9 12.1 10.8 11.8 
46450.5 57037.2 93.1 11.8 11.2 12.2 
47524.8 51028.0 99.1 12.7 10.9 12.0 
50539.0 52703.1 97.8 11.3 10.5 12.7 
49362.0 52342.3 91.2 12.3 10.7 12.5 

57682.5 56521.0 125.0 10.0 10.3 12.6 
56286.3 53593.6 126.0 10.4 10.1 12.8 
54523.3 58162.9 118.7 10.0 10.0 12.5 

50282.7 49704.6 105.1 12.5 10.6 12.6 
65205.7 59288.0 143.4 11.6 10.4 14.5 
66543.8 59229.5 152.5 11.6 10.7 14.9 
66601.9 62215.4 142.5 11.2 10.6 14.3 
45545.5 51131.1 99.0 12.0 10.5 12.9 
63442.7 63857.3 136.1 11.2 10.4 14.2 
49161.8 47659.1 96.5 11.8 10.5 12.8 
66036.1 55674.1 151.8 11.7 10.8 14.8 
67143.0 55245.5 143.1 11.2 10.9 14.3 
64098.8 59716.6 152.2 12.2 10.4 15.0 
64606.6 63272.0 152.9 12.1 10.2 15.1 

55499.1 51243.1 109.5 12.2 11.5 14.4 
56335.2 44864.3 109.1 12.6 12.0 14.7 

64400.6 58617.5 125.5 10.9 10.8 13.9 
64195.6 52919.7 131.2 10.6 10.8 13.3 
61202.9 49961.6 133.5 10.7 10.3 13.1 
59265.6 54004.1 133.9 11.1 9.8 13.3 
62163.9 53544.5 130.9 11.1 10.6 13.1 
62599.0 52889.0 132.5 10.3 10.4 12.9 
50656.9 51809.4 95.0 12.2 11.6 12.5 

60512.4 50802.4 130.1 10.5 9.5 13.0 
55095.2 54457.1 98.3 12.2 12.0 13.4 
61020.1 54357.8 130.8 10.4 9.3 13.1 
56638.8 52196.4 97.2 11.8 11.7 13.6 
61202.9 49961.6 133.5 10.7 10.3 13.1 
62599.0 52889.0 132.5 10.3 10.4 12.9 

52183.6 48544.3 101.9 13.1 12.2 13.7 
57790.1 51781.9 92.9 11.1 11.5 13.9 
50163.4 49646.6 106.8 12.6 11.2 12.6 
52284.9 52004.6 97.2 12.8 11.5 13.5 
55095.2 54457.1 98.3 12.2 12.0 13.4 
51750.2 49339.2 85.9 11.6 11.9 12.8 
56638.8 52196.4 97.2 11.8 11.7 13.6 
56246.5 54042.6 93.9 11.4 11.8 13.7 
53208.1 53953.1 100.0 12.0 11.8 13.5 
48767.3 46719.2 107.8 13.0 11.0 12.8 

57603.8 49841.9 124.9 10.4 10.5 13.0 
58999.9 52769.3 123.9 9.9 10.7 12.8 
58111.5 53397.4 125.6 10.3 10.4 13.0 
57062.6 56811.8 124.3 10.4 10.3 13.0 

51678.9 52632.0 104.1 12.0 10.8 12.5 
47537.6 47094.8 104.7 12.1 10.7 12.7 
48187.6 57869.3 88.7 12.1 11.7 12.1 
48455.5 58805.0 93.9 11.7 12.0 11.9 
48868.6 50179.5 103.0 12.7 10.3 12.6 
53321.1 49794.0 99.0 11.9 10.6 12.8 
45350.5 46978.9 101.8 12.3 10.4 12.7 
46959.6 50656.3 101.1 11.8 10.7 12.9 
46718.3 57972.8 98.3 11.4 11.5 12.0 
52203.7 60119.5 100.8 12.3 12.6 12.1 
48555.9 48801.4 95.9 12.9 11.5 12.5 
44841.4 53359.8 93.8 12.3 10.9 12.1 
49167.1 48190.1 94.0 12.6 10.7 12.4 
48563.4 50648.5 105.8 11.5 11.0 12.8 
45295.4 47424.6 97.9 12.1 10.8 11.8 
45175.5 46163.6 104.5 11.9 11.5 11.6 
52172.3 54794.8 92.3 11.7 11.2 12.4 
45873.4 43863.1 101.5 12.4 10.8 11.6 
47524.8 51028.0 99.1 12.7 10.9 12.0 
53747.2 44546.0 100.0 11.9 12.5 14.0 

55094.3 48866.1 106.8 11.8 12.5 14.0 
58209.7 50849.7 105.2 12.3 12.3 13.6 
52444.5 57483.9 134.0 10.8 9.4 12.8 
53714.0 51403.0 135.7 11.3 8.7 13.1 
59753.4 48589.0 104.1 12.0 12.0 13.9 
56813.6 47922.2 106.1 12.7 12.1 13.8 
55021.5 50883.7 137.7 11.0 10.1 13.1 
59946.9 51681.8 100.7 12.6 12.8 13.5 
51946.7 53567.7 109.3 11.7 11.1 12.2 
52009.4 58139.4 132.3 11.6 9.6 13.0 

51678.9 52632.0 104.1 12.0 10.8 12.5 
45218.4 45530.5 93.4 11.0 11.0 12.3 
52291.0 58520.2 80.6 11.2 11.7 13.4 
45796.4 41969.0 97.0 11.3 11.0 12.1 
51449.0 51976.0 97.6 12.8 11.7 11.9 
46959.6 50656.3 101.1 11.8 10.7 12.9 
53145.5 48477.2 98.6 10.7 10.7 13.2 
52897.7 46045.2 95.8 12.0 10.7 12.6 
49488.9 57126.6 87.0 11.2 11.2 12.4 
50758.2 55269.7 90.2 11.9 10.9 12.3 
48563.4 50648.5 105.8 11.5 11.0 12.8 
52052.4 53533.8 98.9 11.4 11.9 12.2 
50600.5 50550.6 92.8 10.8 11.1 13.0 
47719.8 55180.3 96.3 12.4 10.9 12.2 
49141.4 47086.9 109.4 11.8 11.0 12.6 
48911.8 43952.5 95.4 11.8 10.8 11.7 

50735.5 44944.2 98.7 11.5 11.1 13.2 
53773.9 45033.6 92.6 10.9 11.1 13.4 
50842.7 49545.3 105.6 12.6 10.5 12.2 
48868.6 50179.5 103.0 12.7 10.3 12.6 
47737.8 51778.0 99.4 12.6 11.0 12.4 
50282.7 49704.6 105.1 12.5 10.6 12.6 
46323.6 52252.8 97.3 12.8 10.8 12.4 
48112.8 50814.2 105.8 13.0 10.7 13.6 
49191.8 47204.9 99.7 11.8 11.4 13.0 
50264.8 53106.9 102.1 12.3 10.5 12.4 
47719.8 55180.3 96.3 12.4 10.9 12.2 
49446.5 46617.9 106.6 13.0 10.3 12.4 

51678.9 52632.0 104.1 12.0 10.8 12.5 
56862.6 58579.7 137.4 11.7 10.6 13.9 
55099.6 63148.9 130.1 11.3 10.6 13.7 
48333.8 47514.1 91.8 11.5 10.7 11.9 
50282.7 49704.6 105.1 12.5 10.6 12.6 
60196.1 57464.6 136.1 10.8 11.2 13.5 
55640.7 56179.1 130.7 11.3 10.8 13.6 
49711.9 51143.9 102.0 12.5 11.2 12.0 
57036.9 59106.5 129.7 10.8 11.0 13.4 
60703.8 61020.1 136.8 10.7 11.1 13.6 
58799.9 54537.2 137.0 11.2 11.0 13.7 

51678.9 52632.0 104.1 12.0 10.8 12.5 
51804.0 54397.3 86.2 11.8 11.7 12.0 
50337.6 49890.3 110.0 12.2 10.8 12.0 
48333.8 47514.1 91.8 11.5 10.7 11.9 
49401.8 55641.0 103.5 11.8 11.5 12.0 
48074.8 57601.5 84.9 11.5 10.9 12.3 
48995.4 54963.8 98.9 11.6 10.8 12.5 
46718.3 57972.8 98.3 11.4 11.5 12.0 
53222.5 50371.3 103.1 11.7 10.5 12.7 
53458.3 54507.4 81.3 11.6 12.4 12.4 
51106.1 56697.8 89.3 11.3 12.5 12.1 
44409.4 49044.5 100.7 12.2 11.1 12.4 
47581.3 55438.7 96.8 11.8 10.5 12.4 
49573.4 51402.3 102.5 11.9 10.8 12.2 
50069.8 48954.6 104.9 12.5 10.4 12.3 
51226.0 57958.8 82.6 11.5 11.7 12.3 
51032.5 54865.9 86.0 10.9 10.9 12.6 
50264.8 53106.9 102.1 12.3 10.5 12.4 
60141.6 49368.9 137.3 10.3 9.0 13.0 
48652.7 54040.0 88.5 11.8 10.9 12.1 

58043.6 51603.4 127.1 10.7 10.0 13.0 
63954.8 57071.4 140.6 10.2 10.9 13.9 
49056.9 52811.3 93.9 11.2 11.4 12.7 
57502.5 58573.3 126.5 10.7 9.8 13.0 
59439.8 54530.9 126.2 10.3 10.2 12.8 
61202.9 49961.6 133.5 10.7 10.3 13.1 
59265.6 54004.1 133.9 11.1 9.8 13.3 
62599.0 52889.0 132.5 10.3 10.4 12.9 

48851.8 52156.2 98.0 11.1 10.8 12.7 
53211.9 45964.8 108.3 13.0 10.6 13.1 
50532.6 54042.5 107.2 11.9 10.8 12.2 
48191.8 49322.0 109.5 11.9 11.6 12.0 
49401.8 55641.0 103.5 11.8 11.5 12.0 
50550.6 50640.2 110.3 12.1 10.9 12.4 
51026.1 56205.4 95.3 11.5 11.2 12.1 
50264.8 53106.9 102.1 12.3 10.5 12.4 
53573.9 54342.0 108.9 11.7 11.7 12.7 

45218.4 45530.5 93.4 11.0 11.0 12.3 
48563.4 50648.5 105.8 11.5 11.0 12.8 
45530.5 48584.8 93.2 10.9 11.5 11.8 
48868.6 50179.5 103.0 12.7 10.3 12.6 
48333.8 47514.1 91.8 11.5 10.7 11.9 
48875.5 53702.8 105.6 11.4 11.6 12.3 
45295.4 47424.6 97.9 12.1 10.8 11.8 
45175.5 46163.6 104.5 11.9 11.5 11.6 
50264.8 53106.9 102.1 12.3 10.5 12.4 
50566.1 44062.6 90.4 11.5 11.4 12.0 
52256.8 49070.5 107.7 12.3 10.8 12.2 
52033.8 55053.2 92.8 11.1 10.8 12.6 

51678.9 52632.0 104.1 12.0 10.8 12.5 
53091.3 49138.1 92.4 12.7 11.5 12.2 
53909.5 55627.0 87.9 12.0 11.7 12.3 
50282.7 49704.6 105.1 12.5 10.6 12.6 
53994.0 49902.6 103.3 12.6 11.3 12.1 
50860.6 46143.1 108.7 12.8 10.6 12.4 
53222.5 50371.3 103.1 11.7 10.5 12.7 
52513.3 52699.6 88.9 12.4 11.5 12.4 
51826.3 47443.9 104.1 12.1 10.3 12.9 
50758.2 55269.7 90.2 11.9 10.9 12.3 

61202.9 49961.6 133.5 10.7 10.2 13.1 
62132.0 51047.6 134.4 10.7 10.0 13.2 
61687.7 53127.9 133.1 10.8 10.3 13.4 
60758.5 52041.9 132.2 10.7 10.6 13.4 
63083.9 56055.3 132.1 10.4 10.5 13.2 
59750.4 57170.4 133.5 11.3 9.9 13.6 

47879.8 53449.3 87.7 11.7 10.9 12.2 
54745.6 49248.2 87.5 12.4 12.2 12.5 
50282.7 49704.6 105.1 12.5 10.6 12.6 
52319.8 49606.7 92.2 11.7 10.7 12.8 
53773.9 45033.6 92.6 10.9 11.1 13.4 
47581.3 55438.7 96.8 11.8 10.5 12.4 
49573.4 51402.3 102.5 11.9 10.8 12.2 
50563.2 51117.5 93.0 12.2 10.8 12.2 
50069.8 48954.6 104.9 12.5 10.4 12.3 
49056.9 52811.3 93.9 11.2 11.4 12.7 
47386.3 51286.4 99.6 12.1 10.5 12.3 
46323.6 52252.8 97.3 12.8 10.8 12.4 
52172.3 54794.8 92.3 11.7 11.2 12.4 

54362.3 62475.9 89.9 11.7 12.0 12.8 
50816.1 58831.0 95.2 12.3 12.2 12.6 
53854.5 58920.5 89.1 11.7 12.2 12.8 
57602.7 60235.0 96.0 12.3 12.8 13.0 
52131.7 59480.9 106.1 11.7 11.1 13.0 
51111.1 48722.0 104.2 12.0 11.6 13.7 
48583.9 51220.6 92.9 11.5 10.5 13.0 

80656.2 80040.7 154.0 15.5 16.2 19.4 
78315.6 77650.7 157.1 16.6 15.5 19.2 

53800.4 46809.8 106.7 12.0 10.5 12.5 
51678.9 52632.0 104.1 12.0 10.8 12.5 
53909.5 55627.0 87.9 12.0 11.7 12.3 
51493.9 58894.4 87.8 11.2 12.0 12.0 
52119.6 44923.5 97.5 11.2 10.4 13.1 
51300.3 55801.6 91.1 10.5 11.2 12.4 
50868.4 51486.3 98.0 10.5 11.4 12.7 
49263.3 55899.4 104.0 11.2 11.1 12.2 
52256.8 49070.5 107.7 12.3 10.8 12.2 
52404.3 43882.4 107.6 12.4 10.3 12.7 

55372.8 53371.6 101.0 11.6 11.6 14.3 
58203.2 51733.5 87.5 11.4 12.4 14.6 
55950.7 49810.1 104.6 11.9 11.6 14.1 
57605.0 49920.2 99.6 11.6 12.3 14.4 
56466.1 50901.4 91.9 11.1 11.9 14.7 
56916.4 51110.9 99.9 11.3 11.3 14.6 

72305.5 66807.7 122.2 14.0 14.0 17.4 
64643.8 61375.4 129.7 14.2 13.0 15.6 
67445.8 62769.0 123.3 14.2 13.6 16.6 

59350.7 53306.6 129.2 11.0 10.7 13.3 
55650.4 61918.3 122.3 11.1 10.2 13.2 
53154.0 51667.5 99.1 12.0 10.6 12.0 
51541.6 48485.0 93.9 10.9 10.4 13.3 
49573.4 51402.3 102.5 11.9 10.8 12.2 
60746.9 56234.0 128.2 10.6 10.9 13.1 
48333.8 47514.1 91.8 11.5 10.7 11.9 
49998.0 50745.7 95.0 11.3 10.7 13.0 

99696.5 104296.9 186.7 20.7 20.6 24.7 

61202.9 49961.6 133.5 10.7 10.2 13.1 
58043.6 51603.4 127.1 10.7 10.0 13.0 
61225.0 48037.6 138.4 11.3 9.4 13.5 
59265.6 54004.1 133.9 11.1 9.8 13.3 
62621.2 50965.1 137.4 10.9 9.6 13.3 

51678.9 52632.0 104.1 12.0 10.8 12.5 
54717.3 52721.5 98.1 11.5 10.7 12.6 
52172.3 54794.8 92.3 11.7 11.2 12.4 

63106.8 56444.5 133.3 10.2 10.3 13.0 
59174.4 59964.2 132.1 9.8 9.9 13.2 
59083.4 50657.5 137.5 10.7 9.7 12.9 
55924.2 52299.4 131.1 10.7 9.5 12.8 
58195.0 51285.6 139.2 11.0 9.4 13.2 
55749.9 51772.6 138.8 11.6 9.2 13.3 
57653.8 58255.4 138.6 11.1 9.2 13.2 
56431.9 55854.8 131.9 10.6 9.4 12.9 

50842.7 49545.3 105.6 12.6 10.5 12.2 
48563.4 50648.5 105.8 11.5 11.0 12.8 
45563.3 48360.3 103.0 11.7 11.1 11.5 
47149.3 51123.3 103.7 11.8 10.7 12.8 
44412.2 41989.7 98.1 11.6 11.7 12.2 
45295.4 47424.6 97.9 12.1 10.8 11.8 
42879.8 50692.1 97.8 11.3 11.1 11.6 
47450.6 42079.1 92.0 11.0 11.7 12.4 
42180.0 45441.1 99.5 11.6 11.0 12.1 
49141.4 47086.9 109.4 11.8 11.0 12.6 

60497.7 50056.2 112.2 14.4 12.8 15.4 

68850.2 64776.1 135.8 14.6 13.7 17.0 
75200.7 73154.0 135.7 14.5 14.0 18.5 
73495.6 68540.0 132.0 14.5 13.9 17.9 

47641.4 49200.3 125.1 9.8 9.8 12.5 
50151.5 45239.9 127.8 9.4 8.4 12.0 
48602.5 52783.2 122.5 10.3 10.1 12.5 
46580.2 48607.6 128.9 9.5 8.5 12.4 
52173.8 49415.5 121.4 10.2 10.0 12.0 
49868.5 43725.9 123.2 9.5 8.3 12.1 
51671.3 46883.2 120.5 8.9 8.8 12.0 
51212.7 45832.6 124.0 9.7 9.6 12.1 
46297.2 47093.6 124.2 9.6 8.5 12.5 
48100.0 50250.9 121.6 9.0 8.9 12.4 

51678.9 52632.0 104.1 12.0 10.8 12.5 
53983.8 53469.8 96.3 10.9 11.2 12.4 
52119.6 44923.5 97.5 11.2 10.4 13.1 
48333.8 47514.1 91.8 11.5 10.7 11.9 
51750.2 49339.2 85.9 11.6 11.9 12.8 
50282.7 49704.6 105.1 12.5 10.6 12.6 
48995.4 54963.8 98.9 11.6 10.8 12.5 
53715.9 52534.1 91.2 11.3 10.9 12.6 
53222.5 50371.3 103.1 11.7 10.5 12.7 
51026.1 56205.4 95.3 11.5 11.2 12.1 
51946.7 53567.7 109.3 11.7 11.1 12.2 
50264.8 53106.9 102.1 12.3 10.5 12.4 

