59220.7 48415.2 95.0 8.9 10.6 12.6
52532.3 45474.2 86.7 9.9 11.7 12.0
50077.9 46617.9 95.2 9.5 11.3 11.7
56638.8 55709.2 86.8 9.9 10.0 12.0
53226.0 44270.2 93.0 9.8 11.0 12.0
54443.4 48319.6 88.9 9.4 10.3 11.7
65842.4 38166.5 89.7 11.6 11.9 13.1
54190.5 46095.6 81.9 9.1 11.5 12.1
46808.5 47056.1 105.7 12.6 8.8 11.8
50780.6 45645.1 85.6 9.8 10.5 11.7
56411.4 53949.6 79.0 8.9 11.3 12.0
46887.3 48844.3 103.5 11.5 10.5 11.9
53347.5 51852.7 95.6 8.6 10.9 11.8
57815.8 47721.8 88.4 10.7 9.7 12.2
60645.8 43622.0 84.1 10.3 11.4 12.8
61120.6 52098.2 96.4 9.3 9.1 12.6
55935.2 47757.9 90.5 9.3 11.4 12.3
51035.0 47107.3 93.3 10.3 10.9 11.6
47632.9 47198.1 96.0 11.8 9.4 12.1
50925.2 51863.9 85.8 10.1 10.3 11.7
55467.2 49483.8 79.5 9.5 11.0 11.9
48997.3 52660.5 99.9 11.9 9.8 11.8
56087.9 45288.4 101.9 8.9 9.7 12.5
50901.7 50058.4 89.9 10.0 10.9 11.4
58772.7 52675.0 87.8 11.3 9.8 12.5
55701.7 56755.6 96.0 8.6 10.8 11.9
52403.4 47386.9 96.1 9.2 10.6 11.7
57991.6 46808.8 99.5 9.2 10.3 12.5
53991.9 41072.6 93.8 10.0 11.2 12.6
53320.8 45065.0 80.9 10.6 10.8 11.9
51350.5 44050.1 89.3 10.8 11.3 11.7
46109.1 45601.6 104.9 11.9 9.3 12.0
54901.3 46871.3 90.2 9.5 9.6 11.7
49633.1 44856.6 89.8 9.7 11.2 11.7
51845.2 50577.2 99.2 12.1 9.3 12.1
51498.4 44587.6 86.5 10.1 9.9 11.5
53360.5 47876.3 94.2 10.0 10.3 11.5
48674.7 49217.0 91.8 12.1 9.0 12.3
52268.4 47480.7 78.6 9.9 11.1 11.6
57966.6 47815.4 90.8 9.1 9.9 12.2
53970.0 51116.9 86.1 9.9 10.2 11.5
52551.7 45955.8 94.7 9.3 10.1 12.1
56628.9 46553.9 96.7 9.2 10.6 12.3
45954.7 45603.8 102.1 12.6 8.5 12.2
55978.7 48386.0 93.1 9.2 9.9 12.0
52020.9 45163.9 77.7 10.2 11.0 11.6
48801.5 48082.7 95.1 11.8 10.1 12.2
52685.0 43004.7 98.1 9.6 10.1 12.3
54758.4 55703.4 94.2 9.5 10.3 11.2
54252.2 40819.4 85.0 10.2 10.2 12.1
51983.1 43803.5 86.8 10.7 11.5 12.0
45021.0 46925.5 94.4 12.6 8.7 12.2
60183.9 55640.2 88.9 9.7 10.0 12.0
55684.8 42088.1 97.2 9.7 10.3 12.2
51420.2 43565.3 75.6 9.7 12.0 12.1
55654.3 54032.1 88.3 9.8 9.9 12.2
58099.9 44864.3 94.2 9.3 9.9 12.4
49783.1 47454.6 101.5 11.2 9.2 12.2
57183.1 41895.2 104.9 11.6 9.5 12.9
54304.7 52342.1 93.7 9.4 10.6 11.6
56421.6 42707.1 91.6 10.6 9.7 12.5
51033.9 43575.8 98.1 11.6 10.3 11.8
54574.8 45128.8 93.0 12.5 9.0 11.9
50567.0 48833.2 82.3 10.5 10.6 11.2
55104.0 48355.4 90.2 12.5 9.4 12.9
48186.0 45659.1 98.8 11.4 10.8 11.5
53480.8 48901.6 99.0 8.8 10.9 12.0
48647.0 48084.9 92.4 12.5 9.4 12.4
50710.5 46371.3 92.7 9.4 11.5 12.0
55042.3 50214.5 83.8 10.7 10.5 11.6
52767.7 50185.2 72.8 9.5 11.3 11.7
56762.2 43602.8 100.1 9.4 10.6 12.5
53995.9 47028.6 97.3 9.1 10.7 12.4
53858.6 44023.7 90.5 9.7 11.2 12.4
52298.7 54471.9 92.3 9.2 11.2 11.6
56091.2 47595.3 87.1 10.0 10.2 11.8
53235.8 53425.5 83.0 10.5 10.4 11.7
58347.4 47181.1 95.1 9.0 10.0 12.3
55423.9 47447.6 81.5 9.6 10.7 11.9
51885.4 47017.5 108.3 11.1 9.7 12.3
56766.3 49558.9 103.6 8.5 10.1 12.3
53641.0 51419.4 72.7 9.5 11.9 12.1
51199.6 48586.7 79.8 10.4 10.8 11.5
54624.3 53070.4 78.2 9.4 11.2 12.4
59019.0 56237.7 88.3 10.1 9.8 12.1
55538.1 52715.5 79.0 9.0 10.7 11.7
58766.4 47195.3 96.0 9.3 9.2 12.5
57022.5 43349.6 91.3 9.7 9.6 12.1
55817.7 46131.5 91.3 9.6 10.9 12.4
52879.4 52811.8 87.2 9.8 10.8 11.1
53632.3 49777.4 82.9 10.1 10.9 11.6
45175.5 46923.3 97.1 11.9 9.4 12.0
51724.7 50110.9 85.1 9.2 10.8 11.8
51511.2 53299.0 81.8 9.9 10.9 11.3
52575.8 46102.3 89.3 9.8 10.2 11.8
57476.0 44785.5 105.3 9.1 10.3 13.0
51644.4 50347.9 85.2 10.2 10.9 11.5
54811.2 47848.5 88.0 9.4 10.3 11.8
51827.4 43924.2 95.4 10.9 11.3 11.7
53810.8 48566.2 91.4 9.5 10.1 11.4
52281.9 39804.4 93.5 10.4 10.7 11.9
54096.2 40982.0 88.3 9.5 11.3 12.6
57683.7 47237.0 88.3 9.9 10.3 12.6
55329.6 42334.1 87.9 9.9 10.5 12.4
56469.5 48469.8 83.2 8.6 10.1 11.9
49580.7 46763.2 100.1 12.5 9.2 12.4
56450.3 45885.0 88.8 9.5 11.1 12.7
49735.2 46761.0 102.9 11.8 9.9 12.2
54944.5 44897.4 91.3 9.7 10.3 12.0
49000.5 45103.2 92.3 9.8 11.0 11.4
52837.0 44696.0 94.6 9.7 9.5 11.9
52270.2 48167.4 77.8 9.4 11.3 12.3
56703.2 51412.9 91.7 9.2 9.7 12.3
53191.9 51073.7 93.2 9.7 10.4 12.1
50948.7 43969.5 95.0 12.6 8.3 11.6
51858.0 47159.8 88.5 9.4 10.8 12.0
52532.5 45432.2 92.0 10.9 10.4 11.2
52131.0 44341.0 84.0 10.1 10.1 11.8
57413.6 53109.9 82.6 10.3 10.6 12.1
58350.2 49568.0 90.1 9.9 9.7 12.6
50577.2 49322.4 89.3 9.1 11.5 11.8
51478.0 47196.0 92.2 12.7 8.7 12.6
56282.3 55095.5 91.0 9.2 10.4 11.4
53879.8 52094.1 83.8 9.8 11.0 11.6
57347.0 47898.8 98.5 9.1 9.8 11.8
57342.7 47736.6 102.0 8.8 10.3 12.8
53359.3 41319.1 96.3 10.1 11.0 12.2
56544.6 50998.5 82.3 9.2 11.3 12.2
59080.4 43886.8 101.7 10.9 9.1 13.0
54857.8 46243.2 87.6 9.6 11.0 12.0
54697.0 42580.6 90.4 10.0 10.3 12.1
53867.1 43382.7 88.5 10.0 10.0 11.7
50179.3 50381.2 96.9 12.8 8.4 13.0
53262.0 49051.1 84.1 10.7 10.3 11.7
55834.9 53804.5 99.4 8.9 10.8 12.1
55072.2 51979.2 96.8 9.2 10.4 12.1
58214.1 50132.2 91.7 8.7 10.0 12.1
55801.9 50709.0 87.1 9.0 11.4 12.1
60157.8 45401.5 104.6 10.5 9.4 13.3
55415.4 39449.2 82.0 10.0 11.4 13.2
56248.7 53707.5 82.0 10.6 10.4 12.1
53300.2 49129.2 87.9 9.8 10.0 12.0
52653.5 44917.4 75.2 10.1 11.2 12.0
47586.7 50298.7 104.4 12.3 10.0 11.8
49957.6 45592.6 90.4 10.6 10.6 11.3
53944.0 45615.1 94.7 9.7 10.1 11.6
56509.2 51455.5 96.4 10.3 9.7 11.6
53463.6 41228.6 90.8 9.6 11.1 12.2
52135.2 50431.8 75.3 9.6 11.1 11.4
48107.3 43870.9 101.0 12.5 9.1 11.4
55671.4 49764.4 82.4 9.2 10.7 11.9
53058.6 54024.8 89.8 9.5 10.4 11.9
57409.5 42214.6 98.4 10.4 9.8 12.6
53106.2 49171.8 92.7 10.9 10.1 11.3
57213.7 50849.9 95.1 8.8 9.8 11.6
54914.1 55582.7 85.6 9.3 10.5 11.6
53208.4 45855.7 86.8 9.7 10.5 12.1
52688.2 45311.6 83.4 10.7 10.6 11.5
56866.6 43512.3 94.6 8.9 10.7 12.5
