32090.2 23216.8 73.2 6.2 6.0 6.4
23130.0 28466.8 53.9 5.7 6.6 6.0
30435.0 26687.8 66.6 6.1 6.1 5.7
26813.4 24911.5 58.1 5.3 6.3 6.2
27678.2 25282.5 67.9 6.1 6.1 5.9
30965.1 24431.6 56.7 6.7 5.7 6.1
31379.7 25497.3 66.9 6.1 5.9 5.9
23358.9 30913.4 57.3 6.0 6.5 6.4
34987.1 21728.7 58.0 6.2 5.7 6.2
28134.9 24401.6 60.0 5.8 6.6 6.1
25663.7 23871.3 62.2 6.3 6.1 6.3
29685.7 21168.3 63.5 5.8 6.1 6.5
26207.3 26954.4 54.9 5.2 6.6 6.0
28507.4 29240.5 61.5 5.6 6.2 5.7
29643.5 24941.6 54.8 6.2 5.5 6.2
32720.8 23429.1 55.8 5.8 5.6 6.2
25057.6 25914.1 59.0 6.3 6.5 6.1
24680.7 25233.5 57.3 5.8 6.1 6.4
28388.7 23001.9 74.2 6.1 6.1 6.4
29703.8 24938.4 58.3 6.3 6.2 6.2
28759.1 26128.9 58.0 6.3 6.3 6.0
32620.3 20960.6 63.3 6.8 5.6 6.7
25411.9 26982.9 65.7 5.6 6.0 5.9
33059.5 24281.4 52.9 5.7 5.8 6.1
27437.5 26638.8 56.1 5.8 6.1 6.2
28284.3 23239.6 71.1 6.1 5.8 6.1
32885.5 23188.3 62.4 5.8 6.7 6.5
32114.8 25471.9 52.6 5.7 5.9 6.0
28382.2 25448.3 56.3 5.8 6.0 6.3
30588.2 23751.1 55.0 6.2 5.3 6.4
27256.4 25526.2 58.3 5.2 6.9 6.4
29037.4 26984.4 51.6 6.2 5.8 6.0
31836.4 24616.4 59.1 5.8 6.4 6.0
26712.8 22443.1 65.6 6.3 6.4 6.7
26608.4 22680.8 62.5 6.3 6.0 6.4
31985.8 23454.5 70.1 6.2 5.6 6.1
26002.3 24723.6 59.3 6.3 6.3 6.2
31564.0 23698.2 60.5 5.3 6.4 6.6
25855.0 27597.5 65.8 5.5 6.6 6.1
30853.5 25978.7 54.2 5.3 6.4 6.1
24805.9 29025.7 62.5 5.5 6.3 5.7
24179.1 27038.6 57.2 5.7 6.8 6.4
31459.6 23935.9 57.4 5.3 6.1 6.4
29079.6 23211.1 60.3 5.8 6.4 6.2
29365.2 24086.1 61.2 6.4 6.0 6.3
23736.0 26424.0 57.1 5.8 6.2 6.2
25750.6 27835.2 62.7 5.5 6.2 5.8
30058.1 26007.2 64.9 5.6 5.7 6.0
29908.8 27169.2 53.9 5.3 6.5 6.0
32442.5 22573.6 62.3 5.9 6.1 6.3
29452.1 28050.0 61.7 5.5 6.0 5.8
31571.2 22388.8 59.9 6.8 5.4 6.3
29342.4 29644.3 68.1 5.9 5.8 6.3
24785.1 24995.8 60.4 5.8 6.5 6.6
28741.0 22358.8 63.2 5.9 6.2 6.3
32949.8 25875.7 59.3 6.1 5.5 6.7
30957.9 25741.0 57.3 5.3 6.8 6.4
29184.0 22973.4 63.4 5.8 6.8 6.5
29790.1 20930.6 66.6 5.8 6.5 6.7
26733.5 26472.9 67.6 6.1 6.2 5.8
27339.6 24430.1 70.8 6.1 5.9 6.0
27758.1 23721.0 58.3 5.3 6.2 6.4
33387.2 21383.1 62.5 5.9 6.0 6.4
26356.6 25792.4 65.9 5.6 5.9 6.1
34296.2 21519.5 71.9 6.6 5.4 6.4
27862.5 23483.4 61.5 5.3 6.6 6.7
30162.6 25769.5 68.1 5.6 6.1 6.3
35697.6 19448.2 64.3 6.3 5.7 6.7
35593.2 19685.9 61.2 6.3 5.3 6.4
30692.6 23513.4 58.2 6.2 5.7 6.6
31041.1 24645.0 69.8 6.2 5.8 6.0
30309.9 22895.6 61.5 6.4 5.9 6.4
34648.5 20876.4 61.0 6.3 5.5 6.3
26831.5 28681.6 52.9 5.8 6.4 6.0
30514.9 25126.4 57.1 5.4 6.2 6.2
33665.5 22238.6 56.1 5.7 5.4 6.4
27776.1 27491.1 53.1 5.8 6.3 6.1
34042.4 22919.2 57.8 6.2 5.8 6.1
32781.1 23426.0 59.3 5.8 6.3 6.2
29685.7 21168.3 63.5 5.9 6.1 6.4
24074.6 27276.3 54.1 5.7 6.4 6.1
27152.0 25763.9 55.1 5.2 6.5 6.1
33491.6 21145.4 65.6 5.9 6.4 6.7
29982.1 25793.9 51.8 6.1 5.7 6.1
29113.4 27197.7 64.7 5.6 5.9 5.9
