12.1 14.2 12.7 14.8 15.9 15.1
17.5 12.9 14.8 12.8 13.4 15.8
11.8 14.2 11.7 15.2 14.8 14.7
15.6 13.5 14.8 13.4 13.7 16.4
12.3 14.2 11.7 14.9 16.0 14.4
15.4 11.0 13.5 13.5 14.1 14.6
15.7 11.8 13.3 13.6 12.9 16.3
15.7 13.6 15.0 13.8 14.0 15.5
11.6 14.9 12.6 15.9 15.7 15.6
14.8 13.5 15.3 13.9 13.3 16.4
15.0 11.5 13.4 14.3 14.2 14.2
12.1 13.6 12.6 14.8 16.0 14.8
11.9 13.8 12.6 15.1 15.7 14.3
15.3 12.4 13.2 14.7 13.8 15.7
14.7 14.1 15.6 14.3 13.4 16.8
12.2 14.7 10.8 15.9 15.0 14.4
15.4 14.2 14.3 14.3 13.2 17.8
15.7 12.8 14.0 14.0 13.8 15.8
15.8 11.7 13.7 13.5 13.1 16.2
16.1 11.9 12.6 14.1 13.7 14.5
12.0 14.5 11.7 14.7 15.8 14.7
11.6 13.8 12.8 15.2 15.9 14.8
16.2 11.5 12.2 13.3 12.5 14.5
16.1 13.7 15.1 13.3 13.1 15.8
11.9 14.5 10.9 15.2 14.7 15.0
15.8 13.3 15.1 13.5 13.4 15.5
12.0 14.8 10.8 15.7 14.2 15.2
12.3 13.9 11.5 15.3 15.6 14.3
11.7 14.5 12.8 16.3 15.5 15.3
14.7 10.9 12.7 13.8 14.3 14.0
15.6 13.2 14.9 13.2 13.1 16.5
12.0 14.2 11.7 15.5 15.6 14.0
15.5 13.8 14.7 13.1 13.9 16.6
17.4 12.9 14.5 12.9 13.2 15.9
15.8 11.2 12.7 13.9 13.1 14.3
11.5 14.6 13.4 16.0 15.8 15.3
12.0 14.1 11.5 15.1 15.4 14.6
15.7 13.7 15.0 13.2 13.6 15.7
15.6 12.5 14.5 13.1 13.0 16.8
14.5 11.9 13.4 13.8 14.2 14.6
12.3 14.6 10.8 15.9 14.4 14.8
16.1 11.9 14.3 13.5 13.2 14.7
11.7 14.1 12.1 15.2 15.9 15.1
15.7 13.3 15.1 13.6 13.4 15.5
15.4 12.4 13.6 14.2 14.0 15.6
11.9 13.9 12.2 15.1 15.5 14.3
14.2 11.5 14.1 13.3 14.1 14.3
14.8 13.6 14.8 13.4 12.9 15.9
15.4 11.7 14.2 14.9 14.8 13.5
15.7 12.8 13.6 14.0 13.6 15.9
12.1 14.0 11.5 15.1 14.8 15.0
