95233.9 97219.9 191.7 21.3 22.0 23.9
94469.9 96148.5 187.7 21.7 20.9 24.6
90549.4 100797.5 194.1 20.5 22.0 24.1
88939.8 101940.2 184.7 21.0 22.9 24.5
101027.1 90988.7 201.0 20.5 23.9 24.1
92125.7 102608.1 183.3 20.6 22.1 24.0
88135.7 98956.9 196.8 20.5 21.3 24.2
90797.5 94508.3 193.2 21.7 21.1 24.3
92322.6 109204.6 183.6 19.7 22.0 24.3
85089.9 111975.3 173.3 19.3 23.3 24.7
85594.8 103364.9 202.1 20.8 21.4 24.4
88629.9 98843.7 194.4 20.0 22.1 24.1
91397.5 102317.0 190.7 18.8 24.1 23.0
94014.6 109455.2 181.8 19.8 21.9 24.0
87468.8 107843.2 199.4 20.4 20.9 24.3
80616.4 100883.8 202.1 21.8 20.9 23.8
87570.6 102640.8 188.0 21.9 20.8 23.9
87622.4 108760.0 201.4 19.8 21.5 24.2
84417.1 109041.0 196.4 20.8 21.6 24.1
90706.4 101199.2 189.8 20.5 21.5 23.8
96324.3 101293.4 189.1 20.9 23.2 23.3
93462.2 101550.7 192.6 20.2 22.0 24.1
92936.3 92860.5 186.8 21.3 21.6 24.2
94144.4 101863.1 184.9 20.7 22.1 24.9
88557.9 96581.3 199.8 20.0 22.8 23.8
87010.2 108060.7 191.9 20.7 21.4 24.2
83529.2 101636.9 200.7 21.5 20.9 23.8
79389.9 104699.8 191.5 22.5 21.2 24.0
91030.1 99700.8 186.2 21.3 21.6 24.7
91383.0 100822.4 186.2 20.6 23.0 24.4
89487.4 106084.0 194.1 19.9 21.4 23.6
96745.7 95000.1 185.6 22.1 24.3 25.0
84555.4 92892.9 190.1 20.7 22.2 24.5
93222.4 100406.8 191.4 21.4 20.3 24.3
95114.5 90519.8 189.7 22.7 24.2 23.9
92946.8 97823.2 200.0 20.6 21.9 24.1
91079.2 105004.4 182.8 22.6 24.4 24.9
84343.8 99802.0 191.3 20.9 22.6 23.6
105210.1 95984.1 185.4 21.3 22.9 24.8
95143.0 94338.3 198.1 20.2 23.0 23.4
88310.4 100129.6 196.0 21.6 20.4 24.5
96578.5 94357.3 192.2 22.0 21.6 23.5
84054.3 100497.2 200.8 20.9 21.3 24.0
86632.6 97990.9 187.4 21.8 22.9 24.3
94714.2 101255.7 196.7 21.0 22.4 23.2
91557.0 95395.4 189.1 22.0 20.9 24.6
87081.8 104093.4 202.1 19.2 21.8 23.3
91667.7 103881.0 193.4 20.7 21.1 24.0
81208.2 98980.8 202.1 21.0 21.0 24.2
94384.3 95207.8 189.1 21.7 23.7 24.0
96808.5 90290.4 184.6 22.3 23.2 23.8
91041.9 99374.8 197.2 20.2 21.3 24.0
93069.2 98982.9 185.3 21.8 21.0 24.8
92697.2 100960.0 189.9 20.6 22.7 23.8
83485.5 98565.3 197.9 22.0 20.6 23.7
78214.8 106788.9 190.5 21.9 20.6 23.9
90513.0 107874.0 197.0 20.1 21.3 23.9
100887.8 97440.4 187.0 21.0 21.0 23.8
89081.1 106056.4 181.5 20.5 21.6 23.6
93861.1 108538.3 179.8 20.4 21.3 24.2
89503.6 99702.6 193.9 20.9 22.8 23.6
84136.2 97188.9 195.9 22.0 21.1 24.5
86892.8 97110.7 189.6 21.3 20.9 24.2
86914.9 101428.0 192.8 19.9 21.8 23.5
86612.2 102222.4 205.0 19.1 21.9 23.2
83765.3 101869.5 204.7 20.6 21.9 23.8
86141.4 96818.3 199.7 20.8 22.2 24.2
91366.0 93953.6 191.0 22.6 24.2 24.1
95815.3 101257.6 190.0 20.1 23.4 24.0
86529.8 100769.2 188.4 20.3 22.4 24.1
96166.0 96767.5 206.0 20.5 21.4 24.2
88282.5 99538.5 200.5 19.9 21.9 23.8
96478.5 101024.7 187.6 20.5 21.6 24.1
99537.0 92989.0 189.5 21.7 22.2 23.5
95080.3 96303.0 189.8 22.0 21.4 24.1
84465.7 108378.5 172.8 19.9 22.6 23.8
81805.4 100623.1 201.4 20.6 21.9 24.0
100658.6 100046.9 181.7 21.5 23.6 24.1
93512.4 100313.1 179.5 21.7 24.0 24.7
88921.8 102516.4 188.1 20.0 22.1 24.0
88069.8 108991.9 195.6 20.5 21.3 24.0
101424.9 102631.7 173.7 21.1 23.8 26.0
87193.8 107317.5 206.2 20.2 21.5 24.0
88768.3 101599.5 186.2 20.6 21.5 24.1
80627.7 106299.2 195.7 20.6 22.1 23.7
92167.4 95549.9 191.2 22.3 21.4 24.1
89923.1 108813.8 190.5 20.4 21.4 24.2
91601.4 104448.5 197.8 20.7 21.2 23.4
85972.6 103045.0 187.1 22.0 20.6 24.0
88498.4 100548.6 201.7 20.3 21.1 24.2
83175.1 104827.7 191.0 20.0 21.7 23.3
85834.0 97249.3 191.4 21.2 21.1 23.9
87062.0 103974.3 192.4 21.8 20.4 24.1
95245.3 96956.5 188.3 20.8 21.3 24.4
100462.4 104055.6 182.7 21.7 23.8 23.6
82859.6 104356.8 192.7 21.3 22.1 23.6
93569.3 96968.4 202.6 21.5 20.7 24.5
93104.8 97229.3 190.3 20.1 22.3 23.6
97549.5 103302.4 184.1 22.0 23.9 23.6
94640.9 98946.4 187.4 21.4 21.5 24.0
98425.2 103540.2 177.9 21.8 25.7 24.9
87916.2 108075.0 193.7 21.1 20.6 24.2
88277.3 96131.4 192.9 20.8 21.2 23.7
79489.3 100796.6 189.3 21.1 21.6 23.9
89953.1 107153.8 202.9 20.6 20.9 24.1
95921.6 93583.7 202.2 21.5 21.0 24.5
91244.0 101400.1 188.8 19.4 23.5 23.2
83015.1 100974.3 188.4 20.9 21.4 23.7
94867.7 102172.6 198.7 20.4 23.0 23.0
85119.1 97975.7 185.2 21.3 23.8 24.1
95403.3 96446.4 191.3 21.4 21.0 23.4
85476.3 107401.1 181.4 19.6 22.8 24.5
87150.8 94470.0 194.3 21.0 21.6 23.3
84168.9 103340.3 203.5 19.5 21.9 23.3
86804.5 103716.1 189.2 21.1 20.9 24.1
93211.5 104486.1 190.1 20.6 22.0 23.5
90360.6 98788.7 203.7 19.2 21.9 23.0
86874.6 105221.8 189.7 20.7 24.1 22.8
94888.4 95478.7 190.3 22.3 23.0 23.9
91101.8 108702.0 183.2 20.1 21.9 24.0
86866.3 108120.9 188.0 21.6 21.3 24.0
95661.7 100340.7 188.1 20.7 22.8 24.2
90277.3 107872.1 180.1 20.4 22.9 23.5
91231.6 101109.9 186.3 21.0 22.1 24.9
95390.0 96705.3 201.4 20.2 22.0 23.9
91398.6 109935.2 191.9 20.8 21.2 24.5
86958.0 104633.0 191.1 20.5 21.6 24.0
90327.9 92637.3 196.0 21.6 21.2 24.1
95617.8 108028.9 183.2 21.4 22.9 23.2
88338.2 104621.4 188.9 20.4 23.4 23.4
84187.0 101352.4 187.5 20.6 22.2 24.2
88129.9 105011.1 190.1 20.1 22.3 24.4
97557.7 89402.0 191.1 22.3 24.2 23.7
94963.7 112324.9 183.4 19.9 21.3 24.0
89505.2 102856.5 193.8 21.4 20.4 23.9
99188.4 99519.7 194.9 20.7 21.9 24.6
87040.2 106400.6 204.3 20.9 20.9 24.1
86890.0 103090.8 191.8 20.5 23.1 23.4
91259.5 94751.8 190.0 21.3 24.7 24.6
89870.9 105386.1 189.7 20.2 21.5 24.0
98168.1 98241.7 180.9 21.7 24.4 24.8
95788.6 96422.7 190.8 21.7 22.2 23.7
94035.2 102142.6 186.1 20.9 21.5 24.2
92473.1 109107.7 180.3 20.3 21.5 24.5
82964.9 99567.8 195.6 21.0 21.5 23.9
84014.6 99624.6 192.4 20.7 23.0 23.9
87924.6 105175.9 195.4 20.2 23.4 23.0
86114.6 97699.2 198.4 20.4 22.8 24.0
93939.3 92609.0 188.7 22.1 23.6 23.9
90718.6 101011.2 191.8 20.6 21.7 24.0
88108.9 99837.8 195.4 20.1 21.9 24.0
91074.7 94919.3 199.8 20.8 21.4 23.9
88983.6 106921.1 186.9 20.5 22.5 23.9
89791.4 100776.5 187.9 22.8 22.2 23.3
88154.7 105574.9 190.9 19.8 21.9 24.0
93674.8 99992.0 187.8 20.6 22.2 24.7
85611.0 100996.9 188.4 20.6 22.9 24.1
92884.1 99777.7 193.5 19.4 23.8 23.2
93465.8 101035.5 186.5 20.8 20.9 23.9
90465.9 100699.4 188.8 22.2 23.0 23.2
92699.8 95456.2 196.7 20.6 22.9 23.6
83507.1 103373.6 203.6 20.3 22.2 23.7
94794.4 99863.2 189.3 20.8 22.1 23.8
90959.4 112134.7 179.4 20.6 22.0 23.9
85268.7 99965.7 196.3 20.0 21.8 23.6
91728.0 98193.2 188.8 21.7 21.5 24.0
89054.3 97571.5 198.3 20.5 22.1 24.2
86088.0 105580.8 189.6 19.7 21.6 23.3
91815.2 106509.5 184.9 19.8 23.7 25.3
85886.5 102147.3 196.4 21.4 21.2 22.5
85510.9 103335.4 198.1 20.1 22.7 23.1
85895.6 100551.8 208.2 20.2 20.8 24.4
80852.4 101116.4 206.1 20.9 21.9 23.8
99782.6 100009.5 184.8 22.5 22.7 23.9
88181.5 100718.9 194.9 19.7 21.8 23.6
101410.5 99202.3 179.0 22.4 24.7 25.5
101184.0 105645.5 181.8 21.6 24.6 23.7
92367.3 98107.0 203.7 20.6 21.7 24.1
98834.5 94336.9 200.8 21.2 21.0 24.5
88054.2 99879.0 189.9 20.3 23.0 23.9
86457.0 98730.3 190.4 21.0 23.9 24.4
90237.8 102213.2 187.2 20.1 22.3 23.6
95638.3 105374.6 176.8 20.5 22.6 25.4
90552.9 100282.3 187.9 21.1 20.9 23.9
84709.5 99334.6 191.0 19.8 22.1 23.7
99072.9 101079.0 187.2 21.3 23.4 23.4
92116.8 97341.6 204.0 20.5 21.7 24.0
95559.2 97077.9 192.9 21.5 20.7 24.7
91972.1 101691.2 181.4 21.2 21.5 24.1
88184.7 103704.5 187.0 21.0 22.8 23.6
100567.0 92465.8 199.0 20.8 23.5 24.0
85625.5 102461.1 193.9 20.1 22.0 23.6
88463.9 101046.4 197.9 21.0 21.0 24.3
92868.3 103678.6 194.6 20.7 21.6 23.7
98271.1 104892.4 183.2 21.9 24.6 23.7
96826.7 106017.3 171.3 21.7 24.6 26.1
81564.2 101991.2 189.5 20.6 22.6 23.6
85457.5 100080.0 186.5 21.3 22.3 24.2
86856.7 107143.8 189.9 21.4 20.8 24.4
81705.7 101813.2 207.3 21.6 20.7 23.9
89058.0 102707.5 197.0 20.2 21.3 24.0
82811.3 98650.9 193.6 21.6 20.9 24.1
100925.6 103719.1 172.4 21.4 24.6 25.9
97982.7 93868.0 187.5 21.0 24.0 23.7
96170.8 100376.5 187.1 21.5 22.6 23.5
90757.6 102358.8 190.6 21.5 23.8 23.0
87954.0 109724.8 181.8 20.7 21.9 24.5
88963.0 103855.5 199.3 19.8 21.6 24.1
88904.5 101790.7 195.1 20.8 20.7 24.2
94155.9 96027.1 183.1 21.0 21.5 24.2
88052.0 96320.9 202.0 21.3 21.1 24.1
88980.9 111533.0 183.8 20.3 21.8 24.5
94580.3 100597.0 195.5 20.1 22.7 23.4
103838.5 104472.3 171.0 21.1 24.5 25.9
99405.8 99209.4 185.3 20.8 22.7 24.4
87884.7 93755.2 194.6 22.0 21.1 24.3
90951.4 102607.5 184.1 21.4 24.3 24.3
88538.3 103214.2 192.5 19.8 22.0 23.6
84340.5 102269.3 189.4 19.9 22.8 24.0
89116.5 104772.4 201.2 19.2 22.2 24.0
98718.8 97648.7 197.7 20.6 22.0 24.4
88002.8 112728.4 171.8 19.0 23.2 24.7
90368.3 105841.4 187.9 20.5 21.5 24.5
87529.8 99090.7 198.8 19.8 22.5 23.3
86786.2 98907.8 189.3 21.2 23.5 24.1
95240.3 97572.5 182.2 21.9 23.7 24.7
89453.5 106942.8 193.3 20.4 21.5 24.0
94916.3 107989.9 181.8 19.9 21.5 24.4
86673.3 105890.3 199.8 19.6 22.1 24.2
88129.0 98621.6 198.6 20.5 21.3 24.0
92054.1 98362.0 189.8 20.8 22.7 24.6
91428.8 110561.9 176.9 20.8 23.1 23.3
92817.0 107846.7 180.4 21.8 23.8 24.9
81495.6 100556.4 205.3 21.3 21.4 23.9
93561.1 103780.9 180.4 21.9 24.1 24.3
86168.2 105303.3 183.0 20.8 21.6 23.6
89401.2 103515.1 192.5 20.1 21.6 23.8
90192.0 96476.1 191.8 20.4 22.3 23.6
90509.1 100694.8 187.3 21.4 21.4 24.6
91542.7 99596.9 192.9 19.7 22.1 24.1
90065.6 107642.2 202.8 19.4 21.6 24.0
105312.8 94782.0 183.4 21.5 23.1 24.9
90391.3 103130.1 189.1 19.5 22.9 23.5
84936.4 111058.4 171.3 19.9 22.6 24.8
86967.2 105205.2 192.1 20.9 21.2 24.2
85223.5 101759.8 194.9 19.8 22.3 23.4
91815.2 105987.8 185.1 21.2 22.7 23.2
90013.9 101523.0 189.4 21.5 20.9 23.8
88885.5 103798.1 185.7 21.7 20.6 24.0
95255.2 97488.6 182.3 22.0 24.4 24.8
