47527.7 43973.2 96.5 12.1 11.5 11.9
52176.0 41575.5 98.6 10.3 10.4 14.1
47869.7 47865.8 81.7 11.0 10.5 11.9
50673.2 45425.2 112.6 11.2 11.0 12.0
42180.0 45441.1 99.5 11.6 11.0 12.1
51197.3 44968.6 120.2 10.0 8.4 12.2
43741.7 50816.0 118.9 10.3 9.1 11.8
51211.4 38564.9 103.9 11.9 10.2 12.3
48213.9 46253.0 98.4 11.3 11.5 11.8
51671.3 46883.2 120.5 8.9 8.8 12.0
42089.1 48223.9 90.9 11.7 9.9 12.4
50757.5 54415.0 105.2 9.7 9.3 11.9
45650.4 49845.9 86.5 11.1 10.8 12.0
47697.1 43601.1 129.0 10.1 8.9 12.1
47559.6 52363.0 83.3 10.3 10.8 11.9
48835.3 49166.6 77.1 10.4 10.2 12.4
46296.2 49464.6 116.6 9.4 9.4 11.8
53844.3 47704.7 88.7 10.7 10.2 14.5
48601.7 48449.7 96.9 11.1 11.1 11.7
43485.2 51151.3 89.9 11.3 10.0 12.3
46580.2 48607.6 128.9 9.5 8.5 12.4
55220.6 50755.6 116.0 9.4 8.9 12.3
45873.4 43863.1 101.5 12.4 10.8 11.6
55442.7 43971.8 101.6 11.9 10.3 12.8
45563.3 48360.3 103.0 11.7 11.1 11.5
49477.0 47696.0 96.7 11.0 10.2 12.6
53413.1 47136.5 83.2 11.2 11.0 13.2
44145.6 53324.7 96.9 12.0 9.3 12.7
55240.5 50632.1 87.7 10.3 10.3 14.3
40155.8 54144.5 76.9 11.1 10.2 12.0
46697.3 41944.3 100.1 12.4 10.4 12.2
45876.7 48571.9 98.5 11.6 10.0 12.0
42612.0 49756.4 92.6 11.7 10.8 11.8
44368.0 51691.0 83.7 10.9 10.1 12.1
48911.8 43952.5 95.4 11.8 10.8 11.7
44480.5 45644.5 99.5 12.0 9.9 12.1
49137.6 41486.0 104.7 10.8 10.4 13.9
45796.4 41969.0 97.0 11.3 11.0 12.1
44608.3 53759.1 72.9 10.3 10.5 12.2
44431.2 49955.2 125.5 9.5 8.7 12.2
51937.5 51347.0 87.0 10.2 10.1 13.0
42071.1 51626.2 87.8 11.5 9.8 12.2
53773.9 45033.6 92.6 10.9 11.1 13.4
46937.7 44586.7 92.8 11.9 10.6 12.1
51408.8 51195.6 93.8 10.8 10.0 12.9
51256.5 48028.2 126.0 9.9 8.2 11.9
45218.4 45530.5 93.4 11.0 11.0 12.3
44488.4 52498.1 79.5 10.1 11.3 12.0
56554.7 39168.1 95.9 11.3 10.7 12.0
43945.7 45159.4 103.9 11.8 10.1 12.7
48634.8 47355.7 87.5 11.1 12.2 13.2
48991.3 44964.4 105.4 11.8 10.4 12.2
44253.3 51337.9 84.2 11.3 10.5 12.0
52515.4 47785.4 90.6 10.5 10.2 12.8
54264.4 46704.3 120.3 9.5 9.1 11.8
47450.6 42079.1 92.0 11.0 11.7 12.4
47595.1 42037.0 106.4 12.2 10.2 12.4
44757.6 45807.3 87.7 11.7 10.8 12.3
44979.0 48479.1 92.2 11.8 10.2 11.7
49868.5 43725.9 123.2 9.5 8.3 12.1
42758.0 41879.6 103.1 11.9 11.0 11.9
43288.3 50788.6 122.3 9.8 8.6 11.9
48333.8 47514.1 91.8 11.5 10.7 11.9
44630.8 51630.7 90.1 11.4 10.5 11.9
43632.7 45963.2 89.8 11.4 9.6 12.7
51800.2 46171.0 88.0 10.3 10.5 12.8
52607.6 41492.3 102.9 11.5 10.4 12.1
42879.8 50692.1 97.8 11.3 11.1 11.6
45127.5 48313.3 84.8 11.1 9.8 12.6
40480.0 44546.5 91.6 12.2 9.5 12.3
56882.7 47794.1 82.6 10.2 10.1 14.6
50748.7 44472.8 125.3 10.0 8.4 11.8
45654.0 48104.2 79.9 10.5 10.2 12.5
46228.3 46284.3 90.1 11.4 10.8 11.7
45175.5 46163.6 104.5 11.9 11.5 11.6
42780.6 47233.1 121.6 9.9 8.8 11.8
41137.9 49354.3 85.8 10.8 10.7 12.3
51110.1 35104.6 108.6 12.2 10.9 12.5
50151.5 45239.9 127.8 9.4 8.4 12.0
44176.3 49443.8 79.8 10.2 10.7 12.5
50566.1 44062.6 90.4 11.5 11.4 12.0
47628.1 47470.0 82.5 10.4 10.3 12.0
48100.0 50250.9 121.6 9.0 8.9 12.4
40675.0 48698.8 88.8 11.9 9.6 12.4
50304.1 54387.6 108.6 9.1 8.8 12.0
45877.6 51902.2 76.0 10.9 10.2 12.1
52746.4 45632.4 91.2 10.9 10.6 13.5
54772.1 50259.7 121.0 9.4 8.9 11.9
49796.4 50832.1 107.8 9.2 8.9 11.9
45530.5 48584.8 93.2 10.9 11.5 11.8
49009.2 41562.1 108.5 12.0 10.5 12.4
48204.8 47156.6 129.8 10.1 8.8 12.2
51968.3 44510.7 93.0 10.1 10.3 14.0
47050.2 51031.6 79.0 10.1 10.3 12.3
45295.4 47424.6 97.9 12.1 10.8 11.8
49254.0 53678.8 81.8 9.8 10.2 13.0
54712.9 47200.1 115.3 9.5 9.1 12.2
47291.7 51427.3 78.1 10.7 10.5 12.1
46216.4 45667.5 129.4 10.7 8.8 12.2
59424.5 51200.9 81.9 9.9 10.8 14.1
52119.6 44923.5 97.5 11.2 10.4 13.1
49533.4 45496.3 106.3 10.5 10.7 12.3
42644.2 47660.5 84.9 11.8 10.1 11.8
55674.0 50783.0 112.7 10.0 9.4 12.2
44412.2 41989.7 98.1 11.6 11.7 12.2
46297.2 47093.6 124.2 9.6 8.5 12.5
