25910.7 22131.2 32.9 4.5 4.9 6.8
31329.5 29662.3 55.0 4.7 5.0 5.9
31035.6 30456.4 46.8 4.3 5.1 5.6
29635.7 26209.2 44.2 6.3 6.5 5.4
21522.9 24640.0 31.5 4.8 4.2 5.9
30399.6 30913.7 49.4 4.6 4.8 5.7
33477.7 32106.2 44.7 4.5 4.7 6.1
24358.8 25099.5 28.8 4.6 4.0 6.0
29592.1 31399.2 41.8 4.4 4.9 5.8
30310.2 29740.2 49.3 4.5 4.9 6.2
30131.4 30455.6 52.8 4.1 4.8 6.1
34921.3 31163.4 49.7 4.4 4.9 6.0
27985.6 24168.9 41.9 6.3 6.1 5.6
25973.2 24421.8 25.5 5.0 4.2 6.2
30111.4 31157.4 45.8 4.3 4.9 6.1
32553.5 32807.3 43.7 4.5 4.6 6.6
33997.1 31864.5 48.7 4.4 4.8 6.5
30537.5 28661.6 45.7 5.6 6.9 5.5
28887.4 26621.3 43.5 5.6 6.4 5.7
29479.3 31834.5 52.3 4.5 5.4 6.3
