98413.1 101132.2 221.0 17.1 18.7 24.2
94086.0 101701.0 188.5 19.4 20.9 20.4
86064.1 96826.2 200.2 18.1 20.7 20.7
104216.6 85510.0 211.2 18.1 17.2 25.3
90782.2 96467.3 186.0 19.3 20.6 20.5
102948.3 96427.7 211.1 17.3 18.4 24.5
87909.5 98128.8 186.9 18.1 20.7 20.9
85514.6 95935.0 184.0 19.0 20.1 21.1
101855.2 94953.1 212.2 17.8 17.8 25.2
98065.9 97231.6 198.1 16.5 18.8 26.5
103612.8 88647.3 226.2 18.5 17.0 24.8
96945.6 98271.6 199.2 16.8 18.2 26.1
101972.5 88724.0 204.4 17.8 18.4 25.3
100526.1 88140.7 220.0 17.4 17.6 27.2
98150.8 91007.3 210.3 18.2 18.0 25.2
103396.7 99043.9 192.9 18.0 16.8 25.3
100102.6 97173.9 192.8 17.3 18.4 26.4
103889.4 88706.5 198.6 17.9 16.8 24.7
96101.2 89523.7 169.8 19.4 18.1 21.5
98102.9 92586.9 212.7 17.5 18.0 25.5
95986.6 86742.4 200.9 18.2 17.5 25.3
100571.1 94038.7 187.4 17.4 17.5 26.0
101663.6 89101.5 224.8 18.3 17.6 25.1
85781.8 98215.0 190.2 17.9 20.5 20.9
97871.3 95674.7 199.2 17.3 18.7 26.0
99108.3 89874.4 222.4 17.4 18.6 24.9
100711.6 91243.6 222.8 17.8 17.2 25.2
100548.9 95096.8 203.7 17.8 16.4 25.6
100176.7 92239.4 214.3 17.2 18.7 25.7
101269.7 88280.4 224.6 17.8 17.0 25.4
101381.8 94063.2 207.8 18.0 17.9 25.2
102419.6 95452.2 221.2 17.6 18.1 25.0
98614.6 92665.0 220.5 17.3 16.9 25.2
102072.4 97773.1 185.6 17.7 17.7 26.7
99931.0 92499.5 214.1 17.4 19.0 25.1
95951.1 88575.0 191.3 18.3 17.7 25.3
92172.8 82362.1 166.3 18.5 18.2 20.7
98198.4 95634.5 208.7 17.8 17.9 25.4
102198.2 95515.0 210.7 18.2 17.2 24.8
100566.7 90708.3 217.6 18.2 17.7 24.5
100242.0 94733.2 233.9 18.5 16.4 24.5
100529.1 89477.5 203.1 17.8 17.7 25.5
101104.6 91105.5 213.7 18.3 17.7 25.1
99373.9 92401.1 211.6 17.1 18.4 25.9
102000.0 86181.5 208.2 18.0 17.8 26.1
90518.0 88182.2 172.2 18.4 18.6 21.4
105765.6 85586.1 211.6 17.9 17.4 25.0
99304.6 94729.7 206.1 17.6 17.7 25.5
100311.0 94355.7 198.4 17.0 17.9 26.0
107738.6 84563.7 217.4 18.6 17.2 25.5
101982.5 96882.3 204.7 17.8 17.3 24.9
103051.1 99793.1 209.3 18.3 17.0 25.0
98946.0 100145.6 188.5 17.3 17.7 26.1
106422.8 96512.3 197.3 19.1 17.8 24.7
101812.5 91578.8 228.5 17.9 17.7 24.4
88249.7 97237.5 191.1 18.6 20.3 20.7
91923.7 98789.9 189.6 19.7 21.1 20.1
100072.3 93698.4 208.8 16.9 18.8 25.7
102943.0 92747.2 216.9 18.8 16.3 24.9
99120.7 96284.7 196.8 16.8 18.0 25.6
102675.9 92790.3 222.8 18.8 16.2 26.2
97203.6 97510.0 206.8 16.8 17.8 25.7
97978.9 94456.2 217.0 16.5 18.2 25.8
98661.0 89623.7 214.6 17.6 17.8 25.7
102116.7 95942.1 205.0 17.8 17.0 25.2
97397.9 91951.3 200.7 17.4 18.6 25.6
102190.0 99629.4 219.5 17.3 18.0 23.4
103437.8 89782.6 208.0 17.1 18.5 25.6
95878.7 95511.9 207.8 17.6 17.9 26.0
99437.3 95290.1 212.2 17.2 17.3 25.4
102980.5 102242.5 212.2 18.2 17.1 24.6
103937.5 90830.0 197.4 18.3 16.9 25.7
105376.8 95984.3 198.0 18.6 17.1 24.9
103629.4 100614.4 211.6 18.3 15.9 25.2
98566.5 95296.3 206.0 17.3 17.0 25.5
102116.6 92910.8 205.1 17.8 18.7 25.2
96292.0 94810.8 201.3 17.6 19.3 26.2
102858.0 96622.8 200.5 18.0 17.8 25.2
99113.2 97014.5 195.3 16.7 17.7 26.0
102951.9 90670.9 195.0 18.0 16.6 26.1
97951.0 95559.0 209.0 16.7 18.7 25.5
103415.5 93986.4 191.1 17.8 16.9 25.3
99354.2 92495.5 204.2 17.8 17.6 25.4
103110.7 95568.9 209.0 17.7 17.5 25.0
99514.8 95802.0 204.5 17.9 17.2 25.1
99299.6 96799.8 210.2 17.1 18.0 24.5
100851.2 89425.9 212.0 17.9 17.4 25.4
106638.4 84573.0 216.9 18.4 17.7 25.1
96122.8 95646.4 207.5 16.9 17.7 25.9
90415.4 99100.6 192.8 18.7 20.4 20.5
98514.5 91096.2 197.2 17.1 18.7 25.9
100349.0 98648.6 218.1 16.6 19.0 24.3
102653.1 93458.0 210.9 17.4 18.5 25.0
99757.7 88328.6 217.6 17.5 18.3 25.5
88965.3 96643.6 189.3 18.1 20.4 20.7
100960.7 92946.7 219.2 18.3 16.9 24.8
100982.0 90071.7 202.2 17.6 17.3 25.8
98696.5 87791.0 224.1 17.5 17.5 25.7
103107.9 84403.2 222.6 18.2 18.0 25.4
85119.9 96265.6 196.5 17.4 20.3 21.1
103677.8 91594.9 214.2 18.6 17.1 24.9
100594.6 89605.4 225.6 18.0 17.2 24.9
100293.0 90967.9 198.4 17.1 16.8 25.4
90226.3 95215.0 178.5 19.5 20.7 21.8
100819.8 94778.7 211.0 16.7 18.0 25.5
99948.8 95055.4 209.8 16.9 17.5 26.1
96158.3 93813.8 217.1 16.8 17.5 25.8
99757.2 92117.9 194.3 17.8 17.5 25.8
102222.0 92319.9 205.4 18.3 18.0 25.2
99762.2 96727.4 209.7 16.7 18.0 25.6
90512.0 94723.3 182.3 19.3 20.9 22.0
99961.8 99831.3 191.6 17.7 18.1 26.0
101879.0 96272.5 212.9 18.4 17.6 24.8
104737.0 93806.1 194.6 17.9 16.6 25.7
95908.3 94640.1 210.7 17.6 18.4 25.5
100581.3 90380.0 199.8 17.6 18.5 25.4
102092.4 90905.6 216.4 17.8 17.4 25.6
85190.4 94389.2 198.6 17.8 20.3 22.1
87313.1 93947.3 204.3 17.7 20.6 22.0
103132.3 91927.5 216.6 18.4 16.8 24.7
103613.5 99012.0 212.3 17.5 15.9 25.5
102575.1 89194.6 213.1 17.7 17.0 26.1
99062.1 93940.6 206.9 17.8 17.8 25.8
97807.9 90495.0 182.2 18.1 17.4 26.0
98340.2 93964.5 210.6 17.9 18.0 25.3
99367.7 92550.5 193.5 17.8 17.9 25.9
100926.1 97086.0 193.7 18.0 18.0 25.7
102774.9 86652.7 220.4 17.2 17.9 25.8
98913.0 97182.1 207.8 16.8 17.8 26.2
101450.3 91730.1 185.7 18.0 16.7 25.7
98981.5 98313.0 198.1 17.2 17.5 26.0
97087.1 92901.1 209.6 17.2 17.6 25.6
98554.9 91737.3 208.5 17.8 17.9 25.5
103520.8 96617.5 222.7 16.9 18.2 24.2
101242.4 87807.1 222.1 17.3 17.6 25.8
87558.8 98262.0 197.3 17.8 20.2 21.8
91806.0 84995.4 173.0 18.0 18.1 20.7
95845.7 89166.0 191.0 17.8 18.4 25.3
106458.3 94679.7 206.9 19.1 17.6 24.6
91565.0 97058.3 182.3 18.9 21.2 20.4
103175.4 89365.0 227.7 18.4 16.9 24.2
99959.0 91396.7 222.2 17.2 18.5 25.4
97742.6 98657.4 194.6 17.8 18.1 25.9
97080.7 90917.5 186.5 18.4 16.9 25.6
85800.3 95443.4 187.7 18.8 20.3 21.2
99516.9 92226.0 207.4 18.0 17.3 25.5
95008.5 94148.3 217.3 16.8 18.1 25.5
100172.1 94137.8 209.5 17.1 18.2 25.5
87904.4 103126.0 200.3 19.0 19.8 20.7
98429.2 91767.3 217.3 17.9 18.4 25.0
96910.9 89399.3 171.7 19.4 18.1 22.0
96333.4 93797.4 208.3 17.7 17.4 25.7
100107.9 91865.7 218.4 16.8 18.6 25.6
101174.5 93928.9 195.1 17.3 17.6 25.5
94452.9 99067.7 181.7 19.9 21.1 20.4
98508.1 98704.5 216.0 17.5 18.2 24.9
102551.1 90979.2 192.6 18.1 17.8 25.7
98646.7 92823.7 215.9 17.4 17.9 25.5
103494.4 92784.4 197.5 17.2 17.8 25.8
105587.5 88404.0 204.6 18.5 17.7 25.1
100581.6 92795.6 210.9 17.0 17.6 25.4
103109.8 93087.3 187.2 17.7 18.1 25.9
103475.6 86633.7 215.2 17.2 17.9 25.0
98988.2 95276.4 215.6 17.8 16.9 24.7
101296.7 91734.8 231.5 17.7 17.4 25.1
99971.1 92440.7 201.2 17.8 18.0 25.3
99341.8 92242.5 216.2 17.0 17.4 25.6
101563.8 91718.7 207.8 18.0 17.6 25.3
96477.1 94764.3 220.7 17.6 17.7 25.2
103688.7 89374.8 202.5 17.1 17.5 25.0
102786.9 92759.8 210.4 18.3 16.7 25.2
89014.6 102264.6 201.2 19.2 19.9 20.6
104397.1 91891.1 197.3 18.7 16.7 25.0
99244.1 91596.1 206.9 17.8 17.6 25.9
95953.7 93105.8 213.7 17.2 16.9 25.6
96253.9 96861.4 213.1 17.0 17.4 25.6
96380.9 94884.9 215.0 16.9 17.3 25.4
99306.3 94075.1 206.6 17.1 17.6 25.7
99345.1 94120.9 213.1 17.2 18.3 25.3
100864.0 93884.9 217.6 17.4 18.4 25.3
103086.6 97960.4 218.9 18.2 16.7 24.9
102671.7 90159.3 205.8 17.3 17.3 25.6
101293.9 90285.7 213.3 17.9 18.2 25.0
99097.6 92108.0 216.4 17.7 17.6 25.7
101643.6 98412.8 219.5 17.0 16.6 25.2
102427.3 91291.9 204.6 18.3 17.4 24.7
100484.4 91695.4 190.0 17.5 18.0 26.2
99550.8 91022.5 214.5 17.8 17.3 24.6
102382.5 93509.8 191.5 18.0 17.6 25.4
102974.7 95954.0 216.6 17.0 18.0 24.0
99457.9 98156.7 203.5 18.5 17.8 25.1
101092.3 89295.4 207.9 17.6 17.9 25.8
100206.5 96565.8 224.3 18.6 16.6 24.6
99219.2 92617.8 221.5 17.4 17.9 25.2
99432.3 95358.9 208.8 17.3 17.5 25.3
101284.6 91670.2 211.2 18.2 18.0 25.1
99263.5 94383.0 197.5 17.5 17.1 26.0
100063.4 89937.6 227.7 17.4 18.4 25.5
88728.9 102756.2 197.5 19.4 19.7 20.5
87855.1 97505.1 188.4 18.0 20.3 20.8
86118.5 97449.8 198.7 18.3 21.1 20.8
97843.4 88662.3 191.8 18.0 17.2 26.0
100164.5 94867.6 207.9 17.0 17.9 25.9
88446.8 105026.4 211.8 18.5 19.8 21.8
101921.7 90661.8 225.8 18.2 17.6 24.7
98887.7 89636.0 200.2 17.2 17.9 25.8
98500.5 94068.9 208.6 17.8 16.7 25.9
102739.3 88485.3 210.8 17.3 18.1 25.8
97613.0 94387.0 214.8 18.2 17.4 24.9
102308.6 86075.7 213.2 17.7 16.9 25.0
94747.3 90567.2 193.3 18.5 17.8 25.8
102751.4 94592.4 200.8 18.4 17.0 25.3
103144.3 94528.1 187.9 17.7 16.9 25.8
97216.2 96711.4 211.7 16.9 17.9 25.4
90672.4 85713.6 179.0 18.6 18.7 21.2
102821.0 90025.1 204.8 18.3 16.8 25.7
88634.2 97277.7 191.5 17.4 20.4 20.9
95223.8 88997.5 195.6 18.6 17.2 24.9
102992.5 97003.6 196.2 17.8 17.4 25.6
104264.7 97622.5 215.6 18.1 17.6 24.5
94412.2 95304.0 213.3 16.7 18.3 26.0
99185.1 94997.3 227.5 17.8 16.5 26.3
100055.7 90963.3 221.6 17.0 17.9 25.7
95734.4 92156.9 176.6 18.9 17.9 21.5
97264.3 91596.3 212.4 17.2 16.6 25.9
88647.7 104897.9 208.0 18.6 19.7 20.7
107557.3 89003.2 197.4 18.9 17.0 25.4
99226.9 92699.3 207.4 16.7 17.6 26.2
99543.3 91752.3 213.0 17.7 17.0 25.0
98221.4 94600.5 213.3 17.6 17.6 25.5
99043.8 95249.4 218.9 16.8 17.4 25.7
103569.2 90485.3 210.2 18.3 16.7 25.5
105664.4 85423.5 219.1 18.0 18.0 25.2
98004.0 90375.2 213.1 16.9 17.3 26.1
100143.8 97486.8 191.7 17.6 17.9 26.1
100755.9 102455.8 215.6 19.4 16.7 25.5
96927.6 94883.8 199.3 17.0 17.1 25.5
100843.6 90155.7 210.5 17.8 17.1 25.8
103859.5 91504.9 212.3 18.1 17.3 25.1
102098.8 97299.4 191.1 17.5 17.4 26.2
98233.9 93801.9 218.2 17.7 17.7 25.3
95762.6 101716.9 189.4 17.1 17.8 26.3
100110.1 96444.1 194.3 17.4 18.7 26.0
99646.1 90638.8 163.5 20.0 18.1 21.6
93730.2 95764.8 192.2 18.9 20.0 20.5
88643.1 97187.8 197.4 18.5 21.8 20.8
97943.4 96288.9 207.4 16.6 18.4 25.9
106781.0 90070.6 190.2 18.0 16.6 25.3
104062.2 91504.7 209.2 18.2 16.7 25.9
96063.0 86386.2 198.4 18.7 18.0 24.9
104101.8 96138.3 163.0 19.6 18.3 22.1
98939.4 96708.4 213.4 16.6 17.5 25.7
91271.4 97829.0 201.3 18.0 19.8 21.8
95594.4 101390.3 185.3 20.4 21.6 20.0
101495.6 89693.3 210.1 16.5 17.6 25.3
101321.8 89182.9 221.4 17.7 17.7 25.3
107694.0 88464.3 220.1 18.6 17.1 24.9
96392.3 92244.5 218.4 17.3 18.6 25.6
99100.7 90604.2 220.9 17.3 18.3 25.3
109723.2 96579.2 193.6 19.2 17.8 24.9
104030.3 94524.4 204.1 18.2 16.5 25.1
102417.1 94950.7 192.2 18.0 16.4 25.4
100746.8 90884.9 206.5 17.6 17.5 25.4
104826.5 88202.3 199.8 18.2 17.6 25.8
104432.6 90058.5 206.9 18.6 16.4 25.0
99923.5 93229.3 212.6 17.3 18.7 25.5
101402.9 97024.9 207.7 17.1 18.3 25.3
101492.5 99891.1 193.3 17.7 18.1 25.3
87925.6 95628.7 190.5 18.4 20.3 21.8
90048.2 95186.8 196.1 18.3 20.6 21.6
95898.0 98298.8 198.3 17.4 17.4 26.1
91120.6 82902.7 186.3 18.2 18.7 21.3
102026.4 85707.8 213.7 17.7 17.5 25.6
97120.7 93663.7 215.7 16.6 18.0 25.6
105609.5 97554.8 216.7 19.0 16.2 24.9
95733.9 97774.0 199.4 17.6 19.5 26.0
93928.2 97699.6 205.5 16.9 18.1 25.8
103035.8 85653.2 208.9 17.4 17.4 25.4
101170.0 96787.9 193.4 17.7 17.1 25.8
