19.6 24.4 23.0 23.8 18.5 21.9
16.2 23.1 23.7 20.8 18.5 21.3
15.2 22.6 20.6 18.7 20.7 19.9
19.2 21.6 22.5 21.7 20.8 21.6
17.6 22.5 23.7 22.3 17.2 21.0
18.3 23.2 23.5 22.9 16.9 20.3
17.7 19.1 19.2 19.0 23.0 18.8
20.7 24.3 23.0 24.6 18.7 21.5
16.8 22.4 24.0 20.8 18.5 22.9
18.4 22.6 23.0 21.9 18.0 22.8
19.0 21.4 22.2 24.7 19.2 20.1
19.8 22.2 23.8 23.7 19.2 21.7
16.6 19.8 18.4 16.6 23.4 20.2
18.0 22.2 24.6 21.0 19.9 23.3
19.5 24.1 23.2 23.6 18.2 19.9
16.1 23.1 25.0 21.1 18.4 22.1
19.4 23.0 23.4 21.7 18.8 22.9
18.7 22.2 25.1 23.1 18.8 21.1
16.7 23.7 23.0 21.2 19.7 20.3
18.5 22.1 22.7 22.0 20.4 23.0
16.3 22.8 21.9 19.3 24.4 17.1
21.4 20.9 20.9 17.4 24.7 17.4
16.4 22.6 20.9 19.4 25.2 17.6
19.2 21.5 23.5 20.1 20.8 22.4
15.8 20.8 18.4 16.0 21.6 18.8
17.8 22.9 23.9 21.6 18.8 22.1
16.5 19.9 17.6 16.9 23.2 19.0
17.7 22.0 25.1 21.3 19.5 22.3
20.5 24.3 23.1 21.6 17.4 21.5
17.7 23.1 23.3 23.1 18.7 21.8
16.9 19.5 17.9 16.2 23.9 20.0
17.9 22.9 23.5 22.2 18.2 21.3
19.4 22.5 21.1 22.9 20.1 22.5
15.8 20.5 18.3 18.1 24.7 19.5
18.3 22.2 22.7 22.8 18.6 22.2
17.2 23.5 23.3 22.0 17.9 21.9
15.8 22.4 21.3 19.0 24.5 17.6
21.9 20.9 21.7 17.6 23.5 18.1
16.5 23.1 23.3 20.4 18.8 22.0
19.6 23.1 23.0 22.9 17.9 22.6
17.0 23.2 24.3 21.0 19.1 20.5
16.4 20.2 17.8 17.7 22.9 19.4
18.8 19.6 19.6 19.6 22.3 20.4
17.7 21.8 24.5 21.4 19.0 22.0
17.5 22.8 23.9 21.7 17.9 22.3
18.5 22.0 21.6 24.3 19.9 19.7
18.5 19.7 19.1 19.0 22.2 20.8
17.3 22.6 23.6 22.8 17.0 22.0
15.3 21.8 21.1 19.3 24.4 18.2
16.4 21.1 18.5 15.6 22.0 18.8
20.9 24.6 22.4 21.5 19.1 21.8
16.3 20.0 17.7 17.1 23.7 19.3
16.7 20.0 18.0 17.8 23.0 18.2
21.5 23.7 21.2 22.1 20.6 23.4
19.2 24.2 22.3 23.2 20.1 21.7
20.5 21.8 24.9 23.0 19.9 20.2
21.6 21.4 21.4 17.9 23.6 17.1
17.5 22.5 25.0 22.3 18.8 21.4
19.4 21.8 22.4 21.4 19.3 20.7
15.9 20.9 17.9 17.9 21.9 18.3
17.2 23.1 21.5 21.7 20.5 21.6
16.2 21.4 18.6 17.3 22.7 17.8
18.7 22.2 24.0 22.5 18.0 21.5
18.8 22.3 22.0 23.9 19.4 19.6
17.4 23.5 23.2 22.2 19.2 21.5
17.2 23.5 22.9 21.6 19.1 23.2
18.8 19.6 19.3 18.6 22.4 20.7
19.0 23.0 26.9 23.3 17.7 19.6
16.3 20.6 17.6 17.5 22.3 19.1
18.9 24.5 21.9 23.3 20.2 20.6
17.3 23.7 23.3 21.1 19.8 20.0
15.7 20.7 18.8 16.0 22.4 20.9
18.8 24.9 21.7 23.0 20.6 20.8
17.3 22.6 23.9 22.2 17.6 22.8
15.9 20.0 18.0 17.5 23.9 18.4
16.7 20.5 19.1 17.9 22.7 17.6
21.1 22.5 21.3 22.4 20.8 24.3
16.8 22.9 24.2 23.3 19.5 21.4
17.9 20.1 17.7 16.6 21.8 18.9
18.4 21.7 23.6 22.4 20.1 22.3
18.5 22.7 23.2 22.9 17.5 20.8
19.3 22.3 23.5 24.7 17.8 23.4
19.5 24.9 22.1 22.4 19.5 20.4
19.4 22.2 23.7 24.4 18.7 20.1
19.1 24.1 22.7 22.9 20.6 21.3
17.7 21.9 24.6 21.6 19.0 21.9
17.2 19.7 18.5 17.8 22.3 19.7
18.2 22.4 24.0 22.5 19.1 22.2
17.3 20.2 18.7 16.6 24.0 19.2
19.0 21.7 22.8 24.8 19.0 19.6
17.3 23.3 23.2 20.8 19.5 22.6
17.4 22.0 23.5 21.6 19.4 21.2
16.4 23.3 23.0 20.7 19.8 20.3
17.7 22.3 24.9 21.6 18.9 21.3
15.7 20.2 18.7 17.3 22.5 18.6
16.5 20.1 18.9 16.2 23.6 17.7
16.1 23.4 23.7 21.1 19.7 21.1
17.5 22.0 24.6 22.0 18.9 22.1
15.7 22.1 21.5 20.4 25.5 18.1
18.7 22.8 22.9 21.8 20.4 23.7
16.7 23.8 23.6 20.6 19.4 19.6
16.2 23.6 23.6 20.5 18.2 21.6
20.6 21.6 23.3 23.5 20.1 22.6
17.2 22.9 23.8 23.4 18.7 21.3
16.3 20.0 17.7 16.7 22.3 19.9
19.0 22.1 23.2 21.6 20.8 22.6
17.5 21.6 24.3 22.6 19.0 22.2
17.9 21.7 24.7 22.1 18.5 21.2
18.5 22.7 23.5 23.4 17.4 20.2
17.2 22.1 24.5 22.1 19.4 22.3
19.0 22.9 23.1 22.8 17.2 21.0
18.2 22.7 23.6 21.7 18.2 23.1
22.2 23.9 23.3 20.0 25.7 17.0
18.1 23.1 23.3 22.5 17.5 22.0
15.1 21.2 18.9 16.0 21.0 18.6
17.4 22.2 24.9 22.5 18.9 22.8
18.7 21.2 21.8 24.1 19.0 21.1
17.2 23.3 24.2 21.8 17.3 21.9
16.0 20.5 17.7 17.0 22.6 19.1
20.8 23.0 21.6 22.5 20.2 23.9
16.9 20.5 17.9 16.5 22.8 19.9
16.7 19.6 17.2 16.5 23.3 20.3
17.4 22.1 24.2 23.3 19.3 21.5
19.1 22.4 23.2 24.3 17.6 24.2
16.2 20.3 19.1 18.1 22.2 17.9
16.3 23.8 24.1 21.1 18.8 21.0
15.9 20.8 18.7 17.0 21.5 18.4
16.1 23.8 23.3 20.8 19.2 19.9
18.5 22.2 24.7 21.0 18.8 22.4
16.3 23.4 25.0 20.8 17.9 23.4
16.3 19.8 17.2 16.9 22.0 19.5
22.1 22.2 21.5 17.6 23.3 17.3
17.8 22.7 23.3 22.0 17.7 22.0
17.2 23.7 23.7 20.8 19.2 20.5
16.8 23.1 24.5 21.3 18.5 20.7
17.1 23.3 22.7 20.2 19.2 23.0
17.2 20.2 17.4 16.2 23.4 19.7
18.9 22.3 24.5 21.3 19.8 23.6
19.3 23.7 23.8 21.9 18.6 20.7
18.1 22.4 23.3 22.7 17.9 21.2
20.3 22.8 24.0 22.1 18.9 21.2
18.9 22.0 23.4 22.5 18.6 22.8
17.3 23.3 23.7 22.9 17.8 20.9
16.5 23.8 23.8 20.9 18.8 19.9
16.5 21.1 17.9 16.8 22.7 18.5
17.4 24.2 23.4 21.6 18.8 19.1
16.2 22.2 21.1 19.7 24.6 17.7
18.5 23.2 23.2 22.4 17.3 22.5
18.1 23.5 23.2 22.6 18.1 22.7
16.2 20.7 18.2 16.7 21.7 18.9
