13346.3 7445.9 14.5 2.7 1.4 3.1
13664.7 2676.9 15.5 2.5 1.8 3.0
15549.0 14516.2 19.5 1.9 3.3 3.6
10814.1 7408.9 25.5 2.9 1.9 3.2
14066.3 14023.9 17.8 2.1 2.9 3.1
12802.1 12186.6 14.4 2.3 2.6 2.8
15015.5 11160.6 23.5 2.1 1.2 2.7
14284.8 12678.9 16.1 2.1 2.9 3.3
9819.5 15778.1 18.6 2.0 2.5 3.1
11404.8 3185.6 16.0 3.0 2.0 3.3
13281.9 13438.0 16.8 2.3 1.8 3.3
13074.0 6900.2 25.0 2.4 1.8 2.9
12213.0 14522.5 20.3 2.2 3.0 3.5
16264.5 9846.5 12.5 2.6 1.8 2.9
15318.1 11022.6 22.2 2.1 3.6 3.2
14053.9 9185.3 18.8 2.3 3.3 2.8
12755.6 11669.3 24.0 2.6 1.4 3.0
15606.2 6937.3 14.0 2.2 1.2 2.8
