18829.9 27729.1 52.2 5.4 5.7 7.2
26305.0 23644.4 51.4 4.2 4.8 7.1
25622.4 18442.0 49.4 4.8 5.6 7.1
25851.7 22274.8 55.6 5.2 6.0 5.1
26282.3 26689.9 48.7 4.1 4.3 6.7
27556.6 19542.9 51.4 4.7 5.1 7.0
27139.9 27198.6 51.6 4.1 3.8 6.7
26228.3 22636.9 47.5 4.4 4.6 6.7
23640.0 22984.1 51.6 5.0 5.8 6.9
19571.3 29174.5 54.8 5.3 4.9 6.9
27522.7 26248.3 53.8 3.9 3.7 6.5
19646.9 26626.7 51.9 4.9 5.2 6.7
19797.5 26356.6 50.6 5.4 5.4 7.2
18076.2 23329.5 58.1 5.8 5.9 5.4
24143.6 27790.3 44.2 4.2 5.6 7.3
20064.2 27400.1 52.9 4.1 5.1 6.5
22725.3 22585.4 51.9 5.1 5.5 7.3
25183.8 23433.1 59.1 5.0 5.2 5.0
18594.6 20718.9 56.0 6.2 5.8 5.5
22711.3 22887.6 66.4 6.3 5.7 5.8
23471.4 20283.3 53.2 5.4 5.6 5.1
27378.7 22955.4 58.1 5.8 5.5 4.8
27915.3 26080.7 50.0 4.9 4.2 7.0
24665.4 26043.7 61.2 4.6 5.3 5.0
27029.8 24037.9 59.0 4.8 4.0 6.8
25249.1 25051.4 45.8 3.7 4.6 6.8
20680.0 28265.2 54.7 5.3 4.9 6.6
30019.3 23446.2 42.8 4.8 4.1 6.9
21027.4 23218.6 45.9 4.9 5.9 6.7
24523.7 25373.1 51.8 3.7 4.6 6.8
27361.2 22764.3 66.0 5.8 5.3 4.7
25992.7 22820.3 53.4 4.8 4.1 6.7
26370.0 19664.2 53.6 5.6 5.9 5.1
23656.8 22752.5 56.7 4.4 5.7 5.4
20839.6 26282.2 51.3 4.9 5.5 6.9
23563.5 27170.3 48.4 4.9 4.1 7.0
27064.4 25761.6 57.8 4.2 4.0 6.8
23980.8 27943.8 49.4 4.1 4.0 6.8
22897.6 23177.1 42.9 4.6 5.1 7.1
29943.8 22009.2 49.1 4.9 4.3 7.0
30697.7 22110.8 46.5 4.9 4.4 7.1
23714.1 22915.3 50.4 5.1 4.8 7.3
26352.6 19473.1 61.5 5.6 5.7 5.1
25977.2 21415.8 48.6 5.0 5.0 6.8
20371.4 28997.6 57.9 4.3 4.8 6.5
22953.1 22893.9 55.2 4.9 5.7 5.1
19298.3 20577.5 57.5 5.7 5.9 5.7
20447.0 26449.8 55.0 3.9 5.0 6.3
26068.2 20272.5 50.5 4.4 4.4 6.5
22660.9 25839.3 49.9 5.3 4.5 6.7
28769.0 23025.5 53.5 4.9 4.0 6.7
24756.2 22841.0 51.1 4.6 4.9 7.1
23870.7 24783.0 56.7 4.8 4.2 6.9
26878.2 20878.3 47.7 4.6 4.8 6.8
21971.1 26312.2 50.6 5.3 5.5 7.1
21257.0 27055.6 52.3 4.1 5.4 6.7
20214.9 27130.0 51.6 4.6 5.3 7.0
25166.4 23242.0 67.1 4.9 5.1 4.9
19322.8 25954.7 50.3 4.2 5.9 6.8
21731.7 27457.5 52.6 5.4 5.0 7.1
25723.9 25453.3 46.2 4.9 4.1 7.2
23487.9 25733.3 54.6 5.0 4.3 7.1
28314.7 26182.3 47.2 4.0 4.1 6.9
24175.2 20141.9 54.6 4.8 5.7 5.4
18779.9 23188.1 59.5 5.2 5.9 5.7
24831.8 24278.0 44.8 4.5 4.7 7.0
22151.6 23713.7 50.7 4.7 5.0 6.3
18905.5 25181.3 49.3 5.0 6.0 7.0
27105.3 25474.9 52.8 4.7 3.8 6.7
26953.7 22315.3 41.5 4.5 4.6 6.7
22060.6 24857.1 48.8 5.3 5.6 6.6
26629.1 24316.4 53.1 4.9 4.0 7.0
25173.6 27599.2 48.7 4.1 4.3 7.0
28826.6 23790.7 43.5 4.7 3.7 6.7
22822.1 21740.0 49.1 4.7 5.3 7.2
24852.4 26466.7 53.7 5.2 4.6 6.5
24288.1 25556.4 57.7 4.0 4.1 6.7
25525.7 19287.3 52.2 5.2 5.8 7.3
23530.5 28252.5 60.2 4.3 4.6 6.4
21705.8 21883.2 49.6 5.0 6.3 6.9
24021.8 23672.2 47.6 4.3 4.3 6.6
24480.1 23574.6 57.7 5.6 5.2 4.8
23512.6 27580.7 56.4 4.3 4.5 6.5
22076.1 26261.5 53.6 5.1 4.8 6.5
23239.4 22513.5 50.1 3.9 5.3 7.0
25235.1 25516.4 55.9 5.1 4.6 6.3
23789.7 24352.4 44.2 5.0 4.6 7.2
23961.7 26185.1 59.7 5.1 5.3 4.8
22388.4 27085.6 51.6 4.5 5.4 6.9
27986.9 23953.8 44.3 4.9 4.3 6.6
23142.7 23358.8 52.9 4.3 5.4 7.1
24030.8 23162.6 57.1 4.6 4.9 7.1
23129.8 28531.0 54.2 4.4 4.6 6.7
27897.4 25408.9 46.2 4.8 4.2 7.1
23415.0 22746.2 67.8 5.8 5.8 6.0
25098.0 26162.2 54.9 4.2 4.5 7.1
23147.8 29202.8 58.1 4.5 4.6 6.6
23454.0 20092.2 61.1 5.3 5.5 5.0
23113.2 27479.1 59.2 5.1 4.7 6.6
22712.5 27757.6 53.3 5.2 4.7 6.9
20029.6 25676.4 54.1 4.7 5.1 6.5
22149.1 28230.9 53.6 4.6 4.9 6.9
24462.6 23383.4 65.6 5.5 5.0 4.7
25173.6 23614.4 52.1 3.8 4.8 6.9
24847.3 20622.7 48.6 5.1 5.4 7.1
22961.6 24319.5 47.9 4.9 5.4 6.7
24157.7 19950.8 62.6 4.8 5.5 5.3
28239.2 24745.3 53.4 4.1 4.3 7.0
