10323.5 12844.3 27.7 2.5 2.1 2.8
9178.6 17721.9 25.3 2.9 2.4 3.1
17005.7 10582.8 22.7 2.5 3.8 3.2
14260.2 10284.0 24.5 3.1 2.0 2.9
15435.9 10499.3 25.5 2.2 3.3 2.9
16264.0 10206.0 12.5 2.5 2.9 3.5
17059.7 13103.5 17.7 2.2 3.6 3.1
17930.3 10679.8 12.8 2.5 2.7 3.3
12710.4 9055.4 23.3 3.5 1.9 3.1
9761.3 18801.0 24.8 3.3 2.5 3.0
16210.0 7685.3 17.4 2.8 3.2 3.6
8773.7 11615.8 26.5 2.9 2.0 3.0
19464.7 5258.5 31.7 5.3 4.6 5.2
8639.5 14679.7 30.5 2.5 2.4 3.0
17914.8 4030.0 30.5 5.7 4.4 5.4
13319.8 10834.7 24.4 2.3 3.7 3.2
7672.2 14530.3 28.7 3.3 2.3 3.1
21112.8 5988.7 30.0 5.4 4.8 5.4
23002.7 6484.3 36.5 5.4 4.7 5.0
20295.8 13660.9 15.2 2.5 3.9 3.2
19500.1 10763.3 10.0 2.8 3.2 3.6
9222.1 15758.9 29.9 2.9 2.4 2.9
14640.2 7601.7 20.2 2.5 2.7 3.3
14023.6 10557.7 27.0 2.4 3.2 3.6
18372.7 5334.1 31.9 5.3 4.6 5.2
10862.7 15886.5 22.5 3.0 2.2 2.9
12973.9 7127.9 19.9 2.5 2.9 3.6
15814.2 11015.2 11.7 2.5 3.2 3.5
20239.6 6655.4 33.8 5.2 4.5 5.8
7089.6 13451.2 29.3 2.9 2.3 3.2
18726.0 13577.3 18.1 2.2 3.4 2.9
18091.3 6428.1 34.4 5.6 4.2 5.4
12524.1 7937.2 19.2 2.5 3.1 3.6
15689.8 11031.5 27.3 2.4 3.0 3.4
16609.9 13912.8 17.0 2.3 3.8 3.1
18710.5 6927.5 35.8 5.4 5.1 5.0
14799.4 13326.1 19.4 3.5 2.1 3.0
19922.6 6562.6 33.1 4.9 4.7 5.0
13769.6 10025.5 25.1 2.2 3.5 3.2
21452.8 5255.8 35.3 5.8 4.6 5.2
