52474.1 57307.6 83.8 10.4 10.1 12.5
46881.0 46561.5 95.2 7.9 10.0 12.5
41531.2 56980.0 108.3 9.3 9.0 11.8
44060.4 53099.1 101.0 9.2 9.1 11.9
43644.7 54878.7 98.8 7.8 9.7 12.1
42889.7 53871.4 101.6 7.8 9.2 12.7
51442.1 56098.2 82.2 10.9 10.3 12.5
56387.1 56405.5 91.2 9.1 8.4 11.5
48709.5 49233.7 104.0 7.3 10.4 12.0
48712.6 51869.4 94.5 8.2 10.4 11.6
45748.6 51068.2 86.6 7.6 10.6 11.5
46145.1 53966.6 92.6 8.0 10.1 12.1
47383.4 51202.1 95.0 7.9 9.1 12.9
49539.3 54474.6 89.7 10.7 9.7 12.7
44034.4 59376.6 95.0 8.5 9.5 12.1
42680.8 52342.6 87.8 8.6 10.5 11.8
47713.6 54601.0 94.5 7.9 9.8 11.7
42413.1 53427.0 102.2 8.5 9.4 12.6
51045.3 51743.4 89.4 7.7 10.0 12.1
43325.3 52358.2 96.5 9.2 9.2 12.3
45532.4 50813.7 99.6 7.9 10.7 11.4
43869.0 55863.8 98.4 9.0 10.0 11.4
49726.6 52366.1 91.8 7.5 10.2 12.5
46494.8 50296.6 93.6 7.5 10.4 12.0
41002.7 58653.1 107.5 9.0 8.6 12.3
47981.0 47885.1 105.1 7.6 10.1 11.7
44548.9 58686.3 100.3 8.4 8.8 12.4
45333.8 58880.4 110.1 9.4 8.3 11.9
42959.9 58000.9 101.0 8.4 8.6 12.6
45711.2 53140.8 97.4 7.7 9.8 12.7
46572.8 52329.6 95.7 7.3 10.3 12.0
48111.3 51627.3 99.3 8.5 9.4 11.9
42375.2 54561.6 96.3 7.8 9.9 12.3
44283.6 52288.3 95.3 8.0 10.0 11.5
47087.3 51639.4 101.0 7.2 9.7 12.4
43271.0 53061.8 100.1 6.9 10.2 11.8
43195.3 51652.3 93.1 8.6 9.8 12.2
57789.6 52777.7 95.2 10.9 9.3 11.7
43313.3 48063.7 92.5 8.1 9.6 12.0
54397.1 52520.7 99.9 7.9 9.5 12.1
49569.1 54276.8 101.5 7.7 9.6 11.8
40325.9 53373.2 105.4 8.5 10.1 12.1
46934.7 48041.9 107.1 7.2 9.6 12.8
43728.1 53250.3 99.4 7.6 9.4 12.1
44562.1 46589.1 96.8 8.0 10.3 11.8
45461.1 57617.6 94.5 9.2 8.6 12.2
41768.6 53411.3 93.6 7.9 10.7 12.0
43640.4 47379.2 110.0 6.5 10.7 12.2
46732.2 49359.7 100.8 7.7 9.5 11.9
44698.6 57664.9 103.6 8.8 9.1 12.1
46471.2 52270.8 100.8 7.2 9.3 13.1
39077.0 54847.8 101.1 8.6 9.4 12.2
50627.0 56807.4 104.7 8.6 8.1 12.6
43801.9 52802.7 95.8 8.5 9.0 12.5
47850.0 49608.9 91.8 8.7 9.5 12.2
46439.6 54835.0 97.1 9.2 8.8 11.9
48282.6 56887.0 90.3 9.1 9.2 12.2
48715.2 52444.3 106.6 7.6 9.7 12.3
53869.7 49471.1 93.7 11.4 9.3 12.1
44513.9 51029.7 90.7 8.8 9.6 11.8
50064.1 55472.6 85.8 10.2 9.9 12.9
54664.2 55269.3 81.4 10.5 9.2 12.1
43408.2 55075.1 103.7 9.0 9.1 11.9
45390.9 53488.0 95.1 8.6 9.2 12.3
44663.5 51991.5 94.2 8.0 9.6 11.8
39989.2 53779.1 95.4 9.3 9.3 12.0
44383.5 55173.6 103.7 8.9 9.4 11.8
48469.6 52624.1 108.5 8.0 9.4 12.3
48816.7 52503.1 101.5 7.6 10.7 11.2
45759.7 46919.4 104.6 7.9 10.1 12.1
59183.5 53986.1 90.9 9.5 8.2 11.5
48246.0 53462.6 97.7 7.4 10.1 12.3
48212.4 52757.5 90.9 8.5 9.8 12.3
46295.9 56580.1 102.1 8.3 8.5 12.9
42409.5 53873.0 101.8 7.3 9.6 12.4
47506.7 56124.3 92.5 8.0 9.8 11.8
47975.9 55106.0 101.4 8.1 9.3 11.8
42620.2 57338.4 94.1 9.0 9.4 11.5
46951.9 59952.4 98.0 9.2 8.0 12.4
44485.6 52275.8 98.9 7.3 11.0 11.6
43751.3 53060.2 99.9 7.3 9.7 12.0
48845.6 50842.9 98.3 8.5 10.7 11.4
55695.2 53269.7 96.7 11.0 9.3 12.0
43236.8 53750.4 94.6 7.4 10.4 11.7
42811.6 54573.7 96.7 9.2 8.5 12.0
45120.5 52180.0 93.4 8.7 8.8 12.1
43511.0 55602.1 90.6 8.7 9.4 12.1
47220.8 54098.7 104.2 8.1 8.8 12.4
48880.0 58913.6 102.9 8.8 8.4 12.1
43649.9 47657.8 102.5 7.3 10.4 12.1
55553.6 57289.3 89.7 10.0 9.8 12.0
51530.2 52923.3 107.7 8.1 9.2 11.8
48862.1 52831.2 97.9 7.4 10.5 11.6
46751.7 55117.0 95.3 7.9 9.3 12.3
48099.8 50865.9 96.1 8.3 9.5 12.1
41238.1 52304.5 99.6 9.3 9.9 11.9
40854.4 55225.9 103.2 9.9 8.6 11.7
55531.9 52036.1 96.5 10.8 9.5 11.8
45727.6 47433.0 106.8 6.5 10.0 12.7
45256.8 47713.1 99.5 6.8 10.2 12.3
46740.6 54100.2 104.4 7.7 9.3 12.1
50799.8 51923.2 91.3 8.2 9.7 12.1
46657.7 51383.4 97.1 8.0 9.4 12.6
45912.3 50516.9 98.5 7.9 10.2 11.7
48539.8 56753.6 107.9 8.6 8.8 12.1
47208.1 55511.4 96.3 9.0 8.3 12.7
43169.6 47659.4 102.7 6.8 10.9 11.8
45649.4 53784.5 100.3 9.2 9.3 11.7
38693.4 57769.2 104.7 9.3 8.1 12.0
47199.1 55291.3 89.2 7.9 10.5 11.3
39942.2 56294.6 109.0 9.2 8.8 11.9
42668.0 54169.4 106.9 8.0 9.7 11.9
46706.3 54788.9 98.9 8.2 9.5 12.0
57975.6 58008.7 86.6 10.7 9.1 12.3
51612.0 48729.5 95.0 11.3 9.4 12.2
56433.0 53932.3 99.1 9.8 8.9 11.7
43872.1 56932.2 95.2 9.1 8.4 12.3
54947.4 57670.4 87.7 9.8 9.1 11.7
51729.4 52436.3 87.4 10.9 8.8 12.3
48706.5 52016.3 98.9 8.2 8.7 12.4
44976.9 51775.7 103.7 7.5 10.0 12.0
45397.8 51207.1 93.2 8.0 10.9 11.3
57743.7 55251.0 87.3 10.2 8.9 11.6
44384.0 52217.1 104.0 7.2 10.0 12.6
45835.7 49586.3 109.1 7.2 10.0 12.0
41384.9 56332.7 97.2 8.6 9.4 11.9
44149.0 52681.7 88.9 8.1 10.3 11.4
42598.8 56670.9 96.4 8.0 9.6 12.4
45755.7 54036.3 112.6 8.2 8.8 13.0
46776.8 50051.8 92.3 8.0 10.0 12.6
48578.8 53012.4 101.8 8.2 8.8 12.0
43658.3 52398.4 106.1 7.2 10.2 12.3
45242.8 54433.3 100.8 8.3 8.9 11.6
49599.1 48957.2 93.0 7.4 9.8 12.2
39753.9 60127.7 103.2 9.1 8.0 12.4
41886.6 49822.7 92.9 7.4 10.5 11.8
46649.3 46642.9 93.6 8.0 9.6 12.3
45864.6 51120.5 98.1 7.3 10.1 12.8
52300.1 50961.0 91.4 11.1 9.5 12.6
42401.0 49132.4 98.2 7.4 9.8 12.2
59229.3 51512.8 98.7 10.2 8.7 11.6
43287.4 53492.9 90.6 8.5 9.7 12.1
46237.2 55807.2 90.0 8.0 9.9 12.0
42633.7 54858.1 101.4 8.5 10.0 11.7
42939.0 56093.4 94.8 8.8 9.5 11.9
46016.8 50921.7 88.9 8.5 10.4 12.2
44737.2 54853.2 106.0 8.5 9.5 12.0
50038.2 53258.5 110.4 7.8 9.2 11.9
57598.0 54893.3 89.2 11.2 9.9 11.8
48340.7 55802.3 94.6 8.0 9.5 12.2
43134.7 56648.2 99.4 9.0 8.7 11.9
51518.8 52161.9 104.5 7.9 9.3 12.0
44183.2 51993.0 94.4 7.6 10.0 11.6
55379.6 50942.7 97.3 10.7 9.2 12.1
44586.0 52571.1 99.8 7.7 11.0 11.5
45000.1 51585.6 104.2 7.2 10.4 11.9
48347.6 53521.4 92.6 7.4 11.1 11.2
44519.9 51587.2 104.4 6.8 10.8 11.7
47511.9 48903.4 96.2 7.4 10.5 11.7
50556.8 52677.8 105.3 8.0 8.7 12.7
47743.7 48822.0 97.8 7.4 11.0 11.9
45762.8 49555.1 95.0 8.8 10.2 11.7
50949.3 52884.9 94.7 7.4 9.7 12.0
43806.9 52652.7 109.0 9.5 8.9 12.5
47463.7 53344.0 90.2 8.3 9.8 11.7
46263.0 50378.0 91.9 7.5 9.9 11.8
45745.5 52452.1 102.9 7.2 9.5 12.8
42715.0 51653.9 93.3 8.2 10.3 11.9
48182.7 53582.7 103.4 8.0 9.4 11.7
46271.5 55118.5 95.5 7.5 9.7 12.1
42283.1 52721.1 98.9 7.9 10.0 12.4
46008.3 49375.3 93.1 8.3 10.4 11.8
51633.7 53982.7 88.2 10.5 9.7 12.4
44047.4 52622.9 94.0 8.0 9.2 12.5
51268.9 50904.9 100.2 8.4 9.3 12.1
47485.0 51260.9 90.0 8.0 10.2 11.8
50333.2 53516.4 94.5 7.4 9.4 12.8
48726.9 52067.2 96.2 8.5 9.1 12.7
57118.7 53775.1 118.0 7.5 8.8 13.2
49573.0 53575.4 114.2 8.8 9.3 11.5
53782.7 55195.9 116.9 7.6 8.9 12.8
46217.7 50049.9 95.5 7.8 10.2 11.5
43321.7 52804.2 96.1 8.1 9.5 12.2
49006.0 59147.2 85.2 9.9 10.8 12.5
43148.2 54167.9 106.7 8.4 9.3 12.1
45707.1 53031.2 107.8 7.5 9.5 12.2
50802.3 52498.1 103.4 7.5 9.0 12.8
43545.0 47982.3 94.1 8.0 10.1 12.1
46491.6 52958.6 105.0 8.2 9.5 11.5
49360.1 50152.7 103.6 8.4 10.0 11.8
49607.5 53697.7 96.6 7.4 9.6 12.4
43089.9 58706.9 104.3 9.0 7.9 12.7
47291.0 58228.2 103.6 8.7 8.2 12.2
47846.9 46973.2 101.4 7.9 9.4 12.6
45737.1 47711.6 99.3 7.3 9.7 12.5
45432.1 50518.4 98.7 7.5 10.7 11.5
47329.1 53401.9 108.4 8.5 8.9 12.3
42632.8 49051.0 99.8 7.3 10.3 12.4
43929.6 50868.0 92.1 8.5 11.1 11.7
54866.2 51502.4 108.8 8.0 9.1 12.2
46607.1 51640.9 101.2 6.8 10.1 12.1
43881.7 47576.4 104.1 7.2 10.9 12.3
