98686.0 80434.0 174.5 18.0 16.1 19.8
88243.2 84768.3 180.9 16.9 16.4 18.5
95665.2 80775.4 178.3 19.3 17.1 20.0
91324.7 94923.3 181.9 17.2 15.4 19.2
89883.1 87518.9 177.3 20.6 14.2 19.7
82878.0 93069.9 196.3 17.9 15.5 18.6
77629.9 99038.3 157.9 18.2 18.8 19.9
89877.2 91208.5 175.8 18.8 15.1 18.5
84915.9 91668.6 183.6 17.9 15.8 18.9
86212.0 88843.5 186.4 16.7 16.6 18.9
84695.5 91422.3 190.6 18.3 15.3 18.6
78255.2 94441.8 152.3 17.9 19.1 20.1
92597.1 86350.8 178.0 17.8 15.6 18.2
95667.0 86850.4 172.1 17.0 15.5 19.0
92787.3 82180.1 181.3 19.0 16.4 19.7
86495.4 86934.9 183.5 17.3 16.3 18.2
81005.1 91457.9 190.6 18.2 16.1 18.8
96349.6 85517.1 176.9 18.5 14.8 20.2
92906.2 88076.5 176.3 17.2 16.1 19.1
87506.0 83917.3 169.4 17.8 15.6 19.0
90533.1 94499.1 174.9 18.0 14.9 19.0
94734.8 85826.6 184.2 18.1 14.9 19.7
90800.0 88123.8 182.8 16.9 15.3 19.0
87448.4 91227.4 182.8 18.1 15.6 18.4
84919.3 89184.3 191.4 17.4 15.6 18.5
101438.8 82405.5 175.0 18.6 15.6 20.0
95389.5 82053.1 182.4 18.5 14.6 19.8
93456.2 88422.4 179.0 18.1 14.7 18.6
87982.5 89534.1 178.3 18.2 14.9 19.0
88606.2 91633.0 183.7 18.1 15.0 18.7
77521.1 111359.6 180.6 19.8 18.9 22.0
88967.8 82773.1 167.5 18.2 14.9 18.7
80995.8 88776.8 167.2 16.5 17.9 18.0
98517.2 80425.3 187.6 18.2 14.9 20.2
91120.2 88067.4 190.2 16.8 16.0 19.0
89468.7 87820.8 179.9 17.3 16.5 18.6
94979.9 89620.0 168.6 20.3 14.4 19.5
95680.0 85306.8 177.8 17.4 16.1 19.6
92047.0 86004.9 175.3 16.9 17.0 18.7
97400.7 81979.4 182.2 19.0 15.9 19.5
88407.7 86591.7 184.4 17.5 16.3 18.4
93231.8 87028.2 179.0 16.9 15.7 18.9
97109.9 82683.5 182.4 18.1 15.4 20.1
86918.1 90037.0 191.9 17.2 15.4 18.8
89940.9 86052.2 181.8 16.6 16.2 18.6
88686.3 86140.1 185.0 18.1 15.9 18.2
95888.6 88743.9 179.7 19.2 14.6 20.2
87442.1 91386.3 182.7 18.6 15.3 18.4
91177.2 89447.8 188.7 17.5 15.0 18.9
88364.8 88301.6 189.7 16.7 15.5 18.9
78006.6 87111.9 171.1 16.9 18.5 17.8
97123.6 83476.3 186.7 18.1 15.3 19.9
93656.3 80836.3 185.8 18.9 16.3 19.8
83424.1 94090.7 151.7 18.5 19.0 20.2
99156.8 84019.6 173.7 17.5 16.6 20.3
81097.8 85344.8 172.9 16.7 17.9 18.2
79758.0 85893.8 184.2 17.5 18.7 18.7
106116.5 86675.6 164.2 17.2 15.6 19.9
76666.7 87660.9 182.4 17.7 19.2 18.3
87023.6 91414.0 183.3 17.5 15.9 18.7
90347.5 90672.3 174.7 17.5 15.5 18.8
95351.2 84483.3 172.9 16.9 16.7 19.0
86932.2 86203.2 184.5 17.9 16.4 18.5
76720.2 106465.4 184.8 19.3 18.7 21.4
97899.6 82750.7 173.6 19.0 16.0 19.6
84315.9 83959.9 168.8 18.5 15.7 19.0
98663.7 82368.2 179.1 18.1 14.7 20.2
81631.5 87862.2 164.9 16.4 18.3 17.7
95032.2 86173.0 171.1 18.0 15.5 18.3
93970.6 81487.4 178.9 18.9 16.1 19.6
89701.6 89059.3 188.7 18.0 15.1 19.0
81750.4 85272.7 166.1 16.5 18.6 17.9
89110.6 92036.1 172.6 17.0 15.7 18.7
80725.4 86977.8 172.5 17.3 18.8 18.7
94631.5 82553.4 187.3 19.6 14.4 20.3
77925.8 105143.9 176.1 19.3 18.5 21.5
86889.2 87913.1 189.7 17.2 15.6 18.9
102352.7 84298.6 176.2 17.5 16.6 20.1
87216.1 87188.1 176.0 17.7 16.2 18.2
87747.1 89561.4 182.7 17.8 15.9 18.3
89096.0 94226.9 170.7 18.3 14.6 18.8
88285.2 86721.0 189.7 17.1 15.1 18.9
92916.0 84661.1 179.8 16.8 16.9 18.9
88452.1 88161.2 181.4 17.3 16.1 18.7
90252.2 89854.9 169.5 17.6 15.8 18.4
96605.0 81288.8 178.4 18.3 16.0 20.0
87351.1 91490.8 176.8 18.0 15.7 18.9
83440.3 91280.1 183.7 18.3 16.0 18.9
88599.7 89164.6 175.4 17.4 16.6 18.4
91994.3 89566.7 180.9 17.7 15.4 18.9
79708.5 90161.6 193.3 16.7 18.2 19.4
89233.8 89687.4 186.0 17.4 15.9 18.5
83428.9 84638.9 179.6 18.4 15.7 18.7
89458.8 91236.2 176.4 17.7 15.7 18.8
85804.0 94031.4 180.1 19.4 15.4 19.2
99810.6 82066.9 172.3 19.2 15.8 19.5
81437.4 93927.9 150.5 18.0 19.2 20.0
93900.7 84162.2 182.0 19.2 14.4 19.9
95749.2 80348.7 183.8 18.7 16.3 19.5
86667.2 87017.7 188.8 17.1 15.7 18.8
86817.0 82572.6 176.8 18.0 16.2 18.9
87124.1 88776.1 175.4 17.8 16.7 18.5
88093.4 85940.6 191.3 17.6 16.6 18.7
93945.9 83883.5 173.5 17.9 15.4 19.5
93222.1 88117.2 169.2 16.9 16.2 18.5
85966.5 90997.8 182.7 19.0 15.4 18.5
88771.6 90595.3 176.3 17.2 16.1 18.5
83775.5 87921.8 189.0 18.1 16.5 19.0
94709.9 86788.6 176.1 17.6 16.7 19.1
93927.7 83197.4 184.2 18.1 15.3 20.1
88009.4 90934.1 192.5 18.3 15.3 18.8
93570.4 87317.3 172.9 17.5 16.2 18.6
89319.5 85101.5 179.9 17.0 16.9 18.7
97750.3 86083.9 167.0 20.3 14.7 19.7
91756.3 86639.7 179.0 17.3 15.8 18.9
75643.3 98875.5 156.7 17.6 19.0 19.7
89630.8 92667.0 177.3 17.5 15.2 18.9
82556.6 90110.7 171.4 16.5 17.5 17.6
90182.3 89383.6 175.8 17.9 15.7 18.4
84146.9 88357.4 163.4 16.7 17.9 18.0
89893.5 82209.0 189.2 19.5 16.2 19.3
95878.5 80413.0 183.1 18.9 15.9 20.1
87009.2 91278.4 175.1 18.5 16.0 18.3
89024.5 88978.0 174.9 18.0 16.3 18.1
82920.9 88630.4 199.3 17.9 15.8 18.7
81663.6 99419.8 154.4 17.4 19.2 20.2
95128.9 87845.8 175.4 17.3 15.6 19.0
82260.3 91600.1 197.5 18.2 15.4 18.6
100093.3 78175.9 179.7 18.1 15.6 19.9
85408.8 84890.8 186.8 17.3 17.2 18.7
94482.2 85827.1 168.4 17.0 16.8 18.8
87123.3 87462.5 177.3 17.9 15.8 18.6
87743.5 87351.0 187.8 17.1 16.2 19.0
85647.9 88343.5 173.2 16.3 16.9 18.0
85547.3 89711.9 185.2 18.0 15.1 18.9
85300.1 90333.7 190.9 17.2 16.0 18.7
85740.5 86799.6 176.1 18.2 16.3 18.2
84273.9 90105.3 201.5 18.0 15.4 19.1
81008.5 88973.6 198.4 17.7 15.8 18.5
84815.8 88690.8 166.0 15.9 17.6 17.5
89760.7 88066.6 186.7 17.6 15.8 18.9
98863.8 82152.6 174.5 18.3 16.7 19.6
88850.1 81208.4 192.9 19.2 16.1 19.2
78581.9 103554.5 184.8 19.0 18.1 21.9
79372.3 89282.1 170.3 17.0 18.2 17.7
88930.5 86757.1 176.6 17.4 16.1 18.2
98791.0 81903.2 172.3 18.5 16.1 19.3
93804.3 82419.7 182.3 19.2 15.9 19.3
91124.6 91087.6 181.5 20.1 14.4 19.4
95155.3 84074.2 178.8 17.7 14.7 20.3
91121.5 85962.3 178.1 18.3 15.8 18.2
75490.6 105321.7 183.0 19.2 18.7 21.5
94217.9 82686.3 175.2 18.4 15.9 19.4
83148.3 99000.5 154.8 17.6 19.2 20.3
93222.0 90443.6 175.5 17.2 14.9 19.1
100618.6 82875.3 171.9 17.9 15.9 20.0
94259.2 89366.8 176.1 19.8 14.5 19.5
89266.8 88663.3 185.4 17.8 15.4 18.8
88184.6 90316.0 194.6 17.7 15.1 19.2
89651.3 87010.3 169.1 17.9 16.0 18.2
92014.7 90209.4 181.1 20.2 14.6 19.7
100349.5 82431.8 174.8 18.3 15.5 19.7
84497.0 86381.0 191.4 17.8 16.6 18.4
96438.7 82221.1 181.8 18.6 15.8 19.7
95666.3 84513.9 173.5 17.5 16.1 19.8
94060.2 82778.4 167.4 17.3 16.8 19.5
87354.5 89006.5 184.5 17.5 15.4 18.5
93490.0 81768.7 189.2 19.3 16.2 19.5
88236.8 92155.2 169.7 18.0 15.5 18.5
97165.2 87252.3 161.1 20.1 15.1 19.2
96698.0 82390.8 174.4 18.7 16.1 19.7
86171.1 91810.8 190.6 17.9 15.1 18.6
81729.3 89226.8 190.9 18.2 15.7 18.4
85640.0 89437.5 183.9 17.9 15.4 18.5
84374.4 86510.3 196.7 17.4 15.4 18.9
91555.1 89617.6 173.2 18.0 15.8 18.7
92753.2 87198.4 180.8 17.4 15.8 18.6
96310.9 83577.2 176.3 18.0 15.6 19.4
89861.3 84471.6 181.8 17.0 15.8 18.6
86788.7 93280.6 189.4 17.6 15.3 18.6
89883.6 91049.6 175.9 18.2 15.4 18.5
96617.2 82930.0 177.0 18.1 14.0 20.0
84688.9 88953.9 182.3 17.7 16.9 18.4
89210.9 90544.4 184.0 16.9 15.7 18.7
88735.5 85061.0 171.2 17.8 15.5 19.0
93895.0 87551.5 179.9 20.1 14.7 19.6
84282.2 86173.4 174.1 16.2 17.2 18.0
96063.5 80999.8 176.9 18.6 16.1 19.3
