81186.9 57317.0 121.4 14.0 13.3 17.9
73962.2 69421.5 151.5 14.2 14.2 19.0
74176.6 67777.4 147.8 14.1 13.6 18.7
87263.1 64665.0 144.8 13.7 14.0 19.0
59620.5 69415.6 122.3 15.8 16.1 18.1
57959.6 69003.8 128.2 15.8 16.5 18.4
60787.6 71052.5 127.0 15.5 16.5 18.6
60849.7 69875.7 114.7 15.7 15.5 18.5
59975.2 72256.4 116.8 15.3 16.4 18.3
77690.4 69213.9 146.7 13.9 14.6 19.4
60232.3 70721.8 114.6 15.7 16.1 18.3
61906.3 72781.7 108.0 16.5 15.1 18.4
78746.3 66608.5 150.9 14.3 14.2 18.8
58846.0 72317.0 128.4 16.9 16.2 19.0
73639.9 55564.6 132.4 14.9 15.1 17.6
73580.3 70376.0 155.8 14.9 14.1 19.2
72828.9 59370.7 133.6 14.5 14.9 17.9
61926.7 69711.1 114.9 15.9 16.2 18.1
58351.2 74295.2 125.7 16.5 16.3 18.8
59570.4 69162.8 125.5 15.8 16.3 18.1
78735.5 63778.8 139.4 14.7 14.6 18.9
61669.6 71245.7 117.0 15.5 16.6 18.1
60625.9 68021.9 126.0 15.4 16.6 18.4
77241.6 54971.0 135.2 14.2 14.8 17.9
80866.0 59321.3 126.3 14.8 14.5 18.2
87427.4 64336.2 148.2 13.6 14.2 18.9
60258.3 70825.5 116.9 16.1 16.2 17.9
75359.0 57295.3 133.6 14.9 14.9 17.7
81028.2 58269.6 126.8 14.3 13.5 17.9
80670.0 68725.2 151.1 14.0 13.8 18.9
60212.0 73792.4 107.7 16.3 14.9 18.6
76486.3 62007.2 132.1 15.4 14.5 18.9
74383.6 67558.2 152.8 14.5 14.0 18.9
78740.0 59014.1 133.0 14.3 13.7 18.9
61288.9 73627.8 107.9 16.5 15.7 18.2
58571.5 70310.1 120.4 15.8 16.5 18.5
80619.3 59745.5 142.8 14.2 14.0 18.0
78904.2 58685.4 136.4 14.2 13.8 18.8
78066.1 62333.2 144.8 13.8 13.7 19.2
59793.2 72296.5 109.0 15.8 15.4 18.5
58990.2 71806.1 119.2 16.3 16.0 18.6
76956.6 58711.8 141.5 15.5 15.4 17.3
78539.3 68395.8 149.8 13.9 14.4 18.9
79318.8 56076.9 126.8 14.5 13.8 17.7
73798.7 54611.9 127.1 14.5 15.0 17.6
57739.3 72988.9 133.5 16.6 16.4 18.7
59181.4 70990.2 116.7 15.9 15.5 18.3
77076.2 61838.8 136.2 14.9 14.7 18.8
77133.0 71082.8 142.7 15.0 14.0 20.0
71231.0 57652.0 140.8 14.0 14.7 17.4
