97326.5 114775.1 233.7 22.5 19.7 26.5
83138.8 99035.5 183.3 17.6 24.0 24.3
88785.0 109692.2 246.1 22.4 20.0 26.2
86655.9 100882.0 187.2 17.6 24.5 23.8
92763.2 98523.1 191.3 19.9 22.9 25.0
89710.5 114697.2 235.1 23.0 19.2 25.6
80221.7 102865.2 187.4 18.1 24.7 24.3
93818.9 111018.6 250.6 23.8 19.8 25.4
79205.1 103855.1 184.3 17.0 22.3 23.5
87694.0 110075.0 245.5 22.8 19.9 26.3
88056.0 114770.0 243.6 23.1 19.5 25.8
81951.9 99856.0 176.6 17.7 23.0 24.2
84642.5 102541.5 178.4 17.6 23.4 24.1
91294.2 112149.3 239.5 23.2 20.0 26.1
88639.6 115286.1 232.7 23.8 19.7 25.9
84870.9 97414.3 178.4 17.2 24.5 24.2
78837.1 100910.2 186.4 18.2 23.2 23.4
87887.1 113722.8 238.6 22.5 18.9 26.1
101812.8 113771.8 239.5 22.9 19.9 25.5
81380.3 117831.5 235.7 21.4 19.2 25.7
81662.3 99031.8 171.8 17.9 22.7 24.0
90881.1 117395.2 231.4 23.4 19.2 26.7
87253.6 109945.7 234.8 22.5 20.4 25.8
86626.3 112793.9 239.2 23.0 18.6 26.4
93851.6 105889.3 217.5 24.8 20.0 25.8
83567.4 100008.7 179.8 18.7 23.6 23.2
96218.5 107672.6 235.2 21.0 21.6 25.8
92637.2 98716.7 197.6 19.7 22.9 24.7
82689.9 100629.9 188.9 17.3 24.2 22.9
81116.8 106781.9 186.1 18.3 23.3 23.0
95174.4 108665.1 227.6 25.5 20.0 25.0
95395.3 106806.8 221.8 25.3 20.2 25.2
86625.7 118551.0 232.8 21.9 20.7 24.9
94838.1 109715.8 234.5 22.9 21.1 26.9
102851.9 121278.7 230.3 22.5 18.5 26.0
89987.9 110893.4 245.9 21.9 20.8 26.7
81530.1 103114.5 175.5 18.4 22.9 23.7
81891.5 99744.2 176.7 18.1 24.3 23.8
81117.3 115446.5 236.9 21.7 19.5 25.6
94768.2 109886.1 233.7 23.2 19.6 26.4
96135.3 108050.7 224.5 22.5 21.6 25.7
104115.8 115117.3 215.7 23.4 21.2 27.7
94238.4 111341.8 219.5 24.6 20.4 25.0
97513.1 120652.0 231.6 24.3 19.3 25.1
83910.0 102380.5 190.5 18.8 23.3 22.9
85051.6 115982.8 242.5 21.9 20.0 25.1
95250.8 110225.5 231.8 22.4 21.6 26.3
87005.1 117393.6 231.9 23.1 20.2 26.0
94977.5 122528.9 218.6 24.2 21.2 26.2
92952.2 113451.3 231.6 23.6 18.6 25.3
97068.4 112533.4 211.1 23.7 21.1 26.9
104600.3 122794.6 223.4 22.3 20.1 26.2
94107.2 98202.6 192.6 19.5 23.1 24.9
78556.8 103218.6 187.4 17.1 23.1 25.0
97225.9 109001.6 223.5 22.1 20.2 24.9
87256.2 120911.9 234.1 22.4 19.8 24.4
90984.9 113323.1 235.9 22.5 19.2 26.6
96901.6 111433.4 235.1 25.5 19.0 27.7
88319.5 112224.1 236.9 23.0 18.3 25.4
87120.8 111174.2 249.1 23.2 19.8 26.4
86619.6 116457.8 231.7 21.6 20.4 26.3
89529.2 100287.0 176.6 17.6 22.5 23.6
92907.7 110675.7 227.1 22.9 21.3 26.9
86419.5 98525.3 184.9 18.8 23.0 24.1
86476.2 110687.4 244.7 23.0 20.4 26.5
97898.1 124461.2 221.1 23.3 20.5 25.8
90863.9 115351.4 232.9 23.2 18.6 25.9
79769.9 104432.8 178.6 18.8 22.6 23.3
86231.5 115525.7 215.2 22.5 21.4 25.8
82057.6 101043.9 178.1 18.6 23.6 23.9
88594.7 111280.7 249.2 22.5 19.9 25.9
82853.4 115228.1 232.8 21.3 19.8 26.0
81034.7 101547.5 191.1 19.1 22.9 23.4
89435.7 114614.1 238.9 22.4 19.8 26.0
93682.8 118101.1 231.5 24.5 18.7 26.7
80938.2 118885.9 232.8 21.6 20.2 24.8
87344.7 110534.5 241.8 24.0 20.3 26.0
91774.9 110955.3 247.3 23.6 19.7 25.7
84268.0 112010.9 239.9 21.7 19.5 26.4
80711.8 117100.3 237.0 21.9 20.6 25.5
84380.6 115489.5 244.8 22.1 19.5 25.3
76261.5 112810.0 205.9 19.7 21.6 24.8
95444.3 114785.5 269.1 24.0 18.7 24.6
92605.8 110153.9 215.4 25.0 20.9 25.0
90938.0 111873.5 232.9 23.4 18.9 25.5
92439.8 108333.7 236.1 23.1 21.0 26.2
97339.0 110993.7 237.0 25.1 19.8 25.2
89348.3 113397.0 232.5 22.7 18.7 26.0
103106.0 107716.2 232.3 24.3 21.1 27.0
85647.2 116383.7 227.2 21.1 20.2 26.5
82025.2 105335.6 184.5 16.7 22.7 23.5
86901.0 112877.1 235.5 23.5 18.1 26.0
91479.2 116054.7 234.6 23.7 18.0 25.0
82867.7 99677.6 175.9 17.9 23.9 23.7
92446.1 112997.3 229.8 22.7 19.0 26.4
88959.2 109720.5 250.3 22.2 20.4 26.2
83926.8 118236.9 230.2 22.0 20.6 25.0
82966.0 118706.7 237.7 21.7 19.8 24.8
86414.1 116326.1 241.5 22.6 18.3 25.9
83794.7 98150.2 171.4 17.5 23.9 24.4
86438.0 118377.0 236.9 21.7 20.2 25.1
86506.9 116665.4 236.9 23.6 18.8 25.4
89822.2 108456.9 247.0 23.0 19.6 25.8
82851.5 105374.3 179.3 17.8 23.3 23.4
79531.1 103762.1 187.1 18.0 22.2 23.3
87630.2 112415.9 249.9 23.1 19.8 26.0
75868.2 105747.1 189.0 17.0 21.7 23.4
88943.0 95346.0 191.7 19.8 23.6 23.5
92902.4 115809.7 231.6 23.2 18.4 26.6
83806.2 98790.3 176.1 18.1 22.7 24.1
93504.6 111149.5 239.9 23.2 19.0 25.7
93505.0 114078.5 228.5 22.7 21.4 27.2
91483.7 110927.2 226.7 23.5 19.6 26.4
92895.4 111060.7 246.5 21.9 19.8 26.5
86234.2 117432.1 232.6 22.7 18.9 25.9
92583.1 113502.5 234.7 24.1 18.5 25.0
86374.7 100920.2 173.5 17.2 24.0 24.0
84230.6 114569.5 241.8 24.0 20.4 25.9
87703.7 107863.6 242.5 23.4 20.0 26.4
80271.5 102604.3 177.2 18.0 23.2 23.7
95794.0 112173.9 231.6 25.1 18.8 28.2
81910.5 116789.1 250.1 21.7 18.9 26.7
96313.1 121179.6 223.2 24.1 21.2 26.8
79693.0 100014.6 179.7 18.4 24.5 23.3
82411.2 116282.5 229.8 21.6 20.7 25.0
79304.8 102404.3 182.6 19.0 25.2 23.9
86149.4 117600.8 228.7 22.5 20.1 26.9
102759.1 108882.5 248.3 23.7 20.8 25.0
80721.9 115578.3 250.1 21.9 19.4 26.0
83637.0 119200.0 235.4 21.5 20.3 24.7
94433.3 98109.5 195.4 20.4 23.0 24.7
86236.0 114243.0 237.7 24.1 19.7 25.5
95199.8 114610.8 231.2 23.5 18.3 25.4
82062.5 99771.4 176.3 17.8 23.3 24.5
81549.2 118878.8 240.8 21.9 19.7 25.4
88658.5 108939.9 244.8 22.2 20.0 26.3
81001.2 103247.9 182.1 17.7 22.4 23.6
