17.4 18.0 17.6 17.1 15.5 14.6
16.4 18.3 19.8 17.7 14.7 14.6
16.5 18.6 19.7 17.3 14.8 14.6
17.1 17.9 18.4 17.3 14.7 14.4
15.5 21.0 17.6 18.7 17.8 17.5
19.2 16.7 17.6 17.4 14.9 15.5
16.6 19.8 15.5 16.9 18.6 16.6
17.3 16.5 17.7 17.4 15.4 14.5
15.6 17.4 17.1 16.2 17.9 12.5
15.9 18.0 19.3 15.9 17.5 14.2
18.8 16.3 17.9 18.3 15.4 15.9
17.7 17.3 18.5 16.9 15.6 14.3
17.1 17.7 17.3 15.6 16.2 12.9
19.9 16.4 17.3 18.7 15.1 15.6
16.9 17.3 19.2 17.2 15.9 14.3
16.6 18.8 15.2 17.9 18.4 16.3
18.9 17.2 16.9 16.4 16.2 15.0
18.2 17.2 17.8 17.7 15.1 14.0
16.8 17.3 19.7 16.8 14.7 15.2
18.0 17.9 17.6 17.4 15.0 14.2
18.5 17.4 18.1 16.8 15.1 14.7
19.4 16.7 18.7 17.4 14.5 16.3
17.7 17.2 18.5 17.6 15.3 13.9
17.6 18.4 17.0 17.5 14.7 14.4
20.0 16.5 17.5 17.7 14.8 16.0
15.3 17.5 18.3 17.0 18.6 12.9
18.7 16.2 18.6 18.4 15.6 16.3
18.1 18.9 17.5 17.5 14.1 15.3
15.6 18.9 15.2 17.2 18.5 16.1
19.7 16.5 17.9 17.5 13.9 16.9
18.6 18.1 17.6 16.6 14.1 15.5
19.7 16.4 17.5 17.8 16.0 15.9
20.0 15.6 18.0 17.5 14.9 16.3
17.7 17.8 17.6 16.8 15.9 14.3
19.1 16.2 17.8 18.7 16.4 15.9
15.3 21.3 18.5 18.6 17.9 17.4
19.2 16.2 17.7 18.0 15.3 15.2
18.4 17.2 17.5 16.3 16.4 14.9
18.7 16.4 18.9 18.8 15.5 15.7
16.8 17.7 16.4 16.0 17.3 13.0
17.1 18.8 18.0 18.9 14.6 15.1
19.7 16.1 18.8 17.6 14.1 16.9
17.6 17.0 18.1 16.3 15.8 14.4
17.3 17.4 18.9 16.5 15.0 15.0
19.8 16.8 17.4 16.8 15.9 16.6
17.9 16.9 18.2 16.4 15.1 14.7
19.1 17.1 17.8 16.8 15.3 15.9
17.6 18.2 19.3 17.8 14.6 15.0
17.5 16.8 17.0 17.1 14.8 14.8
18.7 16.5 18.2 18.7 15.2 15.3
16.8 16.8 16.9 18.0 15.0 14.7
18.3 17.3 17.9 16.7 15.1 15.3
18.1 17.6 18.3 16.2 14.6 15.3
19.0 16.4 18.3 17.9 13.8 16.2
17.8 18.8 17.1 17.8 13.8 15.1
16.2 17.1 17.3 16.1 17.3 13.2
19.3 16.4 18.2 18.0 15.1 16.0
17.8 17.9 18.6 16.8 15.2 14.4
18.9 17.4 17.6 17.0 16.0 14.9
20.4 16.9 17.6 16.8 15.9 16.2
15.9 17.2 18.4 16.8 18.0 13.7
19.3 16.3 17.9 17.7 15.2 16.6
16.3 17.8 19.1 17.6 15.0 14.3
18.4 18.0 18.1 19.8 13.8 16.1
17.6 17.3 19.0 16.5 14.4 15.2
18.5 17.3 17.8 17.3 14.9 13.9
16.5 18.0 17.2 15.8 16.8 12.1
17.9 17.5 17.8 20.1 13.4 16.1
18.6 17.4 17.9 16.3 15.0 15.2
17.8 17.0 18.0 16.4 16.3 14.8
16.3 19.9 15.5 16.7 18.6 16.2
19.0 16.9 17.3 16.3 16.1 15.3
17.0 18.3 18.4 17.3 15.1 15.1
15.8 17.9 17.0 16.3 17.6 12.5
18.7 17.5 18.0 19.6 13.9 15.8
16.2 20.7 17.8 18.5 17.2 18.3
19.1 17.4 17.2 16.4 14.8 15.3
18.0 18.0 17.0 17.0 15.1 14.2
18.6 17.6 16.9 16.2 15.6 14.4
16.3 18.8 15.1 17.3 18.6 16.0
17.9 17.8 18.9 17.4 14.4 15.3
19.3 16.6 17.7 17.5 13.2 16.6
18.0 18.1 17.5 16.9 14.7 15.0
18.8 16.6 18.4 17.5 14.5 16.7
18.8 17.9 17.6 19.4 13.7 15.7
17.4 17.5 17.7 17.3 15.2 14.7
18.2 18.2 18.2 19.7 13.5 15.5
18.8 16.5 17.5 17.8 15.2 15.6
16.2 17.8 16.7 15.8 17.3 13.0
16.9 18.3 19.1 17.8 14.5 14.7
17.4 18.0 19.2 16.6 14.7 15.1
17.7 16.2 19.3 18.6 15.4 15.1
15.7 20.7 18.5 18.3 17.4 18.2
19.1 16.9 17.4 16.9 15.4 16.2
17.8 18.1 18.4 16.2 15.0 14.8
17.8 18.4 17.3 16.4 15.0 14.8
18.2 17.9 18.9 17.0 14.3 15.2
16.8 17.2 17.4 15.5 16.6 12.9
19.0 17.6 17.6 16.8 14.9 15.3
17.8 17.8 17.5 17.4 15.7 13.8
17.4 17.2 18.5 17.4 15.7 14.4
17.8 17.7 18.6 17.2 14.7 15.0
21.2 17.3 16.4 16.6 14.9 16.4
19.5 16.4 18.2 18.4 15.2 15.7
19.1 16.1 18.3 18.3 15.1 16.7
15.1 19.8 15.7 16.9 18.4 15.4
17.7 17.0 17.1 17.2 14.8 14.7
16.9 17.8 18.3 17.1 16.3 14.2
15.7 18.6 18.8 16.1 18.2 13.0
17.4 17.8 18.5 16.9 14.7 14.5
17.5 17.9 18.3 17.2 15.2 14.1
18.6 17.6 17.6 16.6 15.4 15.5
17.4 18.3 18.3 16.9 15.2 14.8
17.5 17.5 18.8 16.5 15.5 15.3
16.2 18.3 19.1 17.6 15.5 15.1
17.3 17.6 19.0 16.5 14.9 15.3
18.5 16.4 18.1 18.5 15.7 15.9
18.7 17.5 17.3 16.9 15.5 14.5
17.1 17.9 18.5 17.5 14.4 15.2
19.7 16.4 17.2 17.9 15.4 15.3
16.2 17.8 19.9 17.1 15.2 14.4
17.3 18.7 19.0 17.0 14.5 14.6
17.7 18.1 17.6 16.6 15.4 14.5
16.3 17.1 16.6 15.8 18.0 12.7
17.9 16.4 18.9 19.0 15.5 15.3
18.0 17.2 18.2 15.9 15.6 14.6
18.8 16.8 18.2 18.7 13.6 16.3
18.4 17.9 18.1 17.1 14.7 15.1
16.3 17.6 16.5 15.7 17.7 12.4
19.0 17.9 16.9 19.9 13.5 15.6
17.7 17.6 18.2 16.7 15.4 14.8
19.4 17.5 16.1 19.6 14.3 15.1
17.4 18.3 17.5 17.9 15.4 14.0
17.0 17.8 19.2 16.8 14.9 14.4
17.2 18.4 19.1 17.4 14.4 14.6
18.9 17.2 18.4 17.5 14.1 16.0
17.9 17.6 18.0 16.7 15.9 14.6
19.4 16.5 18.3 17.5 14.6 16.7
19.1 16.1 18.4 18.1 15.6 15.6
18.8 16.6 16.8 16.7 16.1 15.7
18.6 16.9 18.0 16.2 16.3 15.2
17.6 17.7 19.0 16.1 14.8 15.2
16.9 17.7 16.6 15.1 17.0 12.0
17.5 18.2 18.3 17.5 14.9 14.3
17.4 18.3 17.7 17.5 15.0 15.2
19.0 16.8 17.9 17.0 13.9 17.1
17.9 17.4 16.9 17.3 15.3 14.0
17.6 17.9 17.8 17.6 14.2 15.3
16.6 17.7 19.9 17.4 15.2 14.9
15.9 20.9 17.3 18.1 17.5 18.1
17.8 16.6 16.8 17.6 14.0 14.3
18.9 16.5 18.8 19.1 13.5 16.5
18.2 19.0 18.2 16.5 14.6 15.1
19.0 17.2 17.1 17.4 14.8 14.0
18.8 16.8 17.4 17.3 14.6 15.7
19.7 16.1 17.5 17.4 15.4 16.1
17.1 17.0 18.7 16.7 16.6 14.7
15.5 19.8 15.8 17.5 18.2 15.7
16.7 17.6 18.9 17.6 15.8 15.4
17.1 17.4 17.6 17.6 15.6 13.9
19.1 17.7 18.0 18.7 13.8 16.9
17.2 17.8 18.7 16.0 16.0 15.2
15.5 20.8 17.8 17.9 18.1 17.3
17.7 18.3 18.4 17.5 14.2 14.7
17.4 17.4 17.6 17.2 15.5 13.8
17.3 17.4 18.4 16.6 15.6 13.9
16.7 16.9 18.0 17.8 14.9 14.2
17.9 18.5 17.7 16.9 14.4 15.2
17.5 18.3 18.3 18.1 14.6 14.3
20.1 16.6 17.2 17.3 15.1 16.0
15.1 21.1 18.3 18.5 18.0 17.4
19.5 17.2 16.7 19.8 13.9 16.0
15.6 21.3 16.8 18.7 18.1 17.2
19.6 16.5 17.4 18.4 15.2 15.8
17.0 18.1 19.1 16.5 15.3 14.8
17.2 18.2 18.3 18.6 14.7 14.4
17.8 17.4 17.7 16.8 15.4 14.0
